      Assignment         w1         w2         w3        S/N  

            ?-?-?     61.311    114.084      7.868         89 
            ?-?-?     54.366    122.168      8.737        132 
            ?-?-?     47.093    113.651      7.902        198 
            ?-?-?     48.985    113.660      7.900         74 
            ?-?-?     31.279    122.166      9.019       1080 
            ?-?-?     55.339    122.157      9.013        757 
            ?-?-?     50.245    122.792      8.741         93 
            ?-?-?     48.897    122.192      8.278         56 
            ?-?-?     50.606    122.265      8.278        133 
            ?-?-?     40.078    123.213      8.611        100 
            ?-?-?     62.467    115.828      7.652         60 
            ?-?-?     63.326    115.840      7.652        134 
            ?-?-?     43.723    115.966      9.031         68 
            ?-?-?     33.143    115.759      9.044         52 
            ?-?-?     62.369    132.082      9.398        602 
            ?-?-?     32.615    132.082      9.398        271 
            ?-?-?     54.603    119.351      8.144         69 
            ?-?-?     59.858    128.911      9.300         63 
            ?-?-?     32.626    131.961      9.398        243 
            ?-?-?     62.370    131.961      9.398        525 
            ?-?-?     47.258    120.104      9.553         67 
            ?-?-?     52.554    127.720      8.935        102 
            ?-?-?     39.630    121.391      8.292        123 
            ?-?-?     41.034    121.469      8.284         67 
            ?-?-?     39.606    121.491      8.979         57 
            ?-?-?     49.821    113.397      7.396        102 
            ?-?-?     54.597    121.444      8.977        151 
            ?-?-?     60.224    117.806      8.549         66 
       M1CA-S2N-H     55.375    116.365      8.153        744 
       M1CB-S2N-H     32.728    116.363      8.153        444 
       S2CA-E3N-H     58.483    122.302      8.279       1280 
       S2CB-E3N-H     63.767    122.324      8.279       3170 
       E3CA-Y4N-H     55.875    119.490      8.142        869 
       E3CB-Y4N-H     31.232    119.458      8.143        844 
       Y4CA-I5N-H     56.594    116.279      8.933        615 
       Y4CB-I5N-H     41.104    116.271      8.933        751 
       I5CA-R6N-H     59.384    123.402      8.655        656 
       I5CB-R6N-H     40.446    123.330      8.657        315 
       R6CA-V7N-H     55.355    122.055      9.019        620 
       R6CB-V7N-H     31.322    122.055      9.014        904 
       V7CA-T8N-H     59.768    117.969      8.678       1206 
       V7CB-T8N-H     35.519    117.966      8.678        675 
       T8CA-E9N-H     57.927    122.672      8.741        808 
       T8CB-E9N-H     71.622    122.675      8.740       1056 
      E9CA-D10N-H     57.335    119.422      7.977       1612 
      E9CB-D10N-H     30.887    119.424      7.977       1631 
     D10CA-E11N-H     53.484    126.211      9.252       1247 
     D10CB-E11N-H     44.626    126.210      9.253       2099 
     E11CA-N12N-H     59.619    117.016      9.069       2280 
     E11CB-N12N-H     29.923    117.017      9.068       1931 
     N12CA-D13N-H     53.955    121.160      8.052       1735 
     N12CB-D13N-H     39.266    121.152      8.053       3580 
     D13CA-E14N-H     53.085    123.154      8.609       1550 
     D13CB-E14N-H     42.271    123.147      8.609       3047 
     P15CA-I16N-H     62.319    118.731      9.209        952 
     P15CB-I16N-H     33.710    118.739      9.209        871 
     I16CA-E17N-H     59.532    121.754      8.256        482 
     I16CB-E17N-H     40.474    121.794      8.257        266 
     E17CA-I18N-H     55.465    123.850      9.286        430 
     E17CB-I18N-H     30.346    123.859      9.287        333 
     P19CA-S20N-H     62.644    114.171      7.867        887 
     P19CB-S20N-H     32.361    114.170      7.868        755 
     S20CA-E21N-H     56.274    118.314      9.301        558 
     S20CB-E21N-H     65.499    118.314      9.301       1208 
     E21CA-D22N-H     54.809    122.379      9.027       1124 
     E21CB-D22N-H     30.947    122.358      9.026       1005 
     D22CA-D23N-H     57.115    115.566      7.623       1714 
     D22CB-D23N-H     40.188    115.570      7.624       2962 
     D23CA-G24N-H     52.931    107.943      8.234       1003 
     D23CB-G24N-H     40.084    107.939      8.234       2441 
     G24CA-T25N-H     45.804    113.577      7.903       3039 
     T25CA-V26N-H     61.596    117.675      8.547        917 
     T25CB-V26N-H     71.127    117.683      8.548        969 
     V26CA-L27N-H     61.013    125.875      8.526        987 
     V26CB-L27N-H     35.335    125.882      8.526        578 
     L27CA-L28N-H     54.980    125.472      8.700       1084 
     L27CB-L28N-H     40.575    125.468      8.701        922 
     L28CA-S29N-H     58.127    112.592      8.735       1629 
     L28CB-S29N-H     41.066    112.592      8.735       1396 
     S29CA-T30N-H     60.364    121.489      7.511        656 
     S29CB-T30N-H     61.855    121.496      7.510       1773 
     T30CA-V31N-H     65.215    120.945      7.294        492 
     T30CB-V31N-H     67.549    120.929      7.295        688 
     V31CA-T32N-H     66.741    112.619      9.231        891 
     V31CB-T32N-H     31.790    112.617      9.231        315 
     T32CA-A33N-H     64.164    122.185      7.308        832 
     T32CB-A33N-H     68.790    122.191      7.308        982 
     A33CA-Q34N-H     54.504    112.713      6.890        670 
     A33CB-Q34N-H     18.225    112.715      6.890        589 
     Q34CA-F35N-H     55.182    118.013      8.315        891 
     Q34CB-F35N-H     29.585    118.009      8.314        663 
     P36CA-G37N-H     64.385    111.101      8.785       1295 
     P36CB-G37N-H     31.385    111.101      8.785       1076 
     G37CA-A38N-H     44.839    122.562      8.040       3302 
     A38CA-C39N-H     53.224    112.548      9.054       1189 
     A38CB-C39N-H     20.309    112.544      9.054       1681 
     C39CA-G40N-H     55.749    107.462      7.408        592 
     C39CB-G40N-H     30.219    107.465      7.408       1078 
     G40CA-L41N-H     45.001    118.271      8.922        789 
     L41CA-R42N-H     53.498    120.047      9.555        818 
     L41CB-R42N-H     48.584    120.058      9.554        776 
     R42CA-Y43N-H     54.261    115.867      9.032       1253 
     R42CB-Y43N-H     34.411    115.891      9.032       1104 
     Y43CA-R44N-H     55.954    121.353      8.978       1622 
     Y43CB-R44N-H     41.012    121.363      8.978       1632 
     R44CA-N45N-H     55.013    127.552      8.820        851 
     R44CB-N45N-H     31.150    127.547      8.820        936 
     P46CA-V47N-H     64.695    115.817      7.651       1857 
     P46CB-V47N-H     32.367    115.798      7.651       1412 
     V47CA-E48N-H     64.185    118.283      7.724       1111 
     V47CB-E48N-H     31.759    118.259      7.725        431 
     E48CA-Q49N-H     56.067    114.367      8.296       1173 
     E48CB-Q49N-H     31.996    114.361      8.296        799 
     Q49CA-C50N-H     56.604    113.193      7.395       1673 
     Q49CB-C50N-H     26.775    113.200      7.395       1820 
     C50CA-M51N-H     55.478    120.489      8.599        681 
     C50CB-M51N-H     30.255    120.483      8.599       1137 
     M51CA-R52N-H     54.205    123.447      8.995        930 
     M51CB-R52N-H     32.344    123.424      8.991        293 
     R52CA-G53N-H     53.534    106.414      8.505        449 
     R52CB-G53N-H     33.678    106.403      8.505        488 
     R55CA-L56N-H     58.368    129.453      8.176        181 
     R55CB-L56N-H     31.065    129.476      8.179        168 
     L56CA-V57N-H     53.621    127.806      9.290        224 
     L56CB-V57N-H     44.277    127.815      9.288        289 
     V57CA-E58N-H     61.263    128.216      9.552        916 
     V57CB-E58N-H     34.700    128.215      9.553        554 
     E58CA-G59N-H     57.114    102.618      8.323       1186 
     E58CB-G59N-H     27.758    102.617      8.323       1676 
     G59CA-I60N-H     46.036    123.886      8.179       3456 
     I60CA-L61N-H     61.190    128.831      9.303       1021 
     I60CB-L61N-H     38.604    128.836      9.303        557 
     L61CA-H62N-H     54.027    121.024      8.441        480 
     L61CB-H62N-H     41.905    121.048      8.436        397 
     H62CA-A63N-H     54.615    125.433      8.395       1227 
     H62CB-A63N-H     32.834    125.430      8.394       1278 
     P64CA-D65N-H     62.066    122.233      8.441       1127 
     P64CB-D65N-H     32.346    122.221      8.441        820 
     D65CA-A66N-H     57.569    118.475      8.048       1581 
     D65CB-A66N-H     40.168    118.470      8.048       2535 
     A66CA-G67N-H     52.713    108.084      7.923       2096 
     A66CB-G67N-H     18.728    108.084      7.923       3233 
     G67CA-W68N-H     43.342    120.046      8.529       3163 
     W68CA-G69N-H     58.719    103.280      8.595        975 
     W68CB-G69N-H     30.915    103.271      8.595        811 
     G69CA-N70N-H     46.133    119.883      8.727       1306 
     N70CA-L71N-H     52.052    118.124      6.934        667 
     N70CB-L71N-H     38.428    118.123      6.934       3019 
     L71CA-V72N-H     54.799    118.264      7.813       1570 
     L71CB-V72N-H     41.799    118.261      7.813       1340 
     V72CA-Y73N-H     62.275    127.788      8.934       1194 
     V72CB-Y73N-H     32.111    127.794      8.934        674 
     Y73CA-V74N-H     57.961    122.756      9.480       1004 
     Y73CB-V74N-H     40.599    122.753      9.480       1315 
     V74CA-V75N-H     59.877    123.545      7.942        519 
     V74CB-V75N-H     33.358    123.556      7.942        269 
     V75CA-N76N-H     63.238    122.467      7.797        459 
     V75CB-N76N-H     32.679    122.472      7.797        309 
     N76CA-Y77N-H     50.751    122.017      8.621        364 
     N76CB-Y77N-H     40.286    122.081      8.609        997 
     P78CA-K79N-H     63.730    121.211      8.280        777 
     P78CB-K79N-H     31.877    121.235      8.275        694 
     K79CA-D80N-H     55.815    127.165      7.954       3446 
     K79CB-D80N-H     33.351    127.165      7.953       3495 
