      Assignment         w1         w2         w3        S/N  

        A63CB-N-H     16.049    125.434      8.395        901 
     A33CB-Q34N-H     18.296    112.683      6.890         63 
        A33CB-N-H     18.308    122.186      7.308        723 
     A66CB-G67N-H     18.781    108.069      7.925        222 
        A66CB-N-H     18.802    118.463      8.049       1147 
            ?-?-?     19.807    118.547      8.048         52 
        A38CB-N-H     20.372    122.547      8.040       1239 
            ?-?-?     20.375    112.542      9.054        397 
            ?-?-?     26.568    114.795      6.956        253 
        Q49CB-N-H     26.821    114.345      8.297        435 
     Q49CB-C50N-H     26.824    113.223      7.397        125 
            ?-?-?     27.541    115.471      7.837        422 
     E58CB-G59N-H     27.871    102.620      8.325        294 
        E58CB-N-H     27.873    128.211      9.553        603 
            ?-?-?     27.940    115.825      7.205        775 
            ?-?-?     29.540    119.970      8.531         50 
     Q34CB-F35N-H     29.766    117.987      8.314        136 
        Q34CB-N-H     29.773    112.665      6.892        122 
        E14CB-N-H     29.880    123.142      8.609       1062 
        E11CB-N-H     30.033    126.204      9.254        640 
     E11CB-N12N-H     30.038    116.988      9.069        361 
     H-2CB-M-1N-H     30.151    122.075      8.737        299 
        C39CB-N-H     30.308    112.546      9.055        594 
     C50CB-M51N-H     30.325    120.451      8.598        204 
        E17CB-N-H     30.339    121.757      8.264        119 
        C50CB-N-H     30.360    113.185      7.397       1341 
     E17CB-I18N-H     30.461    123.882      9.285        115 
            ?-?-?     30.676    121.508      8.263         41 
         E9CB-N-H     30.938    122.692      8.741        517 
        W68CB-N-H     30.946    120.024      8.530        656 
     W68CB-G69N-H     30.955    103.287      8.596        162 
      E9CB-D10N-H     30.957    119.406      7.978        236 
        E21CB-N-H     30.966    118.315      9.301        501 
     R55CB-L56N-H     30.996    129.484      8.172         25 
     E21CB-D22N-H     31.090    122.361      9.028        382 
        R55CB-N-H     31.140    132.098      9.398        486 
        R44CB-N-H     31.219    121.331      8.977        717 
            ?-?-?     31.227    119.464      8.146        143 
     R44CB-N45N-H     31.230    127.531      8.820        249 
         E3CB-N-H     31.263    122.338      8.278        867 
       R6CB-V7N-H     31.371    122.058      9.020        357 
     P36CB-G37N-H     31.489    111.101      8.785        341 
         R6CB-N-H     31.506    123.399      8.656        247 
            ?-?-?     31.672    121.248      8.275        100 
            ?-?-?     31.676    120.374      8.587         44 
     V31CB-T32N-H     31.914    112.612      9.231        115 
        V31CB-N-H     31.921    120.936      7.296        330 
        E48CB-N-H     32.057    118.276      7.725        506 
     E48CB-Q49N-H     32.077    114.364      8.296        166 
        V47CB-N-H     32.079    115.794      7.652        749 
        V72CB-N-H     32.211    118.269      7.812        742 
            ?-?-?     32.226    121.040      8.274        104 
     V72CB-Y73N-H     32.277    127.783      8.935        288 
     P64CB-D65N-H     32.373    122.246      8.442        245 
     P19CB-S20N-H     32.503    114.173      7.867        162 
     V75CB-N76N-H     32.665    122.447      7.800         59 
        M-1CB-N-H     32.732    122.075      8.737        261 
        M51CB-N-H     32.806    120.531      8.594         90 
     V54CB-R55N-H     32.833    132.086      9.397        232 
        H62CB-N-H     32.873    121.048      8.433        154 
     H62CB-A63N-H     32.875    125.448      8.395        327 
         M1CB-N-H     32.875    120.573      8.470        908 
            ?-?-?     32.887    116.421      8.149         54 
        V75CB-N-H     33.044    123.536      7.943        126 
     K79CB-D80N-H     33.325    127.159      7.954        702 
        K79CB-N-H     33.369    121.178      8.274        284 
        V74CB-N-H     33.472    122.745      9.481        470 
     R52CB-G53N-H     33.766    106.403      8.506        115 
     P15CB-I16N-H     33.782    118.713      9.209        222 
        R52CB-N-H     33.783    123.472      8.995        464 
     R42CB-Y43N-H     34.459    115.871      9.032        255 
        R42CB-N-H     34.524    120.047      9.555        639 
     V57CB-E58N-H     34.836    128.195      9.554        321 
        V57CB-N-H     34.855    127.808      9.288        406 
     V26CB-L27N-H     35.472    125.864      8.526        230 
        V26CB-N-H     35.479    117.673      8.548        491 
         V7CB-N-H     35.643    122.058      9.015        388 
       V7CB-T8N-H     35.665    117.954      8.678        261 
     N70CB-L71N-H     38.413    118.095      6.935        153 
        N70CB-N-H     38.496    119.849      8.728        141 
        I60CB-N-H     38.751    123.886      8.180        728 
     I60CB-L61N-H     38.830    128.836      9.303        354 
        I18CB-N-H     39.067    123.857      9.289        164 
        N12CB-N-H     39.285    117.012      9.069       1407 
     N12CB-D13N-H     39.309    121.114      8.054        353 
        F35CB-N-H     39.324    118.011      8.315        446 
        N45CB-N-H     39.441    127.552      8.821        516 
        Y77CB-N-H     39.799    122.031      8.616        197 
        D23CB-N-H     40.163    115.562      7.625       1445 
     D23CB-G24N-H     40.192    107.937      8.234        307 
     D65CB-A66N-H     40.209    118.450      8.049        303 
        D65CB-N-H     40.231    122.256      8.442        441 
        D22CB-N-H     40.289    122.361      9.026        816 
        N76CB-N-H     40.296    122.473      7.798        344 
            ?-?-?     40.586    121.885      8.248         50 
        I16CB-N-H     40.615    118.733      9.210        393 
            ?-?-?     40.617    121.663      8.265         59 
     I16CB-E17N-H     40.618    121.757      8.252         54 
     Y73CB-V74N-H     40.634    122.743      9.480        320 
       I5CB-R6N-H     40.643    123.429      8.654        154 
        L27CB-N-H     40.679    125.861      8.527        607 
        Y73CB-N-H     40.685    127.798      8.935        634 
         I5CB-N-H     40.792    116.230      8.933        424 
            ?-?-?     40.866    122.311      8.620         51 
        L28CB-N-H     40.954    125.477      8.701        759 
        Y43CB-N-H     41.130    115.889      9.032        938 
         Y4CB-N-H     41.192    119.462      8.144        415 
     Y43CB-R44N-H     41.196    121.330      8.978        358 
     L28CB-S29N-H     41.204    112.600      8.735        246 
            ?-?-?     41.731    120.982      8.437         89 
     L71CB-V72N-H     41.799    118.261      7.813        419 
        L71CB-N-H     41.826    118.118      6.935        900 
     L61CB-H62N-H     41.838    121.048      8.434         87 
            ?-?-?     41.882    121.180      8.441         83 
        L61CB-N-H     42.039    128.837      9.302        528 
            ?-?-?     42.186    122.057      8.438         46 
        D80CB-N-H     42.216    127.157      7.954       2350 
     D13CB-E14N-H     42.294    123.125      8.609        711 
        D13CB-N-H     42.307    121.147      8.054       1347 
            ?-?-?     42.892    122.136      8.280         43 
            ?-?-?     43.182    115.477      7.837        388 
        G67CA-N-H     43.413    108.070      7.924       2177 
     G67CA-W68N-H     43.414    120.025      8.529        929 
            ?-?-?     43.807    114.794      6.956        285 
            ?-?-?     44.045    120.692      8.470         45 
            ?-?-?     44.112    115.831      7.204        871 
        L56CB-N-H     44.281    129.506      8.182         26 
     L56CB-V57N-H     44.349    127.812      9.287        280 
     D10CB-E11N-H     44.687    126.206      9.253        420 
        D10CB-N-H     44.700    119.421      7.977       1110 
        G53CA-N-H     44.841    106.403      8.504        558 
     G37CA-A38N-H     44.949    122.546      8.040        382 
        G37CA-N-H     44.978    111.092      8.786        965 
     G40CA-L41N-H     45.092    118.310      8.924         92 
        G40CA-N-H     45.107    107.474      7.409        702 
        G24CA-N-H     45.859    107.942      8.235       1558 
     G24CA-T25N-H     45.892    113.571      7.905        275 
            ?-?-?     45.939    111.014      8.786         68 
        G59CA-N-H     46.054    102.611      8.325       1519 
     G59CA-I60N-H     46.094    123.883      8.180        352 
     G69CA-N70N-H     46.139    119.859      8.728        209 
        G69CA-N-H     46.161    103.267      8.595       1781 
     L41CB-R42N-H     48.629    120.026      9.554        245 
        L41CB-N-H     48.725    118.323      8.925         94 
        A63CA-N-H     50.055    125.427      8.395       1002 
        N45CA-N-H     50.831    127.548      8.820        396 
     N76CA-Y77N-H     50.881    122.076      8.628         67 
        N76CA-N-H     50.916    122.474      7.798        246 
            ?-?-?     50.933    122.136      8.608         78 
            ?-?-?     52.160    122.416      8.038         67 
            ?-?-?     52.329    122.321      8.610         40 
     N70CA-L71N-H     52.377    118.095      6.934        111 
        N70CA-N-H     52.392    119.864      8.729         78 
     A66CA-G67N-H     52.694    108.077      7.922        177 
        A66CA-N-H     52.769    118.472      8.049        984 
     D23CA-G24N-H     52.942    107.948      8.234        163 
        D23CA-N-H     53.000    115.559      7.625        725 
        D13CA-N-H     53.186    121.147      8.055        982 
     D13CA-E14N-H     53.197    123.155      8.611        448 
            ?-?-?     53.272    117.130      9.069         76 
     A38CA-C39N-H     53.313    112.538      9.054        379 
        A38CA-N-H     53.316    122.555      8.040       1248 
            ?-?-?     53.322    120.324      8.590         40 
     L56CA-V57N-H     53.689    127.795      9.290        299 
        L41CA-N-H     53.728    118.324      8.927         91 
     D10CA-E11N-H     53.741    126.193      9.254        438 
        D10CA-N-H     53.742    119.415      7.977       1041 
        L56CA-N-H     53.789    129.471      8.163         29 
            ?-?-?     53.797    121.223      8.984         42 
     R52CA-G53N-H     53.813    106.397      8.505        127 
        R52CA-N-H     53.996    123.464      8.997        602 
            ?-?-?     54.254    122.211      8.280         54 
        N12CA-N-H     54.309    117.017      9.070       1117 
        L61CA-N-H     54.344    128.850      9.303        545 
            ?-?-?     54.363    122.399      8.040         63 
        R42CA-N-H     54.466    120.047      9.555        773 
        E14CA-N-H     54.551    123.118      8.609       1287 
        M51CA-N-H     54.605    120.503      8.603        363 
            ?-?-?     54.687    120.582      8.598        375 
        A33CA-N-H     54.689    122.198      7.308        834 
        H62CA-N-H     54.699    121.048      8.431        251 
     H62CA-A63N-H     54.764    125.447      8.395        399 
            ?-?-?     54.783    120.925      8.436        305 
     R42CA-Y43N-H     54.807    115.885      9.031        191 
        E21CA-N-H     54.861    118.292      9.301        625 
     L71CA-V72N-H     54.870    118.246      7.812        451 
     E21CA-D22N-H     54.887    122.361      9.028        356 
        L71CA-N-H     54.911    118.125      6.935        992 
        F35CA-N-H     55.005    118.016      8.315        452 
        R44CA-N-H     55.054    121.298      8.980        744 
     R44CA-N45N-H     55.080    127.540      8.821        228 
        L27CA-N-H     55.084    125.871      8.526        728 
            ?-?-?     55.093    119.491      7.981         47 
        Q34CA-N-H     55.110    112.685      6.891        187 
     L27CA-L28N-H     55.124    125.477      8.699        395 
       R6CA-V7N-H     55.356    122.058      9.024        309 
       M1CA-S2N-H     55.473    116.323      8.156         83 
            ?-?-?     55.562    117.076      9.069         71 
            ?-?-?     55.619    120.433      8.606        192 
            ?-?-?     55.632    122.965      8.631         55 
         M1CA-N-H     55.653    120.519      8.471       1508 
        C50CA-N-H     55.708    113.181      7.396       1190 
            ?-?-?     55.834    121.877      8.621         62 
        E17CA-N-H     55.873    121.757      8.249        100 
        I18CA-N-H     55.892    123.856      9.286        267 
         R6CA-N-H     55.967    123.391      8.656        261 
        K79CA-N-H     56.033    121.233      8.276        341 
        M-1CA-N-H     56.061    122.075      8.740        943 
        C39CA-N-H     56.069    112.529      9.055        390 
            ?-?-?     56.095    120.680      8.607        101 
         E3CA-N-H     56.176    122.335      8.279        935 
        D80CA-N-H     56.185    127.161      7.954       2771 
     Y43CA-R44N-H     56.279    121.314      8.980        515 
        Y43CA-N-H     56.359    115.878      9.032       1218 
        E48CA-N-H     56.435    118.266      7.726        529 
     S20CA-E21N-H     56.436    118.320      9.298        155 
            ?-?-?     56.445    123.078      8.631        127 
        Y77CA-N-H     56.624    122.070      8.624        310 
        S20CA-N-H     56.646    114.160      7.868        386 
            ?-?-?     56.665    121.948      8.622        350 
        Q49CA-N-H     56.709    114.358      8.296        488 
         Y4CA-N-H     56.742    119.453      8.143        555 
       Y4CA-I5N-H     56.844    116.229      8.933        189 
            ?-?-?     56.881    120.614      8.481         42 
            ?-?-?     57.148    120.223      8.523         52 
     E58CA-G59N-H     57.219    102.629      8.324        211 
        E58CA-N-H     57.256    128.207      9.553        413 
        D22CA-N-H     57.328    122.361      9.028        625 
            ?-?-?     57.332    122.474      9.029        625 
      E9CA-D10N-H     57.398    119.401      7.977        216 
            ?-?-?     57.437    125.377      8.702         59 
            ?-?-?     57.483    121.282      8.979         45 
            ?-?-?     57.484    121.962      8.627         87 
            ?-?-?     57.515    125.585      8.690         51 
         E9CA-N-H     57.572    122.717      8.740        595 
     D65CA-A66N-H     57.694    118.418      8.050        261 
        D65CA-N-H     57.694    122.236      8.443        456 
            ?-?-?     57.771    132.187      9.398         64 
         T8CA-N-H     58.133    117.971      8.678        689 
            ?-?-?     58.147    121.934      8.626         58 
     Y73CA-V74N-H     58.220    122.726      9.480        335 
        Y73CA-N-H     58.273    127.790      8.935        764 
     L28CA-S29N-H     58.387    112.628      8.737        266 
        L28CA-N-H     58.478    125.468      8.700        643 
        R55CA-N-H     58.744    132.108      9.398        558 
     R55CA-L56N-H     58.746    129.430      8.177         24 
            ?-?-?     58.761    122.297      9.031         88 
         S2CA-N-H     58.804    116.384      8.152        171 
       S2CA-E3N-H     58.875    122.328      8.279        276 
        W68CA-N-H     59.028    120.051      8.530        820 
     W68CA-G69N-H     59.030    103.282      8.595        202 
       I5CA-R6N-H     59.497    123.446      8.655        212 
         I5CA-N-H     59.531    116.241      8.933        420 
        I16CA-N-H     59.595    118.740      9.209        486 
     I16CA-E17N-H     59.675    121.757      8.256         62 
            ?-?-?     59.723    125.384      8.702         45 
     E11CA-N12N-H     59.747    116.996      9.069        350 
        E11CA-N-H     59.747    126.208      9.254        725 
     V74CA-V75N-H     59.944    123.533      7.944         56 
         V7CA-N-H     59.956    122.058      9.016        546 
       V7CA-T8N-H     60.003    117.959      8.679        256 
        V74CA-N-H     60.115    122.747      9.480        508 
            ?-?-?     60.466    123.961      8.178         48 
        S29CA-N-H     60.621    112.570      8.733        501 
     S29CA-T30N-H     60.665    121.466      7.511        140 
            ?-?-?     60.757    113.336      7.901         40 
            ?-?-?     60.782    113.426      7.885         48 
            ?-?-?     61.194    120.163      8.532         41 
     V26CA-L27N-H     61.329    125.889      8.527        253 
        V26CA-N-H     61.444    117.664      8.548        758 
     I60CA-L61N-H     61.482    128.839      9.301        388 
        I60CA-N-H     61.484    123.892      8.180        888 
        V57CA-N-H     61.497    127.786      9.290        490 
     V57CA-E58N-H     61.517    128.198      9.554        299 
     S29CB-T30N-H     61.661    121.486      7.511        247 
        T25CA-N-H     61.737    113.548      7.904        929 
        S29CB-N-H     61.808    112.585      8.737       1150 
     P64CA-D65N-H     62.310    122.243      8.443        345 
        V72CA-N-H     62.527    118.257      7.813        674 
     V72CA-Y73N-H     62.550    127.779      8.935        291 
            ?-?-?     62.551    113.429      7.882         44 
     P15CA-I16N-H     62.564    118.726      9.209        277 
     V54CA-R55N-H     62.671    132.087      9.398        294 
            ?-?-?     62.862    112.669      8.746         78 
            ?-?-?     62.883    127.754      9.299         43 
            ?-?-?     62.933    112.800      8.730         81 
     P19CA-S20N-H     63.106    114.170      7.869        231 
            ?-?-?     63.110    113.412      7.897         51 
            ?-?-?     63.252    114.248      7.870        198 
        V75CA-N-H     63.529    123.530      7.946         97 
     V75CA-N76N-H     63.536    122.472      7.798         75 
            ?-?-?     63.785    121.152      8.280        111 
         S2CB-N-H     63.871    116.360      8.153        269 
       S2CB-E3N-H     63.885    122.344      8.277        406 
            ?-?-?     63.957    121.410      8.263         79 
     T32CA-A33N-H     64.304    122.189      7.308        136 
     V47CA-E48N-H     64.350    118.278      7.726        133 
        T32CA-N-H     64.362    112.637      9.231        273 
            ?-?-?     64.458    114.426      7.878         54 
        V47CA-N-H     64.528    115.807      7.652        847 
     P36CA-G37N-H     64.556    111.108      8.786        432 
        T30CA-N-H     65.647    121.522      7.511        322 
     S20CB-E21N-H     65.713    118.297      9.301        254 
            ?-?-?     65.719    121.043      7.298         51 
            ?-?-?     65.735    120.839      7.297         62 
        S20CB-N-H     65.746    114.178      7.869        543 
     V31CA-T32N-H     66.912    112.616      9.232        107 
        V31CA-N-H     66.978    120.910      7.296        465 
        T30CB-N-H     67.805    121.504      7.512        482 
     T32CB-A33N-H     68.947    122.210      7.308        223 
        T32CB-N-H     68.969    112.610      9.231        494 
        T25CB-N-H     71.263    113.580      7.904       1087 
     T25CB-V26N-H     71.285    117.671      8.548        272 
         T8CB-N-H     71.796    117.962      8.678        935 
       T8CB-E9N-H     71.828    122.698      8.740        313 
