    1                      9     125.800     7.046   174.700    52.560    41.710 -9999.000 -9999.000 -9999.000   174.500    44.290 -9999.000 -9999.000 -9999.000 -9999.000
    2                     12     121.600     6.749   175.400    49.410    29.470 -9999.000 -9999.000 -9999.000   173.400    59.290    63.130 -9999.000 -9999.000 -9999.000
    3                     17     124.600     7.436   177.400    57.370    29.710 -9999.000 -9999.000 -9999.000   176.200    55.320    32.090 -9999.000 -9999.000 -9999.000
    4                     19     123.800     7.445   179.300    54.260    18.840 -9999.000 -9999.000 -9999.000   176.100    65.980    68.290 -9999.000 -9999.000 -9999.000
    5                     21     121.400     7.319 -9999.000    58.640    30.520 -9999.000 -9999.000 -9999.000   180.500    59.640    31.120 -9999.000 -9999.000 -9999.000
    6                     23     120.100     7.284   175.700    61.620    31.160 -9999.000 -9999.000 -9999.000   174.000    51.830    38.620 -9999.000 -9999.000 -9999.000
    7                     24     120.000     7.341   177.800    55.850    41.480 -9999.000 -9999.000 -9999.000   177.700    57.400    28.440 -9999.000 -9999.000 -9999.000
    8                     28     117.700     7.300   178.100    58.230    28.770 -9999.000 -9999.000 -9999.000   177.500    59.680    32.260 -9999.000 -9999.000 -9999.000
    9                     31     119.900     6.992   178.400    64.770    30.740 -9999.000 -9999.000 -9999.000   181.300    55.030    17.620 -9999.000 -9999.000 -9999.000
   10                     32     119.100     6.805   178.500    58.150    27.590 -9999.000 -9999.000 -9999.000   179.600    59.650    27.750 -9999.000 -9999.000 -9999.000
   11                     37     117.500     6.934   176.200    55.360    31.780 -9999.000 -9999.000 -9999.000   176.700    64.650    30.510 -9999.000 -9999.000 -9999.000
   12                     47     124.000     7.708   178.000    64.560    37.770 -9999.000 -9999.000 -9999.000   178.800    57.030    39.130 -9999.000 -9999.000 -9999.000
   13                     52     130.000     8.485   178.000    52.510    17.580 -9999.000 -9999.000 -9999.000   176.400    53.640    40.050 -9999.000 -9999.000 -9999.000
   14                     69     129.100     8.733   177.400    57.540    28.670 -9999.000 -9999.000 -9999.000 -9999.000    57.370    29.710 -9999.000 -9999.000 -9999.000
   15                     78     127.600     8.600   181.600    53.980    42.310 -9999.000 -9999.000 -9999.000   176.500    52.490    39.550 -9999.000 -9999.000 -9999.000
   16                     83     126.600     8.621   174.900    59.680    26.970 -9999.000 -9999.000 -9999.000   175.700    61.520    31.200 -9999.000 -9999.000 -9999.000
   17                     84     126.300     8.714   177.100    65.570    30.960 -9999.000 -9999.000 -9999.000   178.100    62.810    31.650 -9999.000 -9999.000 -9999.000
   18                     88     124.600     8.559   176.800    65.310    29.120 -9999.000 -9999.000 -9999.000   181.000    59.160    18.760 -9999.000 -9999.000 -9999.000
   19                     92     122.000     9.122 -9999.000    57.100    39.620 -9999.000 -9999.000 -9999.000   178.600    55.700    37.250 -9999.000 -9999.000 -9999.000
   20                    106     125.400     8.304   179.700    59.150    40.320 -9999.000 -9999.000 -9999.000   177.600    61.570    39.110 -9999.000 -9999.000 -9999.000
   21                    107     125.200     8.113   181.700    58.030    40.480 -9999.000 -9999.000 -9999.000   177.700    53.240    31.250 -9999.000 -9999.000 -9999.000
   22                    110     124.600     8.151   177.100    51.720    18.270 -9999.000 -9999.000 -9999.000   176.600    56.280    29.150 -9999.000 -9999.000 -9999.000
   23                    118     119.500     9.172   179.600    59.660    27.580 -9999.000 -9999.000 -9999.000   177.100    65.550    30.600 -9999.000 -9999.000 -9999.000
   24                    122     121.600     8.732   177.500    59.720    32.230 -9999.000 -9999.000 -9999.000   180.600    56.270    40.550 -9999.000 -9999.000 -9999.000
   25                    123     122.600     8.657   174.900    55.980    37.700 -9999.000 -9999.000 -9999.000   172.700    55.510    64.270 -9999.000 -9999.000 -9999.000
   26                    124     122.700     8.504   181.100    59.100    28.210 -9999.000 -9999.000 -9999.000   179.200    57.390    27.530 -9999.000 -9999.000 -9999.000
   27                    135     120.700     8.797   177.700    54.340    30.410 -9999.000 -9999.000 -9999.000   173.000    55.690    30.390 -9999.000 -9999.000 -9999.000
   28                    147     117.600     8.684   181.300    55.190    17.720 -9999.000 -9999.000 -9999.000   177.300    66.310    31.300 -9999.000 -9999.000 -9999.000
   29                    148     117.500     8.699   178.300    60.020    36.450 -9999.000 -9999.000 -9999.000   178.400    60.020    28.880 -9999.000 -9999.000 -9999.000
   30                    149     116.800     8.779   176.500    51.140    29.020 -9999.000 -9999.000 -9999.000   179.800    61.440    28.880 -9999.000 -9999.000 -9999.000
   31                    150     116.900     8.793 -9999.000    44.890 -9999.000 -9999.000 -9999.000 -9999.000   175.800    58.290    61.580 -9999.000 -9999.000 -9999.000
   32                    152     115.200     8.615   170.600    59.340    63.140 -9999.000 -9999.000 -9999.000   178.000    51.170    17.930 -9999.000 -9999.000 -9999.000
   33                    162     118.200     8.432   179.300    59.230    28.890 -9999.000 -9999.000 -9999.000   178.900    57.390    40.730 -9999.000 -9999.000 -9999.000
   34                    163     118.100     8.361   173.100    57.880    41.300 -9999.000 -9999.000 -9999.000   177.600    66.280    36.900 -9999.000 -9999.000 -9999.000
   35                    167     119.600     8.587   177.800    67.040    30.150 -9999.000 -9999.000 -9999.000   178.000    64.470    37.770 -9999.000 -9999.000 -9999.000
   36                    171     119.900     8.522   176.900    58.250    30.910 -9999.000 -9999.000 -9999.000   177.700    54.350    30.340 -9999.000 -9999.000 -9999.000
   37                    178     113.800     8.417   177.500    66.000    68.390 -9999.000 -9999.000 -9999.000   178.800    58.070    41.160 -9999.000 -9999.000 -9999.000
   38                    189     114.500     8.026   177.100    61.280    61.880 -9999.000 -9999.000 -9999.000   177.800    67.000    30.070 -9999.000 -9999.000 -9999.000
   39                    192     113.600     7.881   171.500    55.510    64.420 -9999.000 -9999.000 -9999.000   177.300    57.800    32.180 -9999.000 -9999.000 -9999.000
   40                    193     113.500     7.766   172.100    64.670    30.410 -9999.000 -9999.000 -9999.000   178.300    57.990    28.180 -9999.000 -9999.000 -9999.000
   41                    220     111.900     6.952   174.000    51.970    38.450 -9999.000 -9999.000 -9999.000   176.300    57.470    26.870 -9999.000 -9999.000 -9999.000
   42                    242     112.800     7.409   178.000    62.070    27.760 -9999.000 -9999.000 -9999.000   180.200    62.110    27.820 -9999.000 -9999.000 -9999.000
   43                    245     120.600     7.499   176.400    53.670    40.020 -9999.000 -9999.000 -9999.000   175.500    53.400    38.820 -9999.000 -9999.000 -9999.000
   44                    247     121.500     7.563   176.300    57.370    26.960 -9999.000 -9999.000 -9999.000   178.000    55.620    39.030 -9999.000 -9999.000 -9999.000
   45                    252     122.800     7.536   178.200    57.990    28.870 -9999.000 -9999.000 -9999.000   178.100    59.550    29.440 -9999.000 -9999.000 -9999.000
   46                    254     123.800     7.959   178.200    54.760    16.770 -9999.000 -9999.000 -9999.000   176.200    66.670    67.710 -9999.000 -9999.000 -9999.000
   47                    256     122.700     7.898   181.600    54.730    16.840 -9999.000 -9999.000 -9999.000   176.000    56.500    38.470 -9999.000 -9999.000 -9999.000
   48                    258     123.700     7.784   179.500    58.690    28.540 -9999.000 -9999.000 -9999.000   177.600    61.350    71.350 -9999.000 -9999.000 -9999.000
   49                    261     122.000     7.646   179.900    59.090    28.540 -9999.000 -9999.000 -9999.000   178.300    55.620    36.560 -9999.000 -9999.000 -9999.000
   50                    264     122.400     8.432   177.300    67.150    30.380 -9999.000 -9999.000 -9999.000   181.600    54.760    16.700 -9999.000 -9999.000 -9999.000
   51                    266     122.600     8.432    29.610    55.950    29.320 -9999.000 -9999.000 -9999.000   176.400    55.830    29.600 -9999.000 -9999.000 -9999.000
   52                    270     124.100     8.301   175.800    53.860    40.310 -9999.000 -9999.000 -9999.000   175.800    61.680    31.890 -9999.000 -9999.000 -9999.000
   53                    272     123.900     8.114   176.500    54.640    28.630 -9999.000 -9999.000 -9999.000   174.800    56.150    64.720 -9999.000 -9999.000 -9999.000
   54                    275     123.400     8.149   173.800    53.490    31.320 -9999.000 -9999.000 -9999.000   177.200    51.710    18.270 -9999.000 -9999.000 -9999.000
   55                    302     118.000     8.124   178.100    59.460    29.530 -9999.000 -9999.000 -9999.000   179.600    56.970    39.040 -9999.000 -9999.000 -9999.000
   56                    304     116.800     8.280   174.100    62.360 -9999.000 -9999.000 -9999.000 -9999.000   181.300    55.250 -9999.000 -9999.000 -9999.000 -9999.000
   57                    310     119.200     7.838   175.900    61.670    31.870 -9999.000 -9999.000 -9999.000   176.100    53.720    40.310 -9999.000 -9999.000 -9999.000
   58                    311     118.900     7.796   174.500    52.590    38.740 -9999.000 -9999.000 -9999.000   175.400    53.950    40.400 -9999.000 -9999.000 -9999.000
   59                    312     120.400     7.580   177.700    57.420    28.390 -9999.000 -9999.000 -9999.000   176.000    46.040 -9999.000 -9999.000 -9999.000 -9999.000
   60                    316     118.000     8.283 -9999.000    52.740    63.460 -9999.000 -9999.000 -9999.000   176.300    56.040    29.450 -9999.000 -9999.000 -9999.000
   61                    317     117.800     8.236   176.500    54.120    39.670 -9999.000 -9999.000 -9999.000   176.400    59.910    37.740 -9999.000 -9999.000 -9999.000
   62                    321     118.500     7.791 -9999.000    58.300    26.830 -9999.000 -9999.000 -9999.000   176.500    63.630    18.320 -9999.000 -9999.000 -9999.000
   63                    324     119.000     8.147   180.000    55.730    37.300 -9999.000 -9999.000 -9999.000   178.100    56.760    27.640 -9999.000 -9999.000 -9999.000
   64                    328     119.900     8.274   175.900    54.530    40.300 -9999.000 -9999.000 -9999.000   174.500    52.570    38.610 -9999.000 -9999.000 -9999.000
   65                    348     120.500     8.026   171.000    57.370    40.750 -9999.000 -9999.000 -9999.000   179.500    58.710    28.440 -9999.000 -9999.000 -9999.000
   66                    350     122.100     8.190   175.400    60.010    37.760 -9999.000 -9999.000 -9999.000   175.300    61.530    31.270 -9999.000 -9999.000 -9999.000
   67                    353     122.000     8.063   174.900    62.360    31.810 -9999.000 -9999.000 -9999.000   175.400    53.390    40.570 -9999.000 -9999.000 -9999.000
   68                    365     121.000     7.880   175.400    53.410    40.550 -9999.000 -9999.000 -9999.000   175.900    54.530    40.340 -9999.000 -9999.000 -9999.000
   69                    369     120.200     7.694   177.700    54.980    41.160 -9999.000 -9999.000 -9999.000   177.800    55.860    41.420 -9999.000 -9999.000 -9999.000
   70                    371     121.300     7.855   174.200    53.010    33.190 -9999.000 -9999.000 -9999.000   176.200    51.910    18.200 -9999.000 -9999.000 -9999.000
   71                    380     120.900     7.689   176.100    56.280    29.160 -9999.000 -9999.000 -9999.000   177.700    54.910    41.040 -9999.000 -9999.000 -9999.000
   72                   1006     117.700     8.510   174.400 -9999.000    31.610 -9999.000 -9999.000 -9999.000   177.800 -9999.000    47.910 -9999.000 -9999.000 -9999.000
   73                   1007     118.700     8.245   172.800 -9999.000    26.020 -9999.000 -9999.000 -9999.000   176.200 -9999.000    55.610 -9999.000 -9999.000 -9999.000
   74                   1012     122.400     8.335   177.800    52.430    31.980 -9999.000 -9999.000 -9999.000   173.000    56.120    64.610 -9999.000 -9999.000 -9999.000
   75                   1017     126.300     8.070   176.200    51.910    18.200 -9999.000 -9999.000 -9999.000   176.000    56.090    28.900 -9999.000 -9999.000 -9999.000
   76                   1019     105.300     7.789   176.000    46.160 -9999.000 -9999.000 -9999.000 -9999.000   179.300    59.170    28.930 -9999.000 -9999.000 -9999.000
   77                   1020     106.400     8.083   177.600    48.220 -9999.000 -9999.000 -9999.000 -9999.000   178.200    58.500    28.810 -9999.000 -9999.000 -9999.000
   78                   1024     107.000     7.089   176.900    46.730 -9999.000 -9999.000 -9999.000 -9999.000   177.600    60.460    28.180 -9999.000 -9999.000 -9999.000
   79                   1029     121.600     7.863   177.600    63.560    37.200 -9999.000 -9999.000 -9999.000   179.900    59.070    28.560 -9999.000 -9999.000 -9999.000
   80                   1060     123.900     8.294 -9999.000    52.410 -9999.000 -9999.000 -9999.000 -9999.000   176.800    62.760    31.400 -9999.000 -9999.000 -9999.000
   81                   1063     121.200     8.226 -9999.000    57.850    32.230 -9999.000 -9999.000 -9999.000   177.800    52.560    40.500 -9999.000 -9999.000 -9999.000
   82                   1073     116.600     8.187   175.400    53.370    38.980 -9999.000 -9999.000 -9999.000   177.000    58.200    31.490 -9999.000 -9999.000 -9999.000
   83                   1093     122.600     8.325   175.400    53.990    40.380 -9999.000 -9999.000 -9999.000   175.900    61.650    31.710 -9999.000 -9999.000 -9999.000
   84                   1094     106.000     7.406   177.100    61.600    39.580 -9999.000 -9999.000 -9999.000   179.300    54.160    19.080 -9999.000 -9999.000 -9999.000
   85                   2002     126.000     8.005 -9999.000    51.710 -9999.000 -9999.000 -9999.000 -9999.000   176.100    48.480 -9999.000 -9999.000 -9999.000 -9999.000
   86                   5002     121.600     8.286   180.000    54.110    40.190 -9999.000 -9999.000 -9999.000   175.000    53.000 -9999.000 -9999.000 -9999.000 -9999.000
   87                   5003     121.700     8.225   176.100 -9999.000    40.320 -9999.000 -9999.000 -9999.000   175.500    53.930    40.330 -9999.000 -9999.000 -9999.000
   88                   5005     121.600     7.870 -9999.000    60.920 -9999.000 -9999.000 -9999.000 -9999.000   176.000    54.160 -9999.000 -9999.000 -9999.000 -9999.000
   89                   5006     121.200     8.100   176.900    54.110    40.440 -9999.000 -9999.000 -9999.000   175.900    54.200    40.730 -9999.000 -9999.000 -9999.000
   90                   5007     121.300     8.017   176.900    57.580    31.330 -9999.000 -9999.000 -9999.000   176.900    53.920    29.310 -9999.000 -9999.000 -9999.000
   91                   5008     121.200     8.015 -9999.000    62.100    27.720 -9999.000 -9999.000 -9999.000   177.600    56.250    40.310 -9999.000 -9999.000 -9999.000
   92                   5009     118.900     8.099   179.600    57.020    39.010 -9999.000 -9999.000 -9999.000   177.400    67.150    30.630 -9999.000 -9999.000 -9999.000
   93                   5011     118.200     7.665   176.000    56.530    38.480 -9999.000 -9999.000 -9999.000   176.500    67.620    68.030 -9999.000 -9999.000 -9999.000
   94                   5013     118.800     7.920   178.200    55.030    27.560 -9999.000 -9999.000 -9999.000   177.700    58.560    29.770 -9999.000 -9999.000 -9999.000
   95                   5014     120.700     8.009   176.000    61.700 -9999.000 -9999.000 -9999.000 -9999.000   177.700    51.870    17.860 -9999.000 -9999.000 -9999.000
   96                   5015     120.400     7.921   175.800    57.190    31.910 -9999.000 -9999.000 -9999.000   176.100    53.920    40.320 -9999.000 -9999.000 -9999.000
   97                   5016     121.300     8.277   177.200 -9999.000    52.870 -9999.000 -9999.000 -9999.000   177.800 -9999.000    40.160 -9999.000 -9999.000 -9999.000
   98                   5017     121.100     8.196 -9999.000    57.370 -9999.000 -9999.000 -9999.000 -9999.000   176.200    43.990 -9999.000 -9999.000 -9999.000 -9999.000
   99                   5018     121.000     8.148 -9999.000    55.940    58.750 -9999.000 -9999.000 -9999.000   174.000    44.770 -9999.000 -9999.000 -9999.000 -9999.000
  100                   5020     124.800     8.438 -9999.000 -9999.000    46.790 -9999.000 -9999.000 -9999.000   174.900    50.410    48.520 -9999.000 -9999.000 -9999.000
  101                   5021     125.700     8.456   175.600    59.920    29.550 -9999.000 -9999.000 -9999.000   176.100 -9999.000 -9999.000 -9999.000 -9999.000 -9999.000
  102                   5022     126.000     7.909   177.200    66.500    30.270 -9999.000 -9999.000 -9999.000   176.900    64.400    48.230 -9999.000 -9999.000 -9999.000
  103                   5023     123.800     7.558 -9999.000    60.390 -9999.000 -9999.000 -9999.000 -9999.000   179.500    58.940    63.960 -9999.000 -9999.000 -9999.000
  104                   5024     121.700     8.616 -9999.000 -9999.000    60.300 -9999.000 -9999.000 -9999.000   177.100    53.730    27.500 -9999.000 -9999.000 -9999.000
  105                   5025     121.500     8.180 -9999.000 -9999.000    40.400 -9999.000 -9999.000 -9999.000   175.700    54.030    40.460 -9999.000 -9999.000 -9999.000
  106                   5027     123.700     7.825   175.600    60.360    37.640 -9999.000 -9999.000 -9999.000   175.100    57.210    37.800 -9999.000 -9999.000 -9999.000
  107                   5028     122.700     8.366   173.000 -9999.000    64.590 -9999.000 -9999.000 -9999.000   175.000    62.380 -9999.000 -9999.000 -9999.000 -9999.000
  108                   5030     121.100     8.002   176.500    62.180 -9999.000 -9999.000 -9999.000 -9999.000 -9999.000    48.180 -9999.000 -9999.000 -9999.000 -9999.000
  109                   5031     119.300     7.615   174.000    58.710    40.630 -9999.000 -9999.000 -9999.000   179.500 -9999.000 -9999.000 -9999.000 -9999.000 -9999.000
  110                   5032     121.500     8.998 -9999.000 -9999.000    15.600 -9999.000 -9999.000 -9999.000   178.800 -9999.000    67.940 -9999.000 -9999.000 -9999.000
  111                   5034     119.900     7.588 -9999.000 -9999.000    22.460 -9999.000 -9999.000 -9999.000   179.800 -9999.000 -9999.000 -9999.000 -9999.000 -9999.000
  112                   5036     123.700     8.087   177.200 -9999.000    41.000 -9999.000 -9999.000 -9999.000   177.200    54.770    40.850 -9999.000 -9999.000 -9999.000
  113                   5037     117.500     8.376   179.800    67.430    21.330 -9999.000 -9999.000 -9999.000   177.200    66.230    29.830 -9999.000 -9999.000 -9999.000
  114                   5038     126.400     8.178 -9999.000    51.640 -9999.000 -9999.000 -9999.000 -9999.000   175.800    55.730    29.710 -9999.000 -9999.000 -9999.000
  115                   5039     117.700     7.958   177.600    55.590    39.180 -9999.000 -9999.000 -9999.000   181.000    54.090    17.260 -9999.000 -9999.000 -9999.000
