    1   SER   116.275     8.288   174.515    57.732    63.163     4.471 -9999.000 -9999.000 -9999.000 -9999.000 -9999.000 -9999.000   117.271     8.301
    2   SER   117.271     8.301   174.493    57.879    63.107     4.536   116.275     8.288   174.515    57.732    63.163     4.471   115.628     8.215
    3   THR   115.628     8.215   174.850    61.306    68.069     4.458   117.271     8.301   174.493    57.879    63.107     4.536   110.266     8.444
    4   GLY   110.266     8.444   174.302    45.413 -9999.000     3.980   115.628     8.215   174.850    61.306    68.069     4.458   115.731     7.976
    5   THR   115.731     7.976   174.723    62.406    68.240     4.456   110.266     8.444   174.302    45.413 -9999.000     3.980   122.566     8.273
    6   LEU   122.566     8.273   177.298    55.782    40.373     4.121   115.731     7.976   174.723    62.406    68.240     4.456   118.771     8.156
    7   ASP   118.771     8.156   177.854    56.018    39.757     4.396   122.566     8.273   177.298    55.782    40.373     4.121   119.654     7.854
    8   TYR   119.654     7.854   177.131    60.656    37.790     4.203   118.771     8.156   177.854    56.018    39.757     4.396   120.420     8.010
    9   ILE   120.420     8.010   177.710    63.930    36.400     3.590   119.654     7.854   177.131    60.656    37.790     4.203   119.990     8.170
   10   LEU   119.990     8.170   178.720    57.180    40.210     3.950   120.420     8.010   177.710    63.930    36.400     3.590   117.540     8.160
   11   GLN   117.540     8.160   178.480    57.970    27.270     3.980   119.990     8.170   178.720    57.180    40.210     3.950   118.910     8.080
   12   ARG   118.910     8.080   178.120    58.310    29.230     4.060   117.540     8.160   178.480    57.970    27.270     3.980   118.080     8.080
   13   CYS   118.080     8.080   177.070    61.480    27.060     4.150   118.910     8.080   178.120    58.310    29.230     4.060   119.340     8.130
   14   GLN   119.340     8.130   178.410    58.210    27.590     4.020   118.080     8.080   177.070    61.480    27.060     4.150   119.930     8.090
   15   LEU   119.930     8.090   178.390    56.620    40.360     4.020   119.340     8.130   178.410    58.210    27.590     4.020   121.252     7.938
   16   ALA   121.252     7.938   179.454    54.120    17.188     4.054   119.930     8.090   178.390    56.620    40.360     4.020   118.273     8.048
   17   LEU   118.273     8.048   178.510    56.454    40.322     4.010   121.252     7.938   179.454    54.120    17.188     4.054   118.071     8.208
   18   GLN   118.071     8.208   177.362    57.248    27.486     4.051   118.273     8.048   178.510    56.454    40.322     4.010   118.498     8.269
   19   ASN   118.498     8.269   175.119    52.776    37.903     4.709   118.071     8.208   177.362    57.248    27.486     4.051   119.189     8.196
   20   VAL   119.189     8.196   175.743    62.206    31.336     4.116   118.498     8.269   175.119    52.776    37.903     4.709   120.734     8.338
   21   CYS   120.734     8.338   175.149    58.194    28.693     4.561   119.189     8.196   175.743    62.206    31.336     4.116   121.980     8.434
   22   ASP   121.980     8.434   176.077    54.328    40.157     4.598   120.734     8.338   175.149    58.194    28.693     4.561   120.041     8.287
   23   ASP   120.041     8.287   176.159    53.935    40.260     4.654   121.980     8.434   176.077    54.328    40.157     4.598   119.771     8.026
   24   VAL   119.771     8.026   175.636    61.737    31.218     4.066   120.041     8.287   176.159    53.935    40.260     4.654   123.064     8.517
   25   ASP   123.064     8.517   175.876    53.664    40.061     4.616   119.771     8.026   175.636    61.737    31.218     4.066   118.319     8.384
   26   ASN   118.319     8.384   174.863    52.936    37.825     4.614   123.064     8.517   175.876    53.664    40.061     4.616   120.037     8.400
   27   ASP   120.037     8.400   175.960    54.110    40.065     4.562   118.319     8.384   174.863    52.936    37.825     4.614   120.744     8.229
   28   ASP   120.744     8.229   176.802    54.617    40.301     4.676   120.037     8.400   175.960    54.110    40.065     4.562   120.796     8.278
   29   VAL   120.796     8.278   176.213    62.573    31.344     4.091   120.744     8.229   176.802    54.617    40.301     4.676   117.905     8.370
   30   SER   117.905     8.370   174.765    58.660    63.060     4.590   120.796     8.278   176.213    62.573    31.344     4.091   123.245     8.430
   31   LEU   123.245     8.430   176.725    54.895    41.470     4.440   117.905     8.370   174.765    58.660    63.060     4.590   121.105     8.324
   32   LYS   121.105     8.324   176.915    56.147    32.203     4.394   123.245     8.430   176.725    54.895    41.470     4.440   115.820     8.183
   33   SER   115.820     8.183   174.468    58.224    63.087     4.562   121.105     8.324   176.915    56.147    32.203     4.394   121.194     8.346
   34   PHE   121.194     8.346   175.494    57.624    39.136     4.593   115.820     8.183   174.468    58.224    63.087     4.562   121.007     8.416
   35   GLU   121.007     8.416   174.352    55.771    27.959     4.481   121.194     8.346   175.494    57.624    39.136     4.593 -9999.000 -9999.000
   36   PRO -9999.000 -9999.000   177.722    64.251    30.282     4.234   121.007     8.416   174.352    55.771    27.959     4.481   121.450     8.002
   37   ALA   121.450     8.002   179.370    53.838    17.139     4.104 -9999.000 -9999.000   177.722    64.251    30.282     4.234   118.924     7.809
   38   VAL   118.924     7.809   177.778    65.283    30.302     3.583   121.450     8.002   179.370    53.838    17.139     4.104   120.134     8.128
   39   LEU   120.134     8.128   178.273    56.642    40.199     4.007   118.924     7.809   177.778    65.283    30.302     3.583   118.786     8.033
   40   LYS   118.786     8.033   178.300    58.012    30.992     3.987   120.134     8.128   178.273    56.642    40.199     4.007   117.519     8.044
   41   GLN   117.519     8.044   177.388    56.162    27.549     4.201   118.786     8.033   178.300    58.012    30.992     3.987   108.163     8.363
   42   GLY   108.163     8.363   175.511    46.284 -9999.000     3.867   117.519     8.044   177.388    56.162    27.549     4.201   120.997     8.356
   43   GLU   120.997     8.356   178.298    58.007    28.354     4.021   108.163     8.363   175.511    46.284 -9999.000     3.867   119.456     8.064
   44   GLU   119.456     8.064   178.262    57.788    28.541     4.087   120.997     8.356   178.298    58.007    28.354     4.021   120.367     7.969
   45   ILE   120.367     7.969   176.953    62.851    36.550     3.737   119.456     8.064   178.262    57.788    28.541     4.087   119.219     8.220
   46   HIS   119.219     8.220   175.822    57.139    28.850     4.458   120.367     7.969   176.953    62.851    36.550     3.737   118.041     8.360
   47   ASN   118.041     8.360   176.047    54.357    37.807     4.498   119.219     8.220   175.822    57.139    28.850     4.458   120.357     8.173
   48   GLU   120.357     8.173   177.668    57.569    28.512     4.138   118.041     8.360   176.047    54.357    37.807     4.498   120.320     8.104
   49   VAL   120.320     8.104   177.216    64.507    30.344     3.654   120.357     8.173   177.668    57.569    28.512     4.138   120.404     8.206
   50   GLU   120.404     8.206   178.539    58.309    28.246     3.970   120.320     8.104   177.216    64.507    30.344     3.654   119.699     8.308
   51   PHE   119.699     8.308   176.939    60.046    38.139     4.166   120.404     8.206   178.539    58.309    28.246     3.970   118.789     8.303
   52   GLU   118.789     8.303   178.719    58.618    28.248     3.909   119.699     8.308   176.939    60.046    38.139     4.166   120.590     7.970
   53   TRP   120.590     7.970   177.890    59.160    28.320     4.350   118.789     8.303   178.719    58.618    28.248     3.909   119.430     8.290
   54   LEU   119.430     8.290   178.660    56.970    40.050     3.850   120.590     7.970   177.890    59.160    28.320     4.350   118.220     8.150
   55   ARG   118.220     8.150   178.450    58.450    28.660     3.940   119.430     8.290   178.660    56.970    40.050     3.850   118.113     8.017
   56   GLN   118.113     8.017   178.371    57.670    27.382     4.061   118.220     8.150   178.450    58.450    28.660     3.940   119.632     8.092
   57   PHE   119.632     8.092   176.806    60.067    38.456     4.226   118.113     8.017   178.371    57.670    27.382     4.061   120.082     8.193
   58   TRP   120.082     8.193   177.568    59.252    28.251     4.217   119.632     8.092   176.806    60.067    38.456     4.226   119.156     8.362
   59   PHE   119.156     8.362   176.709    59.796    38.039     4.119   120.082     8.193   177.568    59.252    28.251     4.217   119.440     8.349
   60   GLN   119.440     8.349   176.124    55.276    27.932     4.208   119.156     8.362   176.709    59.796    38.039     4.119   109.150     8.411
   61   GLY   109.150     8.411   173.924    45.340 -9999.000     3.910   119.440     8.349   176.124    55.276    27.932     4.208   118.249     8.254
   62   ASN   118.249     8.254   174.982    52.537    37.986     4.721   109.150     8.411   173.924    45.340 -9999.000     3.910   119.820     8.176
   63   ARG   119.820     8.176   175.716    55.859    29.561     4.298   118.249     8.254   174.982    52.537    37.986     4.721   119.600     8.283
   64   TYR   119.600     8.283   175.697    57.971    38.506     4.606   119.820     8.176   175.716    55.859    29.561     4.298   120.507     8.412
   65   ARG   120.507     8.412   176.341    55.798    29.679     4.292   119.600     8.283   175.697    57.971    38.506     4.606   119.999     8.144
   66   LYS   119.999     8.144   176.601    56.183    32.308     4.424   120.507     8.412   176.341    55.798    29.679     4.292   119.261     8.344
   67   CYS   119.261     8.344   175.583    58.701    28.355     4.621   119.999     8.144   176.601    56.183    32.308     4.424   116.932     8.428
   68   THR   116.932     8.428   174.682    62.782    68.441     4.410   119.261     8.344   175.583    58.701    28.355     4.621   121.535     8.292
   69   ASP   121.535     8.292   175.522    53.463    39.899     4.598   116.932     8.428   174.682    62.782    68.441     4.410   120.187     7.867
   70   TRP   120.187     7.867   175.720    57.197    28.823     4.553   121.535     8.292   175.522    53.463    39.899     4.598   120.600     7.960
   71   TRP   120.600     7.960   176.153    57.957    29.150     4.477   120.187     7.867   175.720    57.197    28.823     4.553   118.360     8.130
   72   CYS   118.360     8.130   174.953    58.082    28.813     4.467   120.600     7.960   176.153    57.957    29.150     4.477   121.546     8.194
   73   GLN   121.546     8.194   173.982    55.589    26.578     4.451   118.360     8.130   174.953    58.082    28.813     4.467 -9999.000 -9999.000
   74   PRO -9999.000 -9999.000   177.761    64.544    30.481     4.250   121.546     8.194   173.982    55.589    26.578     4.451   117.731     8.246
   75   MET   117.731     8.246   177.576    57.034    30.993     4.118 -9999.000 -9999.000   177.761    64.544    30.481     4.250   121.360     8.119
   76   ALA   121.360     8.119   179.226    54.014    17.020     4.046   117.731     8.246   177.576    57.034    30.993     4.118   117.070     7.930
   77   GLN   117.070     7.930   178.570    57.680    27.410     4.060   121.360     8.119   179.226    54.014    17.020     4.046   120.120     8.170
   78   LEU   120.120     8.170   178.530    56.870    40.340     3.980   117.070     7.930   178.570    57.680    27.410     4.060   118.560     8.290
   79   GLU   118.560     8.290   178.740    58.460    28.100     3.940   120.120     8.170   178.530    56.870    40.340     3.980   121.862     7.898
   80   ALA   121.862     7.898   179.314    53.750    17.218     4.114   118.560     8.290   178.740    58.460    28.100     3.940   118.411     7.916
   81   LEU   118.411     7.916   178.373    56.449    40.451     4.046   121.862     7.898   179.314    53.750    17.218     4.114   119.682     8.163
   82   TRP   119.682     8.163   177.550    59.142    28.221     4.294   118.411     7.916   178.373    56.449    40.451     4.046   119.407     8.172
   83   LYS   119.407     8.172   178.011    57.936    30.843     3.909   119.682     8.163   177.550    59.142    28.221     4.294   119.818     7.894
   84   LYS   119.818     7.894   177.407    57.179    31.197     4.117   119.407     8.172   178.011    57.936    30.843     3.909   118.670     8.161
   85   MET   118.670     8.161   177.276    56.757    31.224     4.153   119.818     7.894   177.407    57.179    31.197     4.117   118.121     8.203
   86   GLU   118.121     8.203   178.036    57.198    28.372     4.128   118.670     8.161   177.276    56.757    31.224     4.153   107.770     8.048
   87   GLY   107.770     8.048   175.901    46.152 -9999.000     3.937   118.121     8.203   178.036    57.198    28.372     4.128   121.446     8.108
   88   VAL   121.446     8.108   177.348    65.037    30.373     3.648   107.770     8.048   175.901    46.152 -9999.000     3.937   115.320     8.140
   89   THR   115.320     8.140   176.010    65.280    67.620     3.940   121.446     8.108   177.348    65.037    30.373     3.648   119.820     8.360
   90   ASN   119.820     8.360   176.660    54.920    37.450     4.540   115.320     8.140   176.010    65.280    67.620     3.940   123.120     7.930
   91   ALA   123.120     7.930   178.960    53.850    17.250     4.140   119.820     8.360   176.660    54.920    37.450     4.540   119.080     7.800
   92   VAL   119.080     7.800   177.780    65.260    30.330     3.590   123.120     7.930   178.960    53.850    17.250     4.140   119.720     8.070
   93   LEU   119.720     8.070   178.420    56.980    40.270     3.920   119.080     7.800   177.780    65.260    30.330     3.590   117.640     8.150
   94   HIS   117.640     8.150   177.180    58.530    28.740     4.350   119.720     8.070   178.420    56.980    40.270     3.920   119.220     8.090
   95   GLU   119.220     8.090   178.550    58.440    28.490     4.010   117.640     8.150   177.180    58.530    28.740     4.350   120.200     8.030
   96   VAL   120.200     8.030   177.380    65.040    30.190     3.590   119.220     8.090   178.550    58.440    28.490     4.010   119.550     7.976
   97   LYS   119.550     7.976   178.493    58.426    30.838     3.960   120.200     8.030   177.380    65.040    30.190     3.590   119.402     8.079
   98   ARG   119.402     8.079   177.697    57.673    28.870     4.040   119.550     7.976   178.493    58.426    30.838     3.960   120.069     8.361
   99   GLU   120.069     8.361   176.700    55.820    28.864     4.310   119.402     8.079   177.697    57.673    28.870     4.040   108.576     8.284
  100   GLY   108.576     8.284   174.141    45.114 -9999.000     3.938   120.069     8.361   176.700    55.820    28.864     4.310   122.167     7.888
  101   LEU   122.167     7.888   175.293    52.551    40.566     4.565   108.576     8.284   174.141    45.114 -9999.000     3.938 -9999.000 -9999.000
  102   PRO -9999.000 -9999.000   177.047    62.884    30.612     4.444   122.167     7.888   175.293    52.551    40.566     4.565   120.616     8.497
  103   VAL   120.616     8.497   176.431    62.873    31.226     3.984 -9999.000 -9999.000   177.047    62.884    30.612     4.444   121.542     8.432
  104   GLU   121.542     8.432   177.032    56.859    28.484     4.165   120.616     8.497   176.431    62.873    31.226     3.984   119.099     8.171
  105   GLN   119.099     8.171   176.448    55.853    27.836     4.211   121.542     8.432   177.032    56.859    28.484     4.165   119.834     8.238
  106   ARG   119.834     8.238   176.739    56.811    29.097     4.113   119.099     8.171   176.448    55.853    27.836     4.211   117.730     8.332
  107   ASN   117.730     8.332   176.277    54.196    37.630     4.550   119.834     8.238   176.739    56.811    29.097     4.113   120.007     8.067
  108   GLU   120.007     8.067   178.180    58.234    28.392     4.047   117.730     8.332   176.277    54.196    37.630     4.550   120.934     7.863
  109   ILE   120.934     7.863   177.647    63.597    36.542     3.726   120.007     8.067   178.180    58.234    28.392     4.047   119.520     8.190
  110   LEU   119.520     8.190   178.640    57.150    40.260     4.000   120.934     7.863   177.647    63.597    36.542     3.726   114.590     8.070
  111   THR   114.590     8.070   176.270    65.250    67.600     3.960   119.520     8.190   178.640    57.150    40.260     4.000   123.990     7.980
  112   ALA   123.990     7.980   179.200    54.260    17.070     4.100   114.590     8.070   176.270    65.250    67.600     3.960   119.490     7.820
  113   ILE   119.490     7.820   177.770    63.670    36.530     3.700   123.990     7.980   179.200    54.260    17.070     4.100   120.120     8.150
  114   LEU   120.120     8.150   178.550    57.140    40.140     3.960   119.490     7.820   177.770    63.670    36.530     3.700   120.974     8.187
  115   ALA   120.974     8.187   179.396    53.936    17.063     4.066   120.120     8.150   178.550    57.140    40.140     3.960   113.766     7.977
  116   SER   113.766     7.977   175.860    59.724    62.361     4.294   120.974     8.187   179.396    53.936    17.063     4.066   122.017     8.204
  117   LEU   122.017     8.204   177.433    55.324    40.558     4.247   113.766     7.977   175.860    59.724    62.361     4.294   114.581     8.043
  118   THR   114.581     8.043   176.274    65.157    67.591     3.973   122.017     8.204   177.433    55.324    40.558     4.247   123.760     8.200
  119   ALA   123.760     8.200   179.040    54.090    16.940     4.070   114.581     8.043   176.274    65.157    67.591     3.973   117.333     8.063
  120   ARG   117.333     8.063   178.440    58.221    28.670     3.967   123.760     8.200   179.040    54.090    16.940     4.070   117.901     8.218
  121   GLN   117.901     8.218   177.743    57.243    27.441     4.088   117.333     8.063   178.440    58.221    28.670     3.967   117.842     8.057
  122   ASN   117.842     8.057   176.763    54.567    37.893     4.576   117.901     8.218   177.743    57.243    27.441     4.088   121.204     8.107
  123   LEU   121.204     8.107   177.451    55.809    40.513     4.141   117.842     8.057   176.763    54.567    37.893     4.576   118.576     8.099
  124   ARG   118.576     8.099   177.870    57.783    28.793     4.010   121.204     8.107   177.451    55.809    40.513     4.141   118.777     8.166
  125   ARG   118.777     8.166   178.300    58.392    28.627     3.990   118.576     8.099   177.870    57.783    28.793     4.010   118.861     8.131
  126   GLU   118.861     8.131   178.400    58.042    28.384     4.079   118.777     8.166   178.300    58.392    28.627     3.990   120.090     8.076
  127   TRP   120.090     8.076   177.398    58.929    28.316     4.291   118.861     8.131   178.400    58.042    28.384     4.079   118.141     8.254
  128   HIS   118.141     8.254   176.551    57.681    28.566     4.330   120.090     8.076   177.398    58.929    28.316     4.291   122.149     8.089
  129   ALA   122.149     8.089   178.333    53.396    17.518     4.112   118.141     8.254   176.551    57.681    28.566     4.330   117.237     8.092
  130   ARG   117.237     8.092   177.179    56.806    29.249     4.169   122.149     8.089   178.333    53.396    17.518     4.112   117.436     8.064
  131   CYS   117.436     8.064   175.587    58.864    28.328     4.466   117.237     8.092   177.179    56.806    29.249     4.169   121.152     8.304
  132   GLN   121.152     8.304   175.874    55.603    27.966     4.305   117.436     8.064   175.587    58.864    28.328     4.466   115.964     8.377
  133   SER   115.964     8.377   174.757    58.502    63.249     4.542   121.152     8.304   175.874    55.603    27.966     4.305   121.733     8.214
  134   ARG   121.733     8.214   176.484    56.112    30.082     4.458   115.964     8.377   174.757    58.502    63.249     4.542   121.360     8.300
  135   ILE   121.360     8.300   176.195    61.415    37.355     4.185   121.733     8.214   176.484    56.112    30.082     4.458   124.930     8.445
  136   ALA   124.930     8.445   177.620    52.270    18.525     4.435   121.360     8.300   176.195    61.415    37.355     4.185   118.865     8.308
  137   ARG   118.865     8.308   176.841    55.940    30.104     4.453   124.930     8.445   177.620    52.270    18.525     4.435   114.252     8.081
  138   THR   114.252     8.081   174.934    61.911    68.036     4.449   118.865     8.308   176.841    55.940    30.104     4.453   124.151     8.006
  139   LEU   124.151     8.006   175.357    52.427    40.488     4.565   114.252     8.081   174.934    61.911    68.036     4.449 -9999.000 -9999.000
  140   PRO -9999.000 -9999.000   176.830    62.646    30.581     4.379   124.151     8.006   175.357    52.427    40.488     4.565   122.988     8.278
  141   ALA   122.988     8.278   177.394    52.144    17.980     4.246 -9999.000 -9999.000   176.830    62.646    30.581     4.379   117.983     8.259
  142   ASP   117.983     8.259   176.324    53.934    39.952     4.567   122.988     8.278   177.394    52.144    17.980     4.246   119.217     8.136
  143   GLN   119.217     8.136   175.671    55.463    27.988     4.232   117.983     8.259   176.324    53.934    39.952     4.567   121.930     8.010
  144   LYS   121.930     8.010   175.030    53.690    31.280     4.490   119.217     8.136   175.671    55.463    27.988     4.232 -9999.000 -9999.000
  145   PRO -9999.000 -9999.000   176.666    62.724    30.834     4.369   121.930     8.010   175.030    53.690    31.280     4.490   118.619     8.514
  146   GLU   118.619     8.514   176.670    56.241    29.042     4.280 -9999.000 -9999.000   176.666    62.724    30.834     4.369   117.873     8.116
  147   CYS   117.873     8.116   175.355    58.036    28.671     4.556   118.619     8.514   176.670    56.241    29.042     4.280   122.926     8.103
  148   ARG   122.926     8.103   174.764    54.026    28.792     4.454   117.873     8.116   175.355    58.036    28.671     4.556 -9999.000 -9999.000
  149   PRO -9999.000 -9999.000   176.150    62.721    30.736     4.378   122.926     8.103   174.764    54.026    28.792     4.454   118.301     8.107
  150   TYR   118.301     8.107   175.306    57.413    38.102     4.501 -9999.000 -9999.000   176.150    62.721    30.736     4.378   121.678     8.231
  151   TRP   121.678     8.231   176.197    57.240    29.027     4.579   118.301     8.107   175.306    57.413    38.102     4.501   121.033     8.373
  152   GLU   121.033     8.373   176.111    56.206    29.393     4.223   121.678     8.231   176.197    57.240    29.027     4.579   121.056     8.203
  153   LYS   121.056     8.203   176.124    55.936    31.638     4.249   121.033     8.373   176.111    56.206    29.393     4.223   120.347     8.325
  154   ASP   120.347     8.325   175.804    53.659    40.246     4.592   121.056     8.203   176.124    55.936    31.638     4.249   119.830     8.290
  155   ASP   119.830     8.290   176.120    53.720    39.910     4.560   120.347     8.325   175.804    53.659    40.246     4.592   123.690     8.150
  156   ALA   123.690     8.150   177.450    52.080    18.050     4.300   119.830     8.290   176.120    53.720    39.910     4.560   113.770     8.160
  157   SER   113.770     8.160   174.740    57.860    63.060     4.430   123.690     8.150   177.450    52.080    18.050     4.300   122.220     8.070
  158   MET   122.220     8.070   174.650    52.810    31.690     4.690   113.770     8.160   174.740    57.860    63.060     4.430 -9999.000 -9999.000
  159   PRO -9999.000 -9999.000   176.780    62.740    30.700     4.440   122.220     8.070   174.650    52.810    31.690     4.690   121.550     8.030
  160   LEU   121.550     8.030   175.720    52.180    40.520     4.530 -9999.000 -9999.000   176.780    62.740    30.700     4.440 -9999.000 -9999.000
  161   PRO -9999.000 -9999.000   176.544    62.441    30.599     4.395   121.550     8.030   175.720    52.180    40.520     4.530   119.104     8.315
  162   PHE   119.104     8.315   175.583    57.390    38.739     4.523 -9999.000 -9999.000   176.544    62.441    30.599     4.395   120.144     8.249
  163   ASP   120.144     8.249   175.939    53.543    39.973     4.601   119.104     8.315   175.583    57.390    38.739     4.523   120.213     8.144
  164   LEU   120.213     8.144   177.190    54.898    40.696     4.280   120.144     8.249   175.939    53.543    39.973     4.601   114.634     8.093
  165   THR   114.634     8.093   176.088    65.217    67.624     3.943   120.213     8.144   177.190    54.898    40.696     4.280   121.590     8.110
  166   ASP   121.590     8.110   178.130    56.530    39.610     4.460   114.634     8.093   176.088    65.217    67.624     3.943   121.470     7.820
  167   ILE   121.470     7.820   177.600    63.740    36.670     3.730   121.590     8.110   178.130    56.530    39.610     4.460   120.440     8.170
  168   VAL   120.440     8.170   177.710    65.570    30.050     3.570   121.470     7.820   177.600    63.740    36.670     3.730   115.670     8.290
  169   SER   115.670     8.290   176.220    60.900    61.870     4.160   120.440     8.170   177.710    65.570    30.050     3.570   121.720     8.150
  170   GLU   121.720     8.150   178.460    58.030    28.310     4.080   115.670     8.290   176.220    60.900    61.870     4.160   119.610     8.050
  171   LEU   119.610     8.050   178.490    56.550    40.320     4.010   121.720     8.150   178.460    58.030    28.310     4.080   117.386     8.054
  172   ARG   117.386     8.054   178.136    57.629    28.793     4.047   119.610     8.050   178.490    56.550    40.320     4.010   107.178     8.266
  173   GLY   107.178     8.266   175.559    46.147 -9999.000     3.916   117.386     8.054   178.136    57.629    28.793     4.047   120.388     8.062
  174   GLN   120.388     8.062   176.773    56.109    27.847     4.232   107.178     8.266   175.559    46.147 -9999.000     3.916   120.626     7.956
  175   LEU   120.626     7.956   177.603    55.398    40.720     4.216   120.388     8.062   176.773    56.109    27.847     4.232   120.303     8.119
  176   LEU   120.303     8.119   177.750    55.570    40.628     4.144   120.626     7.956   177.603    55.398    40.720     4.216   119.387     8.315
  177   GLU   119.387     8.315   176.877    56.519    28.698     4.180   120.303     8.119   177.750    55.570    40.628     4.144   122.974     8.264
  178   ALA   122.974     8.264   177.402    52.144    18.578     4.400   119.387     8.315   176.877    56.519    28.698     4.180   120.088     7.954
  179   LYS   120.088     7.954   175.099    53.548    31.333     4.504   122.974     8.264   177.402    52.144    18.578     4.400 -9999.000 -9999.000
  180   PRO -9999.000 -9999.000   176.534    62.479    30.766     4.412   120.088     7.954   175.099    53.548    31.333     4.504 -9999.000 -9999.000
