    1   SER   117.123     8.238   174.298    57.739    62.994     4.463 -9999.000 -9999.000 -9999.000 -9999.000
    2   SER   117.861     8.359   174.434    57.912    63.068     4.488   174.298    57.739    62.994     4.463
    3   THR   114.943     8.101   174.741    61.529    68.308     4.473   174.434    57.912    63.068     4.488
    4   GLY   110.706     8.473   174.213    45.426 -9999.000     4.002   174.741    61.529    68.308     4.473
    5   THR   114.869     8.222   175.087    62.172    68.141     4.423   174.213    45.426 -9999.000     4.002
    6   LEU   120.878     8.079   177.710    55.530    40.821     4.228   175.087    62.172    68.141     4.423
    7   ASP   118.769     8.213   178.058    56.101    39.597     4.340   177.710    55.530    40.821     4.228
    8   TYR   119.542     8.241   177.017    61.081    37.390     4.092   178.058    56.101    39.597     4.340
    9   ILE   120.080     8.010   177.480    63.980    36.480     3.610   177.017    61.081    37.390     4.092
   10   LEU   120.010     7.830   178.630    56.860    40.580     4.040   177.480    63.980    36.480     3.610
   11   GLN   118.150     7.970   178.470    57.640    27.430     4.120   178.630    56.860    40.580     4.040
   12   ARG   119.630     8.270   178.280    58.710    28.860     3.930   178.470    57.640    27.430     4.120
   13   CYS   118.620     8.020   176.930    61.590    27.200     4.120   178.280    58.710    28.860     3.930
   14   GLN   117.470     8.190   178.400    58.030    27.660     4.040   176.930    61.590    27.200     4.120
   15   LEU   118.160     8.070   178.710    56.620    40.290     3.980   178.400    58.030    27.660     4.040
   16   ALA   121.338     7.923   179.461    54.087    17.208     4.063   178.710    56.620    40.290     3.980
   17   LEU   120.080     8.104   178.227    56.404    40.392     4.050   179.461    54.087    17.208     4.063
   18   GLN   118.511     8.047   177.360    57.093    27.456     4.120   178.227    56.404    40.392     4.050
   19   ASN   120.316     8.499   175.219    52.809    37.577     4.629   177.360    57.093    27.456     4.120
   20   VAL   121.947     8.286   175.682    62.516    31.136     4.066   175.219    52.809    37.577     4.629
   21   CYS   118.073     8.094   175.293    58.237    28.688     4.600   175.682    62.516    31.136     4.066
   22   ASP   119.040     8.293   176.263    54.011    40.336     4.640   175.293    58.237    28.688     4.600
   23   ASP   123.386     8.533   176.083    53.810    40.254     4.631   176.263    54.011    40.336     4.640
   24   VAL   119.789     8.044   175.656    61.729    31.199     4.061   176.083    53.810    40.254     4.631
   25   ASP   119.749     8.314   175.827    53.793    40.106     4.649   175.656    61.729    31.199     4.061
   26   ASN   118.282     8.348   174.823    52.951    37.864     4.624   175.827    53.793    40.106     4.649
   27   ASP   119.915     8.265   175.986    54.146    40.123     4.578   174.823    52.951    37.864     4.624
   28   ASP   122.739     8.489   176.612    54.648    40.297     4.616   175.986    54.146    40.123     4.578
   29   VAL   122.339     8.406   175.818    62.584    31.463     4.071   176.612    54.648    40.297     4.616
   30   SER   116.245     8.325   175.010    58.600    63.205     4.620   175.818    62.584    31.463     4.071
   31   LEU   122.260     8.355   177.065    54.775    41.400     4.460   175.010    58.600    63.205     4.620
   32   LYS   122.263     8.164   176.419    56.222    32.197     4.418   177.065    54.775    41.400     4.460
   33   SER   116.002     8.445   174.541    58.388    63.109     4.515   176.419    56.222    32.197     4.418
   34   PHE   119.936     8.313   175.713    57.390    39.109     4.615   174.541    58.388    63.109     4.515
   35   GLU   119.721     8.409   176.447    56.132    29.004     4.290   175.713    57.390    39.109     4.615
   36   PRO -9999.000 -9999.000   177.993    64.405    30.408     4.214   176.447    56.132    29.004     4.290
   37   ALA   122.703     8.052   177.087    53.648    15.876     4.248   177.993    64.405    30.408     4.214
   38   VAL   119.679     8.057   177.624    65.469    30.100     3.521   177.087    53.648    15.876     4.248
   39   LEU   120.004     7.817   178.390    56.292    40.423     4.097   177.624    65.469    30.100     3.521
   40   LYS   119.874     7.822   178.168    57.792    31.272     4.088   178.390    56.292    40.423     4.097
   41   GLN   119.984     8.187   177.401    56.827    27.568     4.140   178.168    57.792    31.272     4.088
   42   GLY   107.622     8.289   175.536    45.990 -9999.000     3.891   177.401    56.827    27.568     4.140
   43   GLU   118.308     8.194   178.206    57.097    28.413     4.121   175.536    45.990 -9999.000     3.891
   44   GLU   120.626     8.432   178.359    58.344    28.266     3.983   178.206    57.097    28.413     4.121
   45   ILE   120.823     8.141   176.904    63.248    36.648     3.713   178.359    58.344    28.266     3.983
   46   HIS   119.019     7.949   175.703    56.953    28.974     4.543   176.904    63.248    36.648     3.713
   47   ASN   117.558     8.198   176.094    53.982    37.690     4.516   175.703    56.953    28.974     4.543
   48   GLU   120.358     8.412   177.698    57.724    28.351     4.032   176.094    53.982    37.690     4.516
   49   VAL   120.373     8.084   177.218    64.462    30.382     3.666   177.698    57.724    28.351     4.032
   50   GLU   119.066     8.267   178.640    58.278    28.332     3.967   177.218    64.462    30.382     3.666
   51   PHE   119.726     8.298   176.940    60.023    38.158     4.171   178.640    58.278    28.332     3.967
   52   GLU   119.193     8.347   178.851    58.590    28.022     3.821   176.940    60.023    38.158     4.171
   53   TRP   119.930     8.280   177.990    59.730    28.060     4.210   178.851    58.590    28.022     3.821
   54   LEU   119.370     7.960   178.510    56.720    40.420     4.070   177.990    59.730    28.060     4.210
   55   ARG   119.370     7.900   178.300    58.230    28.960     4.050   178.510    56.720    40.420     4.070
   56   GLN   117.769     8.303   178.389    57.948    27.238     3.929   178.300    58.230    28.960     4.050
   57   PHE   119.367     8.453   177.064    60.208    38.016     4.049   178.389    57.948    27.238     3.929
   58   TRP   120.413     8.147   177.583    59.248    28.282     4.232   177.064    60.208    38.016     4.049
   59   PHE   119.531     8.111   176.560    59.504    38.479     4.296   177.583    59.248    28.282     4.232
   60   GLN   119.530     7.998   175.598    54.997    28.187     4.297   176.560    59.504    38.479     4.296
   61   GLY   108.328     8.354   173.943    45.518 -9999.000     3.889   175.598    54.997    28.187     4.297
   62   ASN   118.207     8.349   175.394    52.628    37.829     4.701   173.943    45.518 -9999.000     3.889
   63   ARG   120.442     8.382   176.037    55.821    29.502     4.236   175.394    52.628    37.829     4.701
   64   TYR   119.582     8.260   175.771    58.009    38.458     4.607   176.037    55.821    29.502     4.236
   65   ARG   120.268     8.153   176.022    55.761    29.814     4.360   175.771    58.009    38.458     4.607
   66   LYS   121.939     8.374   176.694    56.467    32.176     4.353   176.022    55.761    29.814     4.360
   67   CYS   121.260     8.484   175.267    58.891    28.112     4.546   176.694    56.467    32.176     4.353
   68   THR   114.746     8.238   174.775    62.494    68.406     4.448   175.267    58.891    28.112     4.546
   69   ASP   121.315     8.282   175.718    53.470    40.439     4.619   174.775    62.494    68.406     4.448
   70   TRP   121.763     8.023   175.503    57.333    29.103     4.493   175.718    53.470    40.439     4.619
   71   TRP   121.570     7.960   176.183    58.167    28.450     4.467   175.503    57.333    29.103     4.493
   72   CYS   117.651     8.011   174.948    57.802    28.903     4.577   176.183    58.167    28.450     4.467
   73   GLN   117.682     8.304   176.236    55.709    28.041     4.278   174.948    57.802    28.903     4.577
   74   PRO -9999.000 -9999.000   177.749    64.673    30.180     4.216   176.236    55.709    28.041     4.278
   75   MET   117.404     7.986   175.602    56.554    30.040     4.331   177.749    64.673    30.180     4.216
   76   ALA   121.907     7.978   179.140    54.019    17.321     4.080   175.602    56.554    30.040     4.331
   77   GLN   117.690     8.200   178.400    57.900    27.180     3.990   179.140    54.019    17.321     4.080
   78   LEU   119.630     8.110   178.580    56.520    40.300     4.010   178.400    57.900    27.180     3.990
   79   GLU   117.940     8.020   178.910    58.240    28.330     4.010   178.580    56.520    40.300     4.010
   80   ALA   121.288     8.193   179.421    54.287    16.978     3.983   178.910    58.240    28.330     4.010
   81   LEU   119.916     8.297   178.312    56.590    40.081     3.909   179.421    54.287    16.978     3.983
   82   TRP   120.427     7.907   177.520    58.896    28.346     4.376   178.312    56.590    40.081     3.909
   83   LYS   119.372     7.828   177.892    57.734    31.137     4.066   177.520    58.896    28.346     4.376
   84   LYS   119.734     8.058   177.361    57.230    31.070     4.108   177.892    57.734    31.137     4.066
   85   MET   118.453     8.094   177.184    56.489    31.312     4.198   177.361    57.230    31.070     4.108
   86   GLU   121.072     8.207   178.174    57.939    28.491     4.061   177.184    56.489    31.312     4.198
   87   GLY   108.097     8.388   175.862    46.770 -9999.000     3.802   178.174    57.939    28.491     4.061
   88   VAL   121.398     8.102   177.048    64.524    30.177     3.693   175.862    46.770 -9999.000     3.802
   89   THR   116.610     7.880   175.950    65.040    67.850     4.080   177.048    64.524    30.177     3.693
   90   ASN   115.550     8.200   177.060    54.700    37.740     4.550   175.950    65.040    67.850     4.080
   91   ALA   121.830     8.190   179.020    54.090    17.020     4.000   177.060    54.700    37.740     4.550
   92   VAL   119.700     8.070   177.610    65.480    30.100     3.520   179.020    54.090    17.020     4.000
   93   LEU   119.810     7.930   178.360    56.830    40.590     4.030   177.610    65.480    30.100     3.520
   94   HIS   118.300     7.840   177.080    57.960    29.000     4.490   178.360    56.830    40.590     4.030
   95   GLU   119.130     8.230   178.610    58.590    28.170     3.900   177.080    57.960    29.000     4.490
   96   VAL   120.360     8.050   177.450    65.330    30.070     3.540   178.610    58.590    28.170     3.900
   97   LYS   119.216     7.752   178.572    58.028    31.096     4.089   177.450    65.330    30.070     3.540
   98   ARG   119.002     8.149   177.617    57.583    28.820     4.040   178.572    58.028    31.096     4.089
   99   GLU   120.130     8.243   176.258    55.812    28.988     4.293   177.617    57.583    28.820     4.040
  100   GLY   108.901     8.397   174.334    45.203 -9999.000     3.920   176.258    55.812    28.988     4.293
  101   LEU   120.612     8.246   177.324    54.380    40.786     4.301   174.334    45.203 -9999.000     3.920
  102   PRO -9999.000 -9999.000   176.884    63.011    30.428     4.387   177.324    54.380    40.786     4.301
  103   VAL   121.958     8.200   174.795    60.965    30.832     4.237   176.884    63.011    30.428     4.387
  104   GLU   120.457     8.252   177.047    56.677    28.799     4.260   174.795    60.965    30.832     4.237
  105   GLN   119.274     8.238   176.418    55.943    27.912     4.222   177.047    56.677    28.799     4.260
  106   ARG   120.202     8.199   176.680    56.971    28.887     4.120   176.418    55.943    27.912     4.222
  107   ASN   117.714     8.206   176.313    53.972    37.667     4.572   176.680    56.971    28.887     4.120
  108   GLU   119.533     8.360   178.243    58.511    28.232     3.950   176.313    53.972    37.667     4.572
  109   ILE   120.301     8.163   177.748    64.144    36.301     3.591   178.243    58.511    28.232     3.950
  110   LEU   122.040     7.990   178.470    57.050    40.270     4.040   177.748    64.144    36.301     3.591
  111   THR   113.970     7.800   176.440    65.030    67.830     4.030   178.470    57.050    40.270     4.040
  112   ALA   121.470     8.180   179.370    54.360    17.060     4.060   176.440    65.030    67.830     4.030
  113   ILE   120.110     8.090   177.600    63.890    36.300     3.630   179.370    54.360    17.060     4.060
  114   LEU   118.370     7.790   178.780    56.820    40.440     4.010   177.600    63.890    36.300     3.630
  115   ALA   124.033     7.973   179.053    53.730    17.199     4.147   178.780    56.820    40.440     4.010
  116   SER   114.728     8.189   175.717    59.811    62.211     4.260   179.053    53.730    17.199     4.147
  117   LEU   122.608     8.308   177.546    55.530    40.362     4.226   175.717    59.811    62.211     4.260
  118   THR   113.619     7.831   176.418    65.070    67.741     4.008   177.546    55.530    40.362     4.226
  119   ALA   120.720     8.120   179.260    53.760    17.160     4.150   176.418    65.070    67.741     4.008
  120   ARG   119.116     8.096   178.132    58.204    28.740     4.007   179.260    53.760    17.160     4.150
  121   GLN   119.326     8.193   177.579    57.401    27.411     4.080   178.132    58.204    28.740     4.007
  122   ASN   116.937     8.251   176.921    54.703    37.653     4.492   177.579    57.401    27.411     4.080
  123   LEU   119.796     8.138   177.564    55.653    40.561     4.138   176.921    54.703    37.653     4.492
  124   ARG   118.929     7.952   177.840    57.553    28.893     4.123   177.564    55.653    40.561     4.138
  125   ARG   118.784     8.049   178.260    58.172    28.690     3.996   177.840    57.553    28.893     4.123
  126   GLU   119.136     8.432   178.519    58.293    28.084     3.872   178.260    58.172    28.690     3.996
  127   TRP   120.513     8.267   177.323    59.372    28.354     4.264   178.519    58.293    28.084     3.872
  128   HIS   116.490     7.897   176.582    57.543    28.912     4.470   177.323    59.372    28.354     4.264
  129   ALA   121.741     8.024   178.371    53.176    17.442     4.117   176.582    57.543    28.912     4.470
  130   ARG   121.196     8.232   176.956    57.171    28.809     4.114   178.371    53.176    17.442     4.117
  131   CYS   118.047     8.098   175.684    58.819    28.423     4.463   176.956    57.171    28.809     4.114
  132   GLN   119.778     8.221   175.627    55.314    28.323     4.356   175.684    58.819    28.423     4.463
  133   SER   115.304     8.252   174.892    58.722    62.974     4.527   175.627    55.314    28.323     4.356
  134   ARG   122.585     8.449   176.860    56.102    29.933     4.424   174.892    58.722    62.974     4.527
  135   ILE   120.030     8.360   176.265    61.360    37.505     4.175   176.860    56.102    29.933     4.424
  136   ALA   122.860     8.135   177.670    52.270    18.575     4.495   176.265    61.360    37.505     4.175
  137   ARG   122.195     8.389   176.384    56.062    29.803     4.376   177.670    52.270    18.575     4.495
  138   THR   114.410     8.227   174.911    61.770    68.185     4.430   176.384    56.062    29.803     4.376
  139   LEU   120.714     8.262   177.084    54.328    40.888     4.380   174.911    61.770    68.185     4.430
  140   PRO -9999.000 -9999.000   176.848    62.727    30.568     4.384   177.084    54.328    40.888     4.380
  141   ALA   124.186     7.938   176.108    50.124    17.656     4.488   176.848    62.727    30.568     4.384
  142   ASP   120.267     8.320   176.194    53.773    40.091     4.597   176.108    50.124    17.656     4.488
  143   GLN   119.766     8.224   175.551    55.386    28.218     4.257   176.194    53.773    40.091     4.597
  144   LYS   119.850     8.320   176.460    56.040    31.130     4.190   175.551    55.386    28.218     4.257
  145   PRO -9999.000 -9999.000   176.525    62.633    30.747     4.370   176.460    56.040    31.130     4.190
  146   GLU   122.866     8.242   175.197    54.392    28.647     4.499   176.525    62.633    30.747     4.370
  147   CYS   118.086     8.177   175.226    58.087    28.819     4.555   175.197    54.392    28.647     4.499
  148   ARG   118.663     8.338   176.284    55.713    29.311     4.248   175.226    58.087    28.819     4.555
  149   PRO -9999.000 -9999.000   176.803    62.684    30.498     4.383   176.284    55.713    29.311     4.248
  150   TYR   120.968     7.965   173.871    55.487    38.147     4.713   176.803    62.684    30.498     4.383
  151   TRP   120.565     8.037   175.672    57.223    29.121     4.575   173.871    55.487    38.147     4.713
  152   GLU   120.101     8.247   176.133    56.036    29.247     4.278   175.672    57.223    29.121     4.575
  153   LYS   120.876     8.236   176.406    56.099    31.472     4.218   176.133    56.036    29.247     4.278
  154   ASP   119.828     8.271   175.951    53.727    40.003     4.561   176.406    56.099    31.472     4.218
  155   ASP   118.390     8.280   176.030    53.720    40.140     4.580   175.951    53.727    40.003     4.561
  156   ALA   125.210     8.150   177.070    52.170    18.030     4.290   176.030    53.720    40.140     4.580
  157   SER   116.580     8.260   174.560    57.810    63.050     4.470   177.070    52.170    18.030     4.290
  158   MET   119.500     8.430   176.250    54.910    31.930     4.450   174.560    57.810    63.050     4.470
  159   PRO -9999.000 -9999.000   176.940    62.700    30.730     4.400   176.250    54.910    31.930     4.450
  160   LEU   121.550     8.030   175.720    52.180    40.520     4.530   176.940    62.700    30.730     4.400
  161   PRO -9999.000 -9999.000   176.548    62.663    30.559     4.379   175.720    52.180    40.520     4.530
  162   PHE   120.304     7.955   174.363    55.200    38.519     4.773   176.548    62.663    30.559     4.379
  163   ASP   119.302     8.216   175.922    53.387    39.974     4.598   174.363    55.200    38.519     4.773
  164   LEU   123.483     8.224   176.790    55.108    40.706     4.280   175.922    53.387    39.974     4.598
  165   THR   115.386     7.884   176.081    65.110    67.864     4.021   176.790    55.108    40.706     4.280
  166   ASP   119.070     8.310   178.300    56.630    39.600     4.420   176.081    65.110    67.864     4.021
  167   ILE   121.080     8.170   177.420    64.150    36.210     3.590   178.300    56.630    39.600     4.420
  168   VAL   122.700     7.860   177.390    65.240    30.320     3.640   177.420    64.150    36.210     3.590
  169   SER   115.370     7.940   176.260    60.260    62.210     4.300   177.390    65.240    30.320     3.640
  170   GLU   118.330     8.370   178.840    58.260    28.110     3.990   176.260    60.260    62.210     4.300
  171   LEU   119.560     8.170   178.580    56.790    40.220     4.010   178.840    58.260    28.110     3.990
  172   ARG   120.681     7.926   178.126    58.013    28.957     4.076   178.580    56.790    40.220     4.010
  173   GLY   107.779     8.267   175.480    46.173 -9999.000     3.886   178.126    58.013    28.957     4.076
  174   GLN   117.520     8.119   176.817    55.558    27.783     4.248   175.480    46.173 -9999.000     3.886
  175   LEU   119.842     8.072   177.726    55.534    40.520     4.150   176.817    55.558    27.783     4.248
  176   LEU   120.349     7.951   177.609    55.322    40.656     4.201   177.726    55.534    40.520     4.150
  177   GLU   118.229     8.182   177.009    56.481    28.773     4.221   177.609    55.322    40.656     4.201
  178   ALA   123.400     8.368   177.534    52.280    18.623     4.389   177.009    56.481    28.773     4.221
  179   LYS   119.998     8.329   176.324    55.733    31.308     4.229   177.534    52.280    18.623     4.389
  180   PRO -9999.000 -9999.000   176.501    62.627    30.703     4.381   176.324    55.733    31.308     4.229
