Seq-dependent ppm corrections of CA,CO,HA,HN,N and no corrections of CB
num    res      HN       HA       CA      CB       CO      N
===============================================================
1	S	8.4	4.53	58.59	64.06	174.98	115.67
2	S	8.59	4.56	58.76	64.06	175.04	118.22
3	T	8.41	4.43	62.14	70.01	175.45	116.15
4	G	8.55	4.07	45.47	9999	174.61	111.55
5	T	8.22	4.4	61.91	70.01	175.1	113.46
6	L	8.39	4.37	55.59	42.46	177.52	124.38
7	D	8.59	4.67	54.01	41.10	175.32	121.02
8	Y	8.34	4.54	58.33	38.94	176	121.02
9	I	8.23	4.1	61.58	38.91	176.38	122.77
10	L	8.43	4.34	55.4	42.46	177.57	126.53
11	Q	8.56	4.31	56.18	29.53	176.15	120.71
12	R	8.52	4.39	55.97	30.90	175.61	121.86
13	C	8.57	4.55	58.56	28.34	174.63	120.28
14	Q	8.61	4.35	56.22	29.53	175.99	122.73
15	L	8.38	4.34	55.34	42.46	177.28	123.09
16	A	8.46	4.27	52.75	19.26	177.84	124.71
17	L	8.33	4.33	55.47	42.46	177.68	121.09
18	Q	8.55	4.32	56.22	29.53	175.98	120.59
19	N	8.61	4.77	53.16	39.09	175.32	120.18
20	V	8.27	4.16	62.77	32.82	176.43	119.81
21	C	8.58	4.56	58.61	28.34	174.54	122.94
22	D	8.73	4.81	54.3	41.10	175.44	123.27
23	D	8.65	4.79	54.24	41.10	175.6	121.12
24	V	8.27	4.13	62.86	32.82	176.33	119.86
25	D	8.7	4.79	54.15	41.10	175.46	124.48
26	N	8.62	4.76	53.58	39.09	175.36	119.36
27	D	8.66	4.79	54.43	41.10	175.62	121.07
28	D	8.65	4.79	54.24	41.10	175.6	121.12
29	V	8.27	4.16	62.78	32.82	176.51	120.03
30	S	8.57	4.46	58.55	64.06	174.7	119.9
31	L	8.41	4.36	55.49	42.46	177.58	124.15
32	K	8.47	4.33	56.15	33.10	176.07	121.42
33	S	8.45	4.41	58.42	64.06	174.37	116.78
34	F	8.44	4.63	58.14	39.75	175.52	122.65
35	E	8.32	4.45	54.66	29.90	173.51	124.16
36	P	9999	4.4	63.58	32.22	176.84	9999
37	A	8.49	4.31	52.63	19.26	177.81	124.53
38	V	8.2	4.1	62.57	32.82	176.47	118.49
39	L	8.42	4.34	55.34	42.46	177.55	125.94
40	K	8.48	4.29	56.17	33.10	175.99	121.31
41	Q	8.58	4.37	56.2	29.53	176.59	121.37
42	G	8.53	3.99	45.35	9999	174.27	110.22
43	E	8.37	4.4	56.52	29.90	176.12	120
44	E	8.49	4.38	56.45	29.90	175.82	121.57
45	I	8.28	4.13	61.58	38.91	176.27	120.86
46	H	8.7	4.76	54.96	29.00	173.26	122.81
47	N	8.68	4.78	53.27	39.09	175.37	120.18
48	E	8.48	4.39	56.62	29.90	175.93	120.93
49	V	8.28	4.12	62.58	32.82	176.36	120.51
50	E	8.45	4.31	56.35	29.90	175.59	124.05
51	F	8.43	4.61	58.06	39.75	175.94	121.61
52	E	8.37	4.24	56.49	29.90	175.5	122.72
53	W	8.34	4.65	57.55	29.75	176.35	122.67
54	L	8.3	4.21	55.43	42.46	177.44	124.85
55	R	8.51	4.31	55.97	30.90	175.69	121.41
56	Q	8.47	4.27	55.98	29.53	175.75	120.93
57	F	8.33	4.54	57.96	39.75	175.59	121.66
58	W	8.2	4.53	57.43	29.75	175.97	123.59
59	F	8.33	4.48	58.06	39.75	175.84	123.35
60	Q	8.54	4.3	56.28	29.53	176.52	122.58
61	G	8.53	4	45.4	9999	174.09	110.16
62	N	8.49	4.77	53.26	39.09	175.58	118.56
63	R	8.41	4.26	56.01	30.90	175.35	120.94
64	Y	8.39	4.54	58.2	38.94	176.03	121.78
65	R	8.45	4.28	55.95	30.90	175.56	123.31
66	K	8.49	4.36	56.12	33.10	175.9	121.76
67	C	8.58	4.63	58.57	28.34	174.93	120.34
68	T	8.42	4.42	62.11	70.01	174.74	116.47
69	D	8.57	4.72	54.15	41.10	175.32	122.92
70	W	8.23	4.58	57.68	29.75	176.07	121.9
71	W	8.24	4.57	57.56	29.75	176.24	124.23
72	C	8.46	4.42	58.6	28.34	174.05	121.85
73	Q	8.46	4.49	54.32	29.53	173.65	123.35
74	P	9999	4.43	63.84	32.22	177.22	9999
75	M	8.56	4.46	55.62	32.94	176.2	120.14
76	A	8.48	4.32	52.7	19.26	177.81	125.23
77	Q	8.48	4.32	56.18	29.53	176.2	119.09
78	L	8.4	4.35	55.43	42.46	177.57	123.22
79	E	8.49	4.34	56.46	29.90	175.7	120.92
80	A	8.47	4.3	52.77	19.26	177.77	125.17
81	L	8.22	4.25	55.36	42.46	177.31	120.97
82	W	8.33	4.63	57.52	29.75	176.42	122.15
83	K	8.37	4.19	56.12	33.10	175.8	123.39
84	K	8.48	4.34	56.28	33.10	176.01	121.77
85	M	8.53	4.49	55.67	32.94	176.4	120.97
86	E	8.55	4.41	56.54	29.90	176.42	121.77
87	G	8.51	3.99	45.23	9999	174.16	110.17
88	V	8.16	4.21	62.57	32.82	176.85	119.17
89	T	8.39	4.4	61.96	70.01	174.76	117.68
90	N	8.6	4.76	53.28	39.09	175.17	121.15
91	A	8.43	4.32	52.84	19.26	177.8	124.53
92	V	8.2	4.1	62.57	32.82	176.47	118.49
93	L	8.41	4.3	55.36	42.46	177.4	125.59
94	H	8.67	4.72	54.95	29.00	173.49	119.05
95	E	8.55	4.42	56.41	29.90	175.81	121.74
96	V	8.28	4.12	62.55	32.82	176.34	120.51
97	K	8.51	4.32	56.11	33.10	175.93	124.6
98	R	8.5	4.35	55.9	30.90	175.64	121.87
99	E	8.55	4.4	56.59	29.90	176.41	121.82
100	G	8.53	3.97	45.34	9999	173.76	110.17
101	L	8.1	4.49	53.47	42.46	175.39	122.28
102	P	9999	4.39	63.52	32.22	177.11	9999
103	V	8.32	4.11	62.55	32.82	176.47	119.87
104	E	8.55	4.38	56.52	29.90	175.94	124.4
105	Q	8.57	4.34	56.2	29.53	176.08	121.17
106	R	8.51	4.36	56.01	30.90	175.46	121.86
107	N	8.63	4.75	53.24	39.09	175.4	120.12
108	E	8.47	4.38	56.63	29.90	175.92	120.93
109	I	8.29	4.16	61.57	38.91	176.42	121.27
110	L	8.45	4.41	55.42	42.46	177.86	126.64
111	T	8.34	4.35	61.87	70.01	174.7	114.32
112	A	8.43	4.33	52.74	19.26	177.76	126.44
113	I	8.21	4.15	61.58	38.91	176.55	119.19
114	L	8.4	4.33	55.29	42.46	177.28	126.34
115	A	8.46	4.32	52.77	19.26	177.94	124.82
116	S	8.47	4.45	58.63	64.06	174.81	114.99
117	L	8.44	4.43	55.56	42.46	177.89	124.32
118	T	8.34	4.35	61.87	70.01	174.7	114.32
119	A	8.47	4.33	52.87	19.26	177.85	126.44
120	R	8.44	4.33	56	30.90	175.75	119.79
121	Q	8.56	4.35	56.18	29.53	175.92	121.16
122	N	8.63	4.75	53.27	39.09	175.39	120.18
123	L	8.39	4.34	55.63	42.46	177.64	122.53
124	R	8.51	4.31	55.96	30.90	175.68	121.41
125	R	8.51	4.34	55.91	30.90	175.63	121.92
126	E	8.42	4.3	56.42	29.90	175.56	121.56
127	W	8.33	4.62	57.56	29.75	176.2	122.26
128	H	8.55	4.61	54.86	29.00	173.03	121.06
129	A	8.53	4.34	52.77	19.26	177.76	125.34
130	R	8.44	4.37	55.99	30.90	175.72	119.67
131	C	8.57	4.55	58.56	28.34	174.63	120.28
132	Q	8.61	4.4	56.24	29.53	176.09	122.84
133	S	8.56	4.48	58.64	64.06	174.71	117.18
134	R	8.49	4.36	55.93	30.90	175.57	122.91
135	I	8.27	4.16	61.44	38.91	176.16	121.19
136	A	8.5	4.31	52.74	19.26	177.8	128.53
137	R	8.46	4.4	56.02	30.90	176.04	119.9
138	T	8.37	4.38	61.9	70.01	174.44	115.08
139	L	8.24	4.49	53.59	42.46	175.26	125.06
140	P	9999	4.37	63.56	32.22	176.91	9999
141	A	8.51	4.31	52.84	19.26	177.8	124.47
142	D	8.61	4.77	54.2	41.10	175.75	119.69
143	Q	8.55	4.34	56.36	29.53	175.67	120.46
144	K	8.33	4.46	54.24	33.10	173.58	122.9
145	P	9999	4.42	63.6	32.22	177.15	9999
146	E	8.57	4.41	56.55	29.90	176	120.81
147	C	8.57	4.55	58.61	28.34	174.14	120.17
148	R	8.41	4.49	54.1	30.90	173.18	124.05
149	P	9999	4.33	63.47	32.22	176.77	9999
150	Y	8.32	4.45	58.13	38.94	175.77	120.91
151	W	8.28	4.6	57.58	29.75	176.33	124.11
152	E	8.41	4.25	56.52	29.90	175.8	123.19
153	K	8.48	4.33	56.25	33.10	175.82	121.71
154	D	8.67	4.8	54.18	41.10	175.54	121.77
155	D	8.65	4.77	54.28	41.10	175.4	120.93
156	A	8.46	4.35	52.99	19.26	177.94	124.63
157	S	8.48	4.47	58.83	64.06	174.43	114.93
158	M	8.4	4.63	53.9	32.94	174.07	122.93
159	P	9999	4.41	63.54	32.22	176.66	9999
160	L	8.29	4.46	53.49	42.46	175.3	123.15
161	P	9999	4.31	63.5	32.22	176.85	9999
162	F	8.47	4.61	58.11	39.75	175.95	120.97
163	D	8.63	4.71	54.16	41.10	175.55	123.04
164	L	8.42	4.41	55.68	42.46	177.91	122.63
165	T	8.36	4.37	62.04	70.01	174.89	114.45
166	D	8.64	4.8	54.12	41.10	175.59	123.04
167	I	8.26	4.18	61.66	38.91	176.42	120.62
168	V	8.3	4.16	62.52	32.82	176.46	124.04
169	S	8.57	4.47	58.57	64.06	174.72	119.84
170	E	8.53	4.39	56.63	29.90	175.95	122.61
171	L	8.41	4.34	55.45	42.46	177.54	123.17
172	R	8.53	4.33	56.03	30.90	176.17	121.55
173	G	8.54	3.98	45.32	9999	174.26	110.28
174	Q	8.41	4.35	56.12	29.53	176.27	119.66
175	L	8.4	4.34	55.41	42.46	177.55	123.28
176	L	8.39	4.31	55.42	42.46	177.62	122.65
177	E	8.49	4.34	56.46	29.90	175.7	120.92
178	A	8.47	4.31	52.76	19.26	177.3	125.11
179	K	8.25	4.44	54.26	33.10	173.69	120.71
180	P	9999	4.44	63.68	32.22	177.63	9999
