### The following are the peaks that could not be assigned.
pks                              N            HN            CO            CA            CB          CO-1          CA-1          CB-1
9                        125.80000       7.04600     174.70000      52.56000      41.71000     174.50000      44.29000             -
21                       121.40000       7.31900             -      58.64000      30.52000     180.50000      59.64000      31.12000
23                       120.10000       7.28400     175.70000      61.62000      31.16000     174.00000      51.83000      38.62000
32                       119.10000       6.80500     178.50000      58.15000      27.59000     179.60000      59.65000      27.75000
69                       129.10000       8.73300     177.40000      57.54000      28.67000             -      57.37000      29.71000
83                       126.60000       8.62100     174.90000      59.68000      26.97000     175.70000      61.52000      31.20000
88                       124.60000       8.55900     176.80000      65.31000      29.12000     181.00000      59.16000      18.76000
92                       122.00000       9.12200             -      57.10000      39.62000     178.60000      55.70000      37.25000
106                      125.40000       8.30400     179.70000      59.15000      40.32000     177.60000      61.57000      39.11000
107                      125.20000       8.11300     181.70000      58.03000      40.48000     177.70000      53.24000      31.25000
123                      122.60000       8.65700     174.90000      55.98000      37.70000     172.70000      55.51000      64.27000
124                      122.70000       8.50400     181.10000      59.10000      28.21000     179.20000      57.39000      27.53000
148                      117.50000       8.69900     178.30000      60.02000      36.45000     178.40000      60.02000      28.88000
149                      116.80000       8.77900     176.50000      51.14000      29.02000     179.80000      61.44000      28.88000
152                      115.20000       8.61500     170.60000      59.34000      63.14000     178.00000      51.17000      17.93000
163                      118.10000       8.36100     173.10000      57.88000      41.30000     177.60000      66.28000      36.90000
171                      119.90000       8.52200     176.90000      58.25000      30.91000     177.70000      54.35000      30.34000
178                      113.80000       8.41700     177.50000      66.00000      68.39000     178.80000      58.07000      41.16000
193                      113.50000       7.76600     172.10000      64.67000      30.41000     178.30000      57.99000      28.18000
242                      112.80000       7.40900     178.00000      62.07000      27.76000     180.20000      62.11000      27.82000
245                      120.60000       7.49900     176.40000      53.67000      40.02000     175.50000      53.40000      38.82000
258                      123.70000       7.78400     179.50000      58.69000      28.54000     177.60000      61.35000      71.35000
266                      122.60000       8.43200      29.61000      55.95000      29.32000     176.40000      55.83000      29.60000
272                      123.90000       8.11400     176.50000      54.64000      28.63000     174.80000      56.15000      64.72000
304                      116.80000       8.28000     174.10000      62.36000             -     181.30000      55.25000             -
316                      118.00000       8.28300             -      52.74000      63.46000     176.30000      56.04000      29.45000
321                      118.50000       7.79100             -      58.30000      26.83000     176.50000      63.63000      18.32000
348                      120.50000       8.02600     171.00000      57.37000      40.75000     179.50000      58.71000      28.44000
350                      122.10000       8.19000     175.40000      60.01000      37.76000     175.30000      61.53000      31.27000
369                      120.20000       7.69400     177.70000      54.98000      41.16000     177.80000      55.86000      41.42000
1024                     107.00000       7.08900     176.90000      46.73000             -     177.60000      60.46000      28.18000
1063                     121.20000       8.22600             -      57.85000      32.23000     177.80000      52.56000      40.50000
1073                     116.60000       8.18700     175.40000      53.37000      38.98000     177.00000      58.20000      31.49000
5005                     121.60000       7.87000             -      60.92000             -     176.00000      54.16000             -
5006                     121.20000       8.10000     176.90000      54.11000      40.44000     175.90000      54.20000      40.73000
5007                     121.30000       8.01700     176.90000      57.58000      31.33000     176.90000      53.92000      29.31000
5008                     121.20000       8.01500             -      62.10000      27.72000     177.60000      56.25000      40.31000
5013                     118.80000       7.92000     178.20000      55.03000      27.56000     177.70000      58.56000      29.77000
5015                     120.40000       7.92100     175.80000      57.19000      31.91000     176.10000      53.92000      40.32000
5016                     121.30000       8.27700     177.20000             -      52.87000     177.80000             -      40.16000
5021                     125.70000       8.45600     175.60000      59.92000      29.55000     176.10000             -             -
5022                     126.00000       7.90900     177.20000      66.50000      30.27000     176.90000      64.40000      48.23000
5024                     121.70000       8.61600             -             -      60.30000     177.10000      53.73000      27.50000
5027                     123.70000       7.82500     175.60000      60.36000      37.64000     175.10000      57.21000      37.80000
5030                     121.10000       8.00200     176.50000      62.18000             -             -      48.18000             -
5031                     119.30000       7.61500     174.00000      58.71000      40.63000     179.50000             -             -
5036                     123.70000       8.08700     177.20000             -      41.00000     177.20000      54.77000      40.85000
5038                     126.40000       8.17800             -      51.64000             -     175.80000      55.73000      29.71000
5039                     117.70000       7.95800     177.60000      55.59000      39.18000     181.00000      54.09000      17.26000
