      Assignment         w1         w2        S/N  

           M-1N-H    122.072      8.735        333 
            M1N-H    120.529      8.471        845 
            S2N-H    116.360      8.149        325 
            E3N-H    122.327      8.277       1348 
            Y4N-H    119.462      8.139        640 
            I5N-H    116.235      8.932        747 
            R6N-H    123.388      8.653        588 
            V7N-H    122.055      9.014       1029 
            T8N-H    117.969      8.676       1280 
            E9N-H    122.683      8.739       1222 
           D10N-H    119.422      7.973       1483 
           E11N-H    126.216      9.252       1195 
           N12N-H    117.010      9.070       1625 
           D13N-H    121.135      8.049       1792 
           E14N-H    123.152      8.609       2241 
           I16N-H    118.733      9.209       1057 
           E17N-H    121.754      8.260        485 
           I18N-H    123.861      9.285        353 
           S20N-H    114.173      7.864        849 
           E21N-H    118.317      9.299        864 
           D22N-H    122.358      9.027       1192 
           D23N-H    115.547      7.625       1501 
           G24N-H    107.938      8.233       1083 
           T25N-H    113.583      7.899        960 
           V26N-H    117.679      8.547        848 
           L27N-H    125.875      8.526        922 
           L28N-H    125.478      8.698       1201 
           S29N-H    112.601      8.733       1309 
           T30N-H    121.491      7.507       1281 
           V31N-H    120.932      7.291        910 
           T32N-H    112.618      9.230        606 
           A33N-H    122.192      7.304       1419 
           Q34N-H    112.704      6.891        715 
           F35N-H    118.009      8.314        866 
           G37N-H    111.101      8.783        936 
           A38N-H    122.546      8.036       1780 
           C39N-H    112.546      9.055       1035 
           G40N-H    107.466      7.405        898 
           L41N-H    118.286      8.923        234 
           R42N-H    120.039      9.550       1158 
           Y43N-H    115.888      9.033       1247 
           R44N-H    121.345      8.978       1326 
           N45N-H    127.555      8.819       1114 
           V47N-H    115.761      7.645       1619 
           E48N-H    118.268      7.722        694 
           Q49N-H    114.355      8.295        544 
           C50N-H    113.187      7.392       1587 
           M51N-H    120.500      8.597        373 
           R52N-H    123.451      8.996       1035 
           G53N-H    106.401      8.505        535 
           V54N-H    124.498      8.316         72 
           R55N-H    132.095      9.395       1010 
           L56N-H    129.481      8.174        121 
           V57N-H    127.815      9.287        920 
           E58N-H    128.203      9.548        755 
           G59N-H    102.621      8.323       1244 
           I60N-H    123.891      8.176       1372 
           L61N-H    128.833      9.301       1073 
           H62N-H    121.045      8.439        307 
           A63N-H    125.434      8.395       1474 
           D65N-H    122.223      8.442        489 
           A66N-H    118.462      8.045       1167 
           G67N-H    108.072      7.920       1420 
           W68N-H    120.037      8.529       1384 
          W68N-HD    127.677     10.068       1101 
           G69N-H    103.276      8.594       1181 
           N70N-H    119.882      8.726        478 
           L71N-H    118.121      6.936       1163 
           V72N-H    118.262      7.810       1609 
           Y73N-H    127.793      8.934       1070 
           V74N-H    122.745      9.476       1021 
           V75N-H    123.545      7.939        733 
           N76N-H    122.469      7.795        807 
           Y77N-H    122.067      8.613        389 
           K79N-H    121.199      8.273        494 
           D80N-H    127.168      7.950       3206 
