      Assignment         w1         w2         w3        S/N  

            ?-?-?    177.014    118.561      8.053        206 
            ?-?-?    176.091    122.072      8.736        577 
            ?-?-?    175.189    116.296      8.932        110 
            ?-?-?    177.036    123.307      8.606         64 
            ?-?-?    176.147    122.752      8.732         58 
            ?-?-?    175.577    122.407      8.278         66 
            ?-?-?    173.827    122.424      8.279         67 
            ?-?-?    174.897    122.050      8.736        340 
            ?-?-?    174.432    122.263      8.608         93 
            ?-?-?    174.720    119.790      8.554         68 
            ?-?-?    177.004    120.621      8.467        100 
          M1C-N-H    175.831    120.526      8.469       1312 
        M1C-S2N-H    175.806    116.383      8.152        128 
          S2C-N-H    173.764    116.396      8.152         41 
          E3C-N-H    175.152    122.362      8.277       1074 
          Y4C-N-H    175.195    119.482      8.141        490 
          I5C-N-H    174.743    116.276      8.929        340 
          R6C-N-H    174.907    123.388      8.651        364 
        R6C-V7N-H    175.019    122.055      9.011        356 
          V7C-N-H    173.868    122.085      9.012        739 
        V7C-T8N-H    173.873    117.982      8.676        384 
          T8C-N-H    171.826    117.996      8.675        881 
        T8C-E9N-H    171.831    122.701      8.739        295 
          E9C-N-H    175.786    122.683      8.737        696 
       E9C-D10N-H    175.817    119.407      7.976        330 
         D10C-N-H    176.250    119.424      7.975        993 
         E11C-N-H    176.189    126.208      9.250       1119 
      E11C-N12N-H    176.196    117.034      9.067        514 
         N12C-N-H    174.871    117.030      9.067       1297 
      N12C-D13N-H    174.897    121.105      8.055        226 
         D13C-N-H    175.778    121.151      8.051        884 
      D13C-E14N-H    175.786    123.170      8.608        425 
         E14C-N-H    174.869    123.184      8.608       1585 
      P15C-I16N-H    176.180    118.756      9.206        338 
         I16C-N-H    175.116    118.758      9.208        438 
         E17C-N-H    176.220    121.785      8.257        204 
      E17C-I18N-H    176.231    123.835      9.279        149 
         I18C-N-H    173.023    123.881      9.285        197 
      P19C-S20N-H    175.860    114.193      7.868        310 
         S20C-N-H    175.158    114.145      7.861         91 
      S20C-E21N-H    175.138    118.364      9.301         57 
         E21C-N-H    178.912    118.335      9.299        677 
      E21C-D22N-H    178.918    122.405      9.026        478 
         D22C-N-H    176.414    122.404      9.027        600 
      D22C-D23N-H    176.358    115.527      7.613        119 
         D23C-N-H    177.626    115.547      7.621        981 
      D23C-G24N-H    177.608    107.938      8.233        191 
         G24C-N-H    175.420    107.953      8.233        762 
      G24C-T25N-H    175.409    113.575      7.901        150 
         T25C-N-H    172.549    113.602      7.901       1294 
      T25C-V26N-H    172.561    117.705      8.545        331 
         V26C-N-H    175.216    117.688      8.545        713 
      V26C-L27N-H    175.218    125.886      8.523        324 
         L27C-N-H    178.823    125.884      8.524        651 
         L28C-N-H    178.695    125.496      8.698        588 
      L28C-S29N-H    178.586    112.597      8.731        238 
         T30C-N-H    176.267    121.542      7.508         89 
         V31C-N-H    178.959    120.958      7.294        186 
      V31C-T32N-H    178.967    112.650      9.233         72 
         T32C-N-H    176.330    112.637      9.227        225 
         A33C-N-H    178.655    122.214      7.306        783 
      A33C-Q34N-H    178.670    112.721      6.887         73 
         Q34C-N-H    174.826    112.718      6.887        184 
      Q34C-F35N-H    174.843    118.009      8.314        132 
         F35C-N-H    171.333    118.033      8.312        474 
      P36C-G37N-H    178.525    111.131      8.782        502 
         G37C-N-H    174.667    111.115      8.783        288 
      G37C-A38N-H    174.655    122.546      8.040        104 
         A38C-N-H    177.248    122.581      8.038       1555 
      A38C-C39N-H    177.257    112.579      9.052        519 
         C39C-N-H    173.761    112.569      9.052        649 
         G40C-N-H    182.527    107.495      7.409        228 
         L41C-N-H    175.517    118.286      8.916         40 
      L41C-R42N-H    175.522    120.095      9.551        119 
         R42C-N-H    173.493    120.066      9.552        821 
      R42C-Y43N-H    173.505    115.924      9.029        266 
         Y43C-N-H    172.288    115.906      9.030        957 
      Y43C-R44N-H    172.301    121.344      8.976        387 
         R44C-N-H    175.509    121.373      8.976        906 
         N45C-N-H    175.357    127.574      8.819        319 
      P46C-V47N-H    177.550    115.761      7.641        603 
         V47C-N-H    176.946    115.761      7.650        974 
      V47C-E48N-H    176.924    118.280      7.721        203 
         E48C-N-H    176.023    118.304      7.722        554 
      E48C-Q49N-H    176.046    114.338      8.293        253 
         Q49C-N-H    174.764    114.373      8.294        454 
      Q49C-C50N-H    174.783    113.204      7.395        213 
         C50C-N-H    172.966    113.216      7.394       1682 
      C50C-M51N-H    172.979    120.507      8.597        258 
         M51C-N-H    176.180    120.486      8.597        349 
      M51C-R52N-H    176.171    123.474      8.994        273 
         R52C-N-H    174.790    123.476      8.993        627 
         G53C-N-H    174.748    106.435      8.497        182 
      V54C-R55N-H    176.276    132.110      9.395        318 
         R55C-N-H    173.205    132.116      9.396        612 
      R55C-L56N-H    173.220    129.448      8.179         30 
         L56C-N-H    176.222    129.476      8.191         12 
         V57C-N-H    175.963    127.832      9.286        691 
         E58C-N-H    175.979    128.225      9.550       1166 
      E58C-G59N-H    176.015    102.649      8.323        324 
         G59C-N-H    173.134    102.621      8.322        704 
      G59C-I60N-H    173.133    123.901      8.178        193 
         I60C-N-H    174.429    123.923      8.177       1031 
      I60C-L61N-H    174.443    128.847      9.301        423 
         L61C-N-H    175.607    128.848      9.301        360 
         H62C-N-H    173.274    121.054      8.434        227 
      H62C-A63N-H    173.286    125.458      8.394        440 
         A63C-N-H    175.983    125.454      8.393       1201 
      P64C-D65N-H    176.198    122.279      8.441        403 
         D65C-N-H    177.038    122.246      8.440        422 
         A66C-N-H    177.445    118.495      8.048       1217 
      A66C-G67N-H    177.483    108.102      7.921        241 
         G67C-N-H    172.829    108.090      7.922        526 
      G67C-W68N-H    172.844    120.084      8.532        246 
         W68C-N-H    180.486    120.066      8.527        710 
      W68C-G69N-H    180.483    103.305      8.592        177 
         G69C-N-H    173.670    103.286      8.593        767 
      G69C-N70N-H    173.683    119.917      8.725         99 
         N70C-N-H    175.259    119.882      8.725        125 
      N70C-L71N-H    175.138    118.142      6.934         66 
         L71C-N-H    174.355    118.146      6.932        662 
         V72C-N-H    174.419    118.282      7.811       1272 
         Y73C-N-H    174.370    127.809      8.932        932 
      Y73C-V74N-H    174.329    122.757      9.478        317 
         V74C-N-H    176.758    122.765      9.477        709 
      V74C-V75N-H    176.764    123.575      7.940        105 
         V75C-N-H    174.592    123.579      7.941        144 
      V75C-N76N-H    174.570    122.466      7.796         93 
         N76C-N-H    173.199    122.503      7.796        275 
      N76C-Y77N-H    173.221    122.101      8.605         98 
         Y77C-N-H    174.340    122.063      8.615        121 
      P78C-K79N-H    176.518    121.199      8.272        136 
         K79C-N-H    175.270    121.199      8.269        452 
      K79C-D80N-H    175.253    127.181      7.952        882 
         D80C-N-H    180.820    127.192      7.952       1259 
