           CA   CA-1     CB   CB-1     CO   CO-1      H      N
     9  52.56  44.29  41.71    -    174.7  174.5  7.046  125.8
    12  49.41  59.29  29.47  63.13  175.4  173.4  6.749  121.6
    17  57.37  55.32  29.71  32.09  177.4  176.2  7.436  124.6
    19  54.26  65.98  18.84  68.29  179.3  176.1  7.445  123.8
    21  58.64  59.64  30.52  31.12    -    180.5  7.319  121.4
    23  61.62  51.83  31.16  38.62  175.7  174.0  7.284  120.1
    24  55.85  57.40  41.48  28.44  177.8  177.7  7.341  120.0
    28  58.23  59.68  28.77  32.26  178.1  177.5  7.300  117.7
    31  64.77  55.03  30.74  17.62  178.4  181.3  6.992  119.9
    32  58.15  59.65  27.59  27.75  178.5  179.6  6.805  119.1
    37  55.36  64.65  31.78  30.51  176.2  176.7  6.934  117.5
    47  64.56  57.03  37.77  39.13  178.0  178.8  7.708  124.0
    52  52.51  53.64  17.58  40.05  178.0  176.4  8.485  130.0
    69  57.54  57.37  28.67  29.71  177.4    -    8.733  129.1
    78  53.98  52.49  42.31  39.55  181.6  176.5  8.600  127.6
    83  59.68  61.52  26.97  31.20  174.9  175.7  8.621  126.6
    84  65.57  62.81  30.96  31.65  177.1  178.1  8.714  126.3
    88  65.31  59.16  29.12  18.76  176.8  181.0  8.559  124.6
    92  57.10  55.70  39.62  37.25    -    178.6  9.122  122.0
   106  59.15  61.57  40.32  39.11  179.7  177.6  8.304  125.4
   107  58.03  53.24  40.48  31.25  181.7  177.7  8.113  125.2
   110  51.72  56.28  18.27  29.15  177.1  176.6  8.151  124.6
   118  59.66  65.55  27.58  30.60  179.6  177.1  9.172  119.5
   122  59.72  56.27  32.23  40.55  177.5  180.6  8.732  121.6
   123  55.98  55.51  37.70  64.27  174.9  172.7  8.657  122.6
   124  59.10  57.39  28.21  27.53  181.1  179.2  8.504  122.7
   135  54.34  55.69  30.41  30.39  177.7  173.0  8.797  120.7
   147  55.19  66.31  17.72  31.30  181.3  177.3  8.684  117.6
   148  60.02  60.02  36.45  28.88  178.3  178.4  8.699  117.5
   149  51.14  61.44  29.02  28.88  176.5  179.8  8.779  116.8
   150  44.89  58.29    -    61.58    -    175.8  8.793  116.9
   152  59.34  51.17  63.14  17.93  170.6  178.0  8.615  115.2
   162  59.23  57.39  28.89  40.73  179.3  178.9  8.432  118.2
   163  57.88  66.28  41.30  36.90  173.1  177.6  8.361  118.1
   167  67.04  64.47  30.15  37.77  177.8  178.0  8.587  119.6
   171  58.25  54.35  30.91  30.34  176.9  177.7  8.522  119.9
   178  66.00  58.07  68.39  41.16  177.5  178.8  8.417  113.8
   189  61.28  67.00  61.88  30.07  177.1  177.8  8.026  114.5
   192  55.51  57.80  64.42  32.18  171.5  177.3  7.881  113.6
   193  64.67  57.99  30.41  28.18  172.1  178.3  7.766  113.5
   220  51.97  57.47  38.45  26.87  174.0  176.3  6.952  111.9
   242  62.07  62.11  27.76  27.82  178.0  180.2  7.409  112.8
   245  53.67  53.40  40.02  38.82  176.4  175.5  7.499  120.6
   247  57.37  55.62  26.96  39.03  176.3  178.0  7.563  121.5
   252  57.99  59.55  28.87  29.44  178.2  178.1  7.536  122.8
   254  54.76  66.67  16.77  67.71  178.2  176.2  7.959  123.8
   256  54.73  56.50  16.84  38.47  181.6  176.0  7.898  122.7
   258  58.69  61.35  28.54  71.35  179.5  177.6  7.784  123.7
   261  59.09  55.62  28.54  36.56  179.9  178.3  7.646  122.0
   264  67.15  54.76  30.38  16.70  177.3  181.6  8.432  122.4
   266  55.95  55.83  29.32  29.60  29.61  176.4  8.432  122.6
   270  53.86  61.68  40.31  31.89  175.8  175.8  8.301  124.1
   272  54.64  56.15  28.63  64.72  176.5  174.8  8.114  123.9
   275  53.49  51.71  31.32  18.27  173.8  177.2  8.149  123.4
   302  59.46  56.97  29.53  39.04  178.1  179.6  8.124  118.0
   304  62.36  55.25    -      -    174.1  181.3  8.280  116.8
   310  61.67  53.72  31.87  40.31  175.9  176.1  7.838  119.2
   311  52.59  53.95  38.74  40.40  174.5  175.4  7.796  118.9
   312  57.42  46.04  28.39    -    177.7  176.0  7.580  120.4
   316  52.74  56.04  63.46  29.45    -    176.3  8.283  118.0
   317  54.12  59.91  39.67  37.74  176.5  176.4  8.236  117.8
   321  58.30  63.63  26.83  18.32    -    176.5  7.791  118.5
   324  55.73  56.76  37.30  27.64  180.0  178.1  8.147  119.0
   328  54.53  52.57  40.30  38.61  175.9  174.5  8.274  119.9
   348  57.37  58.71  40.75  28.44  171.0  179.5  8.026  120.5
   350  60.01  61.53  37.76  31.27  175.4  175.3  8.190  122.1
   353  62.36  53.39  31.81  40.57  174.9  175.4  8.063  122.0
   365  53.41  54.53  40.55  40.34  175.4  175.9  7.880  121.0
   369  54.98  55.86  41.16  41.42  177.7  177.8  7.694  120.2
   371  53.01  51.91  33.19  18.20  174.2  176.2  7.855  121.3
   380  56.28  54.91  29.16  41.04  176.1  177.7  7.689  120.9
  1006    -      -    31.61  47.91  174.4  177.8  8.510  117.7
  1007    -      -    26.02  55.61  172.8  176.2  8.245  118.7
  1012  52.43  56.12  31.98  64.61  177.8  173.0  8.335  122.4
  1017  51.91  56.09  18.20  28.90  176.2  176.0  8.070  126.3
  1019  46.16  59.17    -    28.93  176.0  179.3  7.789  105.3
  1020  48.22  58.50    -    28.81  177.6  178.2  8.083  106.4
  1024  46.73  60.46    -    28.18  176.9  177.6  7.089  107.0
  1029  63.56  59.07  37.20  28.56  177.6  179.9  7.863  121.6
  1060  52.41  62.76    -    31.40    -    176.8  8.294  123.9
  1063  57.85  52.56  32.23  40.50    -    177.8  8.226  121.2
  1073  53.37  58.20  38.98  31.49  175.4  177.0  8.187  116.6
  1093  53.99  61.65  40.38  31.71  175.4  175.9  8.325  122.6
  1094  61.60  54.16  39.58  19.08  177.1  179.3  7.406  106.0
  2002  51.71  48.48    -      -      -    176.1  8.005  126.0
  5002  54.11  53.00  40.19    -    180.0  175.0  8.286  121.6
  5003    -    53.93  40.32  40.33  176.1  175.5  8.225  121.7
  5005  60.92  54.16    -      -      -    176.0  7.870  121.6
  5006  54.11  54.20  40.44  40.73  176.9  175.9  8.100  121.2
  5007  57.58  53.92  31.33  29.31  176.9  176.9  8.017  121.3
  5008  62.10  56.25  27.72  40.31    -    177.6  8.015  121.2
  5009  57.02  67.15  39.01  30.63  179.6  177.4  8.099  118.9
  5011  56.53  67.62  38.48  68.03  176.0  176.5  7.665  118.2
  5013  55.03  58.56  27.56  29.77  178.2  177.7  7.920  118.8
  5014  61.70  51.87    -    17.86  176.0  177.7  8.009  120.7
  5015  57.19  53.92  31.91  40.32  175.8  176.1  7.921  120.4
  5016    -      -    52.87  40.16  177.2  177.8  8.277  121.3
  5017  57.37  43.99    -      -      -    176.2  8.196  121.1
  5018  55.94  44.77  58.75    -      -    174.0  8.148  121.0
  5020    -    50.41  46.79  48.52    -    174.9  8.438  124.8
  5021  59.92    -    29.55    -    175.6  176.1  8.456  125.7
  5022  66.5   64.40  30.27  48.23  177.2  176.9  7.909  126.0
  5023  60.39  58.94    -    63.96    -    179.5  7.558  123.8
  5024    -    53.73  60.30  27.50    -    177.1  8.616  121.7
  5025    -    54.03  40.40  40.46    -    175.7  8.180  121.5
  5027  60.36  57.21  37.64  37.80  175.6  175.1  7.825  123.7
  5028    -    62.38  64.59    -    173.0  175.0  8.366  122.7
  5030  62.18  48.18    -      -    176.5    -    8.002  121.1
  5031  58.71    -    40.63    -    174.0  179.5  7.615  119.3
  5032    -      -    15.60  67.94    -    178.8  8.998  121.5
  5034    -      -    22.46    -      -    179.8  7.588  119.9
  5036    -    54.77  41.00  40.85  177.2  177.2  8.087  123.7
  5037  67.43  66.23  21.33  29.83  179.8  177.2  8.376  117.5
  5038  51.64  55.73    -    29.71    -    175.8  8.178  126.4
  5039  55.59  54.09  39.18  17.26  177.6  181.0  7.958  117.7
