    1                      1     108.000     2.881 -9999.000    43.330 -9999.000 -9999.000 -9999.000 -9999.000   177.700    51.690    16.520 -9999.000 -9999.000 -9999.000
    2                      2     113.900     5.668 -9999.000    58.540    68.120 -9999.000 -9999.000 -9999.000   179.800    60.790    27.000 -9999.000 -9999.000 -9999.000
    3                      3     126.200     5.178 -9999.000 -9999.000 -9999.000 -9999.000 -9999.000 -9999.000   176.600 -9999.000 -9999.000 -9999.000 -9999.000 -9999.000
    4                      4     122.300     6.224 -9999.000    49.920    15.490 -9999.000 -9999.000 -9999.000   174.800    49.050    19.950 -9999.000 -9999.000 -9999.000
    5                      5     120.000     6.312 -9999.000    56.700    29.350 -9999.000 -9999.000 -9999.000   173.200    58.110    62.910 -9999.000 -9999.000 -9999.000
    6                      7     110.100     6.218 -9999.000    62.940 -9999.000 -9999.000 -9999.000 -9999.000 -9999.000    62.970 -9999.000 -9999.000 -9999.000 -9999.000
    7                      8     128.300     6.918 -9999.000    52.650    32.520 -9999.000 -9999.000 -9999.000   172.100    57.280 -9999.000 -9999.000 -9999.000 -9999.000
    8                      9     125.600     7.065 -9999.000    52.560    41.780 -9999.000 -9999.000 -9999.000   174.500    44.430 -9999.000 -9999.000 -9999.000 -9999.000
    9                     10     124.400     6.889 -9999.000    53.500    39.980 -9999.000 -9999.000 -9999.000   175.000    61.350    33.950 -9999.000 -9999.000 -9999.000
   10                     11     121.200     6.594 -9999.000    52.860    41.460 -9999.000 -9999.000 -9999.000   174.700    56.120    40.030 -9999.000 -9999.000 -9999.000
   11                     12     121.600     6.790 -9999.000    49.500    29.840 -9999.000 -9999.000 -9999.000   173.500    59.270    63.080 -9999.000 -9999.000 -9999.000
   12                     13     122.100     7.010 -9999.000    56.770 -9999.000 -9999.000 -9999.000 -9999.000   178.700    58.690 -9999.000 -9999.000 -9999.000 -9999.000
   13                     14     121.900     7.035 -9999.000    54.760    31.590 -9999.000 -9999.000 -9999.000   174.300    54.080    31.080 -9999.000 -9999.000 -9999.000
   14                     15     122.700     7.199 -9999.000    56.720    63.290 -9999.000 -9999.000 -9999.000   172.500    55.480    33.530 -9999.000 -9999.000 -9999.000
   15                     16     125.100     7.437 -9999.000    54.780    17.890 -9999.000 -9999.000 -9999.000   177.800    63.110    36.570 -9999.000 -9999.000 -9999.000
   16                     17     124.200     7.414 -9999.000    57.300    29.820 -9999.000 -9999.000 -9999.000   176.200    55.350    31.880 -9999.000 -9999.000 -9999.000
   17                     18     122.800     7.375 -9999.000    58.480    37.720 -9999.000 -9999.000 -9999.000   176.300    49.790    31.060 -9999.000 -9999.000 -9999.000
   18                     19     123.800     7.463 -9999.000    54.330    19.060 -9999.000 -9999.000 -9999.000   176.100    65.880    68.840 -9999.000 -9999.000 -9999.000
   19                     20     122.700     7.419 -9999.000    52.790    43.060 -9999.000 -9999.000 -9999.000   172.200    55.900    28.490 -9999.000 -9999.000 -9999.000
   20                     21     121.300     7.320 -9999.000    58.560    30.520 -9999.000 -9999.000 -9999.000   180.500    59.780    30.160 -9999.000 -9999.000 -9999.000
   21                     22     120.600     7.309 -9999.000    57.320 -9999.000 -9999.000 -9999.000 -9999.000   176.200    60.630 -9999.000 -9999.000 -9999.000 -9999.000
   22                     23     120.100     7.285 -9999.000    61.480    31.190 -9999.000 -9999.000 -9999.000   174.000    52.000    38.810 -9999.000 -9999.000 -9999.000
   23                     24     120.000     7.348 -9999.000    55.870    41.400 -9999.000 -9999.000 -9999.000   177.600    57.310    28.450 -9999.000 -9999.000 -9999.000
   24                     25     120.600     7.377 -9999.000    64.290 -9999.000 -9999.000 -9999.000 -9999.000   177.300 -9999.000 -9999.000 -9999.000 -9999.000 -9999.000
   25                     26     119.400     7.348 -9999.000    58.040    63.180 -9999.000 -9999.000 -9999.000   174.100    60.840    32.870 -9999.000 -9999.000 -9999.000
   26                     27     118.300     7.321 -9999.000    58.700 -9999.000 -9999.000 -9999.000 -9999.000   178.900    58.810    31.610 -9999.000 -9999.000 -9999.000
   27                     28     117.900     7.325 -9999.000    58.350    28.990 -9999.000 -9999.000 -9999.000   177.600    59.740 -9999.000 -9999.000 -9999.000 -9999.000
   28                     29     118.000     7.270 -9999.000    54.670    41.660 -9999.000 -9999.000 -9999.000   172.500    45.090 -9999.000 -9999.000 -9999.000 -9999.000
   29                     30     120.000     6.965 -9999.000    53.030    32.390 -9999.000 -9999.000 -9999.000   175.700    54.050    31.950 -9999.000 -9999.000 -9999.000
   30                     31     119.800     7.014 -9999.000    64.890    31.050 -9999.000 -9999.000 -9999.000   181.300    55.100 -9999.000 -9999.000 -9999.000 -9999.000
   31                     32     119.000     6.834 -9999.000    58.060    27.880 -9999.000 -9999.000 -9999.000   179.500    59.640    34.320 -9999.000 -9999.000 -9999.000
   32                     33     118.900     6.735 -9999.000    64.340 -9999.000 -9999.000 -9999.000 -9999.000   179.500 -9999.000 -9999.000 -9999.000 -9999.000 -9999.000
   33                     34     118.000     6.915 -9999.000    49.070    20.140 -9999.000 -9999.000 -9999.000   173.700    45.580 -9999.000 -9999.000 -9999.000 -9999.000
   34                     35     117.200     6.870 -9999.000    58.010    64.200 -9999.000 -9999.000 -9999.000   175.200    53.900    28.490 -9999.000 -9999.000 -9999.000
   35                     37     117.600     6.959 -9999.000    55.410    32.360 -9999.000 -9999.000 -9999.000   176.500    64.120    31.080 -9999.000 -9999.000 -9999.000
   36                     38     115.400     6.756 -9999.000    53.350 -9999.000 -9999.000 -9999.000 -9999.000   174.800 -9999.000 -9999.000 -9999.000 -9999.000 -9999.000
   37                     43     125.400     7.540 -9999.000    53.560    35.150 -9999.000 -9999.000 -9999.000   173.200    56.230    37.780 -9999.000 -9999.000 -9999.000
   38                     44     125.100     7.593 -9999.000    56.790    32.710 -9999.000 -9999.000 -9999.000   177.200 -9999.000    29.370 -9999.000 -9999.000 -9999.000
   39                     45     124.400     7.557 -9999.000    55.180 -9999.000 -9999.000 -9999.000 -9999.000   177.300 -9999.000 -9999.000 -9999.000 -9999.000 -9999.000
   40                     47     123.700     7.643 -9999.000    64.410    37.740 -9999.000 -9999.000 -9999.000   178.700    57.030    39.800 -9999.000 -9999.000 -9999.000
   41                     48     127.600     7.875 -9999.000    60.810    32.810 -9999.000 -9999.000 -9999.000   173.000    59.200 -9999.000 -9999.000 -9999.000 -9999.000
   42                     49     127.500     7.930 -9999.000    49.460    22.140 -9999.000 -9999.000 -9999.000   174.700    61.150    29.320 -9999.000 -9999.000 -9999.000
   43                     50     129.200     7.942 -9999.000    52.100 -9999.000 -9999.000 -9999.000 -9999.000   172.500    57.380 -9999.000 -9999.000 -9999.000 -9999.000
   44                     51     129.300     8.162 -9999.000    54.740    30.870 -9999.000 -9999.000 -9999.000   173.200    56.070    42.210 -9999.000 -9999.000 -9999.000
   45                     52     129.900     8.426 -9999.000    52.560    17.720 -9999.000 -9999.000 -9999.000   176.500    53.820 -9999.000 -9999.000 -9999.000 -9999.000
   46                     53     130.500     8.660 -9999.000    57.730    39.680 -9999.000 -9999.000 -9999.000   174.400    52.930 -9999.000 -9999.000 -9999.000 -9999.000
   47                     54     131.300     8.845 -9999.000    56.680 -9999.000 -9999.000 -9999.000 -9999.000   177.800 -9999.000 -9999.000 -9999.000 -9999.000 -9999.000
   48                     55     130.500     8.906 -9999.000    54.990    30.580 -9999.000 -9999.000 -9999.000   176.000    55.400    28.640 -9999.000 -9999.000 -9999.000
   49                     56     131.400     9.076 -9999.000    53.350    41.970 -9999.000 -9999.000 -9999.000   176.100    52.170    60.640 -9999.000 -9999.000 -9999.000
   50                     58     132.200     9.172 -9999.000    53.060    39.630 -9999.000 -9999.000 -9999.000   174.900    61.740    33.210 -9999.000 -9999.000 -9999.000
   51                     59     128.300     8.753 -9999.000    57.840    27.490 -9999.000 -9999.000 -9999.000   176.500 -9999.000    32.080 -9999.000 -9999.000 -9999.000
   52                     60     129.400     9.092 -9999.000    54.690    33.330 -9999.000 -9999.000 -9999.000   175.400    60.050    38.050 -9999.000 -9999.000 -9999.000
   53                     61     128.800     8.719 -9999.000    53.360    43.870 -9999.000 -9999.000 -9999.000   175.000    57.290    38.600 -9999.000 -9999.000 -9999.000
   54                     62     128.600     8.398 -9999.000    53.440    41.520 -9999.000 -9999.000 -9999.000   171.800    55.500 -9999.000 -9999.000 -9999.000 -9999.000
   55                     63     133.700     9.833 -9999.000 -9999.000 -9999.000 -9999.000 -9999.000 -9999.000   172.500 -9999.000 -9999.000 -9999.000 -9999.000 -9999.000
   56                     64     128.700     9.231 -9999.000    52.370    29.410 -9999.000 -9999.000 -9999.000   176.100    53.410    43.530 -9999.000 -9999.000 -9999.000
   57                     65     127.800     9.284 -9999.000    60.480    40.650 -9999.000 -9999.000 -9999.000   177.600    62.060    35.540 -9999.000 -9999.000 -9999.000
   58                     66     127.200     9.434 -9999.000    52.490    17.750 -9999.000 -9999.000 -9999.000   175.400    60.390    58.560 -9999.000 -9999.000 -9999.000
   59                     67     126.700     9.341 -9999.000    55.820    18.500 -9999.000 -9999.000 -9999.000   178.800    56.090    29.660 -9999.000 -9999.000 -9999.000
   60                     68     127.300     8.949 -9999.000    55.340    39.990 -9999.000 -9999.000 -9999.000   171.600    57.690    64.250 -9999.000 -9999.000 -9999.000
   61                     69     128.400     8.666 -9999.000    57.520    28.460 -9999.000 -9999.000 -9999.000   177.300    57.270    29.740 -9999.000 -9999.000 -9999.000
   62                     70     128.200     8.312 -9999.000    49.770    18.850 -9999.000 -9999.000 -9999.000   174.100    53.280    44.470 -9999.000 -9999.000 -9999.000
   63                     71     127.900     8.471 -9999.000    53.180 -9999.000 -9999.000 -9999.000 -9999.000   174.900    63.620    63.360 -9999.000 -9999.000 -9999.000
   64                     72     127.700     8.677 -9999.000    56.700    33.870 -9999.000 -9999.000 -9999.000   175.000    60.190    41.720 -9999.000 -9999.000 -9999.000
   65                     73     127.100     8.793 -9999.000    59.320    28.840 -9999.000 -9999.000 -9999.000   175.000    58.070    63.300 -9999.000 -9999.000 -9999.000
   66                     74     126.700     8.834 -9999.000    55.650    36.960 -9999.000 -9999.000 -9999.000   174.200    56.350    40.170 -9999.000 -9999.000 -9999.000
   67                     75     126.300     8.771 -9999.000    60.610    30.720 -9999.000 -9999.000 -9999.000   177.200    61.590    68.560 -9999.000 -9999.000 -9999.000
   68                     76     126.200     8.741 -9999.000    54.050    40.790 -9999.000 -9999.000 -9999.000   174.400    54.370    43.750 -9999.000 -9999.000 -9999.000
   69                     77     127.200     8.642 -9999.000    57.920    30.830 -9999.000 -9999.000 -9999.000   176.800    61.020    32.150 -9999.000 -9999.000 -9999.000
   70                     78     127.300     8.511 -9999.000    54.200    42.060 -9999.000 -9999.000 -9999.000   176.600    52.710    39.790 -9999.000 -9999.000 -9999.000
   71                     79     126.900     8.563 -9999.000    59.310    39.420 -9999.000 -9999.000 -9999.000   175.300    54.210    30.570 -9999.000 -9999.000 -9999.000
   72                     80     126.600     8.414 -9999.000    56.340    40.160 -9999.000 -9999.000 -9999.000   173.500    54.800 -9999.000 -9999.000 -9999.000 -9999.000
   73                     81     126.400     8.510 -9999.000    56.820    27.860 -9999.000 -9999.000 -9999.000   178.200    52.450    17.880 -9999.000 -9999.000 -9999.000
   74                     83     126.200     8.587 -9999.000    59.680    27.010 -9999.000 -9999.000 -9999.000   175.700    61.480    31.450 -9999.000 -9999.000 -9999.000
   75                     84     126.000     8.651 -9999.000    65.650    31.020 -9999.000 -9999.000 -9999.000   178.100    62.830    31.830 -9999.000 -9999.000 -9999.000
   76                     85     126.400     8.585 -9999.000    55.390    40.470 -9999.000 -9999.000 -9999.000   174.200    54.070    22.890 -9999.000 -9999.000 -9999.000
   77                     86     125.600     9.006 -9999.000    60.470    28.420 -9999.000 -9999.000 -9999.000   181.600    58.210 -9999.000 -9999.000 -9999.000 -9999.000
   78                     87     124.100     9.294 -9999.000    54.480    29.350 -9999.000 -9999.000 -9999.000   175.900    52.440    43.450 -9999.000 -9999.000 -9999.000
   79                     88     124.700     8.605 -9999.000    65.630    37.240 -9999.000 -9999.000 -9999.000   181.200    59.160    18.760 -9999.000 -9999.000 -9999.000
   80                     89     121.400     9.459 -9999.000 -9999.000    40.400 -9999.000 -9999.000 -9999.000   175.400    54.090    29.650 -9999.000 -9999.000 -9999.000
   81                     90     121.800     9.330 -9999.000    51.600    38.410 -9999.000 -9999.000 -9999.000   177.700    58.510    33.430 -9999.000 -9999.000 -9999.000
   82                     91     120.800     9.335 -9999.000    59.770    68.640 -9999.000 -9999.000 -9999.000   178.000    52.250    42.230 -9999.000 -9999.000 -9999.000
   83                     92     122.000     9.113 -9999.000    57.100    39.820 -9999.000 -9999.000 -9999.000   178.800    55.700    37.530 -9999.000 -9999.000 -9999.000
   84                     93     123.300     8.968 -9999.000    56.490    40.290 -9999.000 -9999.000 -9999.000   174.600    58.180 -9999.000 -9999.000 -9999.000 -9999.000
   85                     94     123.400     8.944 -9999.000    55.440 -9999.000 -9999.000 -9999.000 -9999.000   177.300    55.560 -9999.000 -9999.000 -9999.000 -9999.000
   86                     95     123.200     8.880 -9999.000    54.050    43.950 -9999.000 -9999.000 -9999.000   175.300    53.790    41.790 -9999.000 -9999.000 -9999.000
   87                     96     122.800     8.922 -9999.000    56.530 -9999.000 -9999.000 -9999.000 -9999.000   176.000    49.670 -9999.000 -9999.000 -9999.000 -9999.000
   88                     98     123.800     8.819 -9999.000    56.120    29.600 -9999.000 -9999.000 -9999.000   173.800    52.280    25.010 -9999.000 -9999.000 -9999.000
   89                     99     123.800     8.776 -9999.000    59.000    30.880 -9999.000 -9999.000 -9999.000   179.700    59.310 -9999.000 -9999.000 -9999.000 -9999.000
   90                    100     124.000     8.775 -9999.000    55.930    30.630 -9999.000 -9999.000 -9999.000   176.500    56.070    41.170 -9999.000 -9999.000 -9999.000
   91                    101     123.000     8.775 -9999.000    58.310    29.140 -9999.000 -9999.000 -9999.000   176.100    54.360    30.950 -9999.000 -9999.000 -9999.000
   92                    102     122.600     8.673 -9999.000    54.930    31.970 -9999.000 -9999.000 -9999.000   176.500    56.060 -9999.000 -9999.000 -9999.000 -9999.000
   93                    103     121.900     8.962 -9999.000    59.020    33.870 -9999.000 -9999.000 -9999.000   175.700    53.820    40.740 -9999.000 -9999.000 -9999.000
   94                    104     126.700     8.164 -9999.000    55.710    27.800 -9999.000 -9999.000 -9999.000   172.600    62.250    31.210 -9999.000 -9999.000 -9999.000
   95                    106     125.500     8.314 -9999.000    59.170    40.310 -9999.000 -9999.000 -9999.000   177.600    61.530    29.340 -9999.000 -9999.000 -9999.000
   96                    107     125.100     8.123 -9999.000    57.990    40.660 -9999.000 -9999.000 -9999.000   177.600    62.210 -9999.000 -9999.000 -9999.000 -9999.000
   97                    109     125.000     8.229 -9999.000    53.900    40.300 -9999.000 -9999.000 -9999.000   176.300    62.480    31.680 -9999.000 -9999.000 -9999.000
   98                    110     125.100     7.938 -9999.000    51.760    18.330 -9999.000 -9999.000 -9999.000   176.100    56.300    29.260 -9999.000 -9999.000 -9999.000
   99                    111     125.400     7.794 -9999.000    54.370    40.310 -9999.000 -9999.000 -9999.000   174.600    57.320    38.010 -9999.000 -9999.000 -9999.000
  100                    112     125.000     7.826 -9999.000    51.910 -9999.000 -9999.000 -9999.000 -9999.000   178.800    54.130 -9999.000 -9999.000 -9999.000 -9999.000
  101                    113     124.400     7.735 -9999.000    51.870    18.670 -9999.000 -9999.000 -9999.000   175.700    54.010    40.430 -9999.000 -9999.000 -9999.000
  102                    114     124.800     8.484 -9999.000    52.240 -9999.000 -9999.000 -9999.000 -9999.000   175.600    54.540    29.540 -9999.000 -9999.000 -9999.000
  103                    115     125.000     8.433 -9999.000    61.340    36.130 -9999.000 -9999.000 -9999.000   174.200 -9999.000    31.220 -9999.000 -9999.000 -9999.000
  104                    116     124.400     8.387 -9999.000    54.000    40.280 -9999.000 -9999.000 -9999.000   174.800    59.650    26.840 -9999.000 -9999.000 -9999.000
  105                    117     120.000     9.116 -9999.000    61.700 -9999.000 -9999.000 -9999.000 -9999.000   178.800 -9999.000 -9999.000 -9999.000 -9999.000 -9999.000
  106                    118     119.400     9.189 -9999.000    59.690    27.620 -9999.000 -9999.000 -9999.000   177.100    65.600    30.550 -9999.000 -9999.000 -9999.000
  107                    119     120.400     8.888 -9999.000    59.640    24.160 -9999.000 -9999.000 -9999.000   177.800    61.580 -9999.000 -9999.000 -9999.000 -9999.000
  108                    120     120.300     8.882 -9999.000    60.470    30.660 -9999.000 -9999.000 -9999.000   179.000 -9999.000 -9999.000 -9999.000 -9999.000 -9999.000
  109                    121     121.900     8.711 -9999.000    54.870    29.390 -9999.000 -9999.000 -9999.000   176.200    53.450 -9999.000 -9999.000 -9999.000 -9999.000
  110                    122     121.600     8.741 -9999.000    59.770    32.220 -9999.000 -9999.000 -9999.000   180.600    56.330 -9999.000 -9999.000 -9999.000 -9999.000
  111                    123     122.600     8.616 -9999.000 -9999.000    37.560 -9999.000 -9999.000 -9999.000   172.700    55.590    63.460 -9999.000 -9999.000 -9999.000
  112                    124     122.700     8.543 -9999.000    59.220    28.640 -9999.000 -9999.000 -9999.000   179.300    57.640 -9999.000 -9999.000 -9999.000 -9999.000
  113                    125     122.400     8.554 -9999.000    56.520    33.550 -9999.000 -9999.000 -9999.000   174.900    54.670    33.500 -9999.000 -9999.000 -9999.000
  114                    126     122.300     8.599 -9999.000    56.370    29.310 -9999.000 -9999.000 -9999.000   176.600    62.180    33.830 -9999.000 -9999.000 -9999.000
  115                    127     122.000     8.559 -9999.000    60.250    22.250 -9999.000 -9999.000 -9999.000 -9999.000    49.510 -9999.000 -9999.000 -9999.000 -9999.000
  116                    128     123.700     8.477 -9999.000    56.200    29.420 -9999.000 -9999.000 -9999.000   174.600    57.500    63.440 -9999.000 -9999.000 -9999.000
  117                    129     122.600     8.455 -9999.000 -9999.000 -9999.000 -9999.000 -9999.000 -9999.000   177.100    62.610 -9999.000 -9999.000 -9999.000 -9999.000
  118                    130     122.400     8.478 -9999.000    65.830 -9999.000 -9999.000 -9999.000 -9999.000   179.600    58.590 -9999.000 -9999.000 -9999.000 -9999.000
  119                    134     120.900     8.682 -9999.000    57.280 -9999.000 -9999.000 -9999.000 -9999.000   180.800    47.410 -9999.000 -9999.000 -9999.000 -9999.000
  120                    135     120.500     8.755 -9999.000    54.380    30.440 -9999.000 -9999.000 -9999.000   173.000    55.810    30.480 -9999.000 -9999.000 -9999.000
  121                    136     119.900     8.691 -9999.000    66.610 -9999.000 -9999.000 -9999.000 -9999.000   180.400    57.320 -9999.000 -9999.000 -9999.000 -9999.000
  122                    138     119.400     8.614 -9999.000    56.340    42.490 -9999.000 -9999.000 -9999.000   174.100    51.120 -9999.000 -9999.000 -9999.000 -9999.000
  123                    139     118.800     8.876 -9999.000    54.920    34.660 -9999.000 -9999.000 -9999.000   173.200 -9999.000 -9999.000 -9999.000 -9999.000 -9999.000
  124                    140     117.900     9.125 -9999.000    57.620    44.620 -9999.000 -9999.000 -9999.000   172.400 -9999.000 -9999.000 -9999.000 -9999.000 -9999.000
  125                    141     117.800     9.307 -9999.000    54.030    40.260 -9999.000 -9999.000 -9999.000   172.400    55.410    61.960 -9999.000 -9999.000 -9999.000
  126                    142     115.900     9.154 -9999.000    54.530 -9999.000 -9999.000 -9999.000 -9999.000   176.100 -9999.000 -9999.000 -9999.000 -9999.000 -9999.000
  127                    143     117.400     9.038 -9999.000 -9999.000 -9999.000 -9999.000 -9999.000 -9999.000   173.000    56.460 -9999.000 -9999.000 -9999.000 -9999.000
  128                    144     118.000     8.970 -9999.000    57.220 -9999.000 -9999.000 -9999.000 -9999.000   177.500 -9999.000 -9999.000 -9999.000 -9999.000 -9999.000
  129                    146     118.300     8.738 -9999.000    57.450 -9999.000 -9999.000 -9999.000 -9999.000   175.400    56.800    40.810 -9999.000 -9999.000 -9999.000
  130                    147     117.600     8.672 -9999.000    55.240    17.690 -9999.000 -9999.000 -9999.000   177.400    66.310    31.260 -9999.000 -9999.000 -9999.000
  131                    148     117.400     8.689 -9999.000    55.600    36.560 -9999.000 -9999.000 -9999.000   178.400    60.000 -9999.000 -9999.000 -9999.000 -9999.000
  132                    149     116.800     8.733 -9999.000    51.140 -9999.000 -9999.000 -9999.000 -9999.000   176.500    61.440    28.880 -9999.000 -9999.000 -9999.000
  133                    150     116.800     8.745 -9999.000    44.890 -9999.000 -9999.000 -9999.000 -9999.000   175.800    58.290    61.580 -9999.000 -9999.000 -9999.000
  134                    151     116.100     8.724 -9999.000    54.040 -9999.000 -9999.000 -9999.000 -9999.000   174.800    57.660 -9999.000 -9999.000 -9999.000 -9999.000
  135                    152     115.100     8.626 -9999.000    59.320    63.090 -9999.000 -9999.000 -9999.000   178.000    52.590 -9999.000 -9999.000 -9999.000 -9999.000
  136                    153     115.900     8.562 -9999.000    53.970 -9999.000 -9999.000 -9999.000 -9999.000   175.400    57.530    43.030 -9999.000 -9999.000 -9999.000
  137                    154     117.100     8.615 -9999.000    57.310    40.020 -9999.000 -9999.000 -9999.000   177.500    56.370    40.420 -9999.000 -9999.000 -9999.000
  138                    155     116.300     8.520 -9999.000    56.180    31.460 -9999.000 -9999.000 -9999.000   176.200    54.670 -9999.000 -9999.000 -9999.000 -9999.000
  139                    156     117.400     8.496 -9999.000    66.690 -9999.000 -9999.000 -9999.000 -9999.000   177.800    55.430 -9999.000 -9999.000 -9999.000 -9999.000
  140                    157     116.000     8.370 -9999.000    54.300    30.220 -9999.000 -9999.000 -9999.000   172.800    50.840    71.030 -9999.000 -9999.000 -9999.000
  141                    158     116.200     8.320 -9999.000    58.140    43.510 -9999.000 -9999.000 -9999.000   177.300 -9999.000    32.330 -9999.000 -9999.000 -9999.000
  142                    159     117.100     8.313 -9999.000    52.690    41.180 -9999.000 -9999.000 -9999.000   173.900    54.480    36.870 -9999.000 -9999.000 -9999.000
  143                    160     117.000     8.362 -9999.000    55.610    40.260 -9999.000 -9999.000 -9999.000   174.000    56.110 -9999.000 -9999.000 -9999.000 -9999.000
  144                    161     117.500     8.388 -9999.000    53.770    32.510 -9999.000 -9999.000 -9999.000 -9999.000    55.770    31.200 -9999.000 -9999.000 -9999.000
  145                    162     118.100     8.421 -9999.000    59.230    29.170 -9999.000 -9999.000 -9999.000   178.900    57.410    40.900 -9999.000 -9999.000 -9999.000
  146                    163     118.100     8.353 -9999.000    57.790    41.390 -9999.000 -9999.000 -9999.000   177.600    66.110    36.650 -9999.000 -9999.000 -9999.000
  147                    164     118.300     8.330 -9999.000    53.560    33.140 -9999.000 -9999.000 -9999.000   173.600    56.050 -9999.000 -9999.000 -9999.000 -9999.000
  148                    165     118.500     8.286 -9999.000    58.970    28.470 -9999.000 -9999.000 -9999.000   178.600    59.220    70.390 -9999.000 -9999.000 -9999.000
  149                    166     118.800     8.591 -9999.000    59.040 -9999.000 -9999.000 -9999.000 -9999.000   175.300 -9999.000 -9999.000 -9999.000 -9999.000 -9999.000
  150                    167     119.500     8.551 -9999.000    66.990    30.290 -9999.000 -9999.000 -9999.000   178.000    64.450 -9999.000 -9999.000 -9999.000 -9999.000
  151                    168     119.300     8.406 -9999.000    54.400    40.770 -9999.000 -9999.000 -9999.000   176.600    62.890    31.500 -9999.000 -9999.000 -9999.000
  152                    169     119.400     8.433 -9999.000 -9999.000 -9999.000 -9999.000 -9999.000 -9999.000 -9999.000 -9999.000 -9999.000 -9999.000 -9999.000 -9999.000
  153                    170     119.800     8.454 -9999.000    59.160    33.330 -9999.000 -9999.000 -9999.000   174.200    68.340    30.140 -9999.000 -9999.000 -9999.000
  154                    171     119.900     8.464 -9999.000    58.270    31.070 -9999.000 -9999.000 -9999.000   177.700    54.290 -9999.000 -9999.000 -9999.000 -9999.000
  155                    172     119.000     8.319 -9999.000    57.200    40.350 -9999.000 -9999.000 -9999.000   177.000    57.690 -9999.000 -9999.000 -9999.000 -9999.000
  156                    173     118.800     8.335 -9999.000    59.370    30.350 -9999.000 -9999.000 -9999.000   182.000    54.730    64.950 -9999.000 -9999.000 -9999.000
  157                    175     112.900     8.851 -9999.000    57.530    68.160 -9999.000 -9999.000 -9999.000   174.000    57.910    36.450 -9999.000 -9999.000 -9999.000
  158                    176     112.400     8.776 -9999.000    56.430    65.790 -9999.000 -9999.000 -9999.000   175.300    55.380    33.130 -9999.000 -9999.000 -9999.000
  159                    177     114.200     8.524 -9999.000    55.220    19.130 -9999.000 -9999.000 -9999.000   179.200 -9999.000    66.360 -9999.000 -9999.000 -9999.000
  160                    178     113.500     8.406 -9999.000    66.000    68.360 -9999.000 -9999.000 -9999.000   178.900    57.930 -9999.000 -9999.000 -9999.000 -9999.000
  161                    179     112.400     8.560 -9999.000    60.140    61.660 -9999.000 -9999.000 -9999.000   180.700    44.040 -9999.000 -9999.000 -9999.000 -9999.000
  162                    180     113.700     8.166 -9999.000    57.010    29.570 -9999.000 -9999.000 -9999.000   177.100    61.280    54.480 -9999.000 -9999.000 -9999.000
  163                    181     112.900     8.374 -9999.000    44.760 -9999.000 -9999.000 -9999.000 -9999.000   176.600    61.820    31.900 -9999.000 -9999.000 -9999.000
  164                    182     114.500     8.142 -9999.000    44.960 -9999.000 -9999.000 -9999.000 -9999.000   176.100    69.380    54.330 -9999.000 -9999.000 -9999.000
  165                    183     114.500     8.058 -9999.000    42.910 -9999.000 -9999.000 -9999.000 -9999.000   173.500    59.060    32.870 -9999.000 -9999.000 -9999.000
  166                    184     112.500     8.311 -9999.000    54.030 -9999.000 -9999.000 -9999.000 -9999.000   176.300 -9999.000 -9999.000 -9999.000 -9999.000 -9999.000
  167                    185     116.400     7.920 -9999.000    57.140    27.470 -9999.000 -9999.000 -9999.000   177.900    64.370    31.030 -9999.000 -9999.000 -9999.000
  168                    186     115.600     7.822 -9999.000    58.300    64.350 -9999.000 -9999.000 -9999.000   174.500    44.880 -9999.000 -9999.000 -9999.000 -9999.000
  169                    187     115.300     7.815 -9999.000    62.910    27.410 -9999.000 -9999.000 -9999.000   179.900    70.190    51.760 -9999.000 -9999.000 -9999.000
  170                    188     114.800     7.801 -9999.000    60.840    62.100 -9999.000 -9999.000 -9999.000   179.800    59.520    30.480 -9999.000 -9999.000 -9999.000
  171                    189     114.500     7.999 -9999.000    61.460    62.170 -9999.000 -9999.000 -9999.000   177.800    66.990    30.540 -9999.000 -9999.000 -9999.000
  172                    191     113.100     8.049 -9999.000    63.480    68.460 -9999.000 -9999.000 -9999.000   176.200    56.520    70.530 -9999.000 -9999.000 -9999.000
  173                    192     113.600     7.891 -9999.000    55.670    64.350 -9999.000 -9999.000 -9999.000   177.300    57.900    32.620 -9999.000 -9999.000 -9999.000
  174                    193     113.200     7.779 -9999.000    64.620    30.690 -9999.000 -9999.000 -9999.000   178.400    58.060 -9999.000 -9999.000 -9999.000 -9999.000
  175                    197     110.600     8.240 -9999.000    43.740 -9999.000 -9999.000 -9999.000 -9999.000   176.400    55.960    29.590 -9999.000 -9999.000 -9999.000
  176                    198     110.500     8.151 -9999.000    44.670 -9999.000 -9999.000 -9999.000 -9999.000   176.700    56.030    29.330 -9999.000 -9999.000 -9999.000
  177                    199     133.500     8.282 -9999.000 -9999.000 -9999.000 -9999.000 -9999.000 -9999.000   176.000 -9999.000 -9999.000 -9999.000 -9999.000 -9999.000
  178                    205     109.500     7.779 -9999.000    46.660 -9999.000 -9999.000 -9999.000 -9999.000   174.900    57.410    31.350 -9999.000 -9999.000 -9999.000
  179                    207     109.400     7.655 -9999.000    45.190 -9999.000 -9999.000 -9999.000 -9999.000   175.400    52.550    38.440 -9999.000 -9999.000 -9999.000
  180                    208     108.900     7.557 -9999.000 -9999.000 -9999.000 -9999.000 -9999.000 -9999.000   175.300 -9999.000 -9999.000 -9999.000 -9999.000 -9999.000
  181                    209     108.400     7.467 -9999.000    61.370 -9999.000 -9999.000 -9999.000 -9999.000   177.500    57.490 -9999.000 -9999.000 -9999.000 -9999.000
  182                    210     109.100     7.105 -9999.000    58.200    71.810 -9999.000 -9999.000 -9999.000   174.800    45.810 -9999.000 -9999.000 -9999.000 -9999.000
  183                    211     108.800     7.077 -9999.000 -9999.000    47.440 -9999.000 -9999.000 -9999.000 -9999.000 -9999.000 -9999.000 -9999.000 -9999.000 -9999.000
  184                    212     109.200     6.977 -9999.000    44.640 -9999.000 -9999.000 -9999.000 -9999.000   174.400    57.690    34.940 -9999.000 -9999.000 -9999.000
  185                    220     112.000     6.971 -9999.000    51.990    38.570 -9999.000 -9999.000 -9999.000   176.400    57.420    26.960 -9999.000 -9999.000 -9999.000
  186                    221     109.700     6.430 -9999.000    58.940 -9999.000 -9999.000 -9999.000 -9999.000 -9999.000 -9999.000 -9999.000 -9999.000 -9999.000 -9999.000
  187                    229     112.100     6.594 -9999.000 -9999.000 -9999.000 -9999.000 -9999.000 -9999.000   179.800 -9999.000 -9999.000 -9999.000 -9999.000 -9999.000
  188                    240     111.900     7.162 -9999.000    59.620    72.110 -9999.000 -9999.000 -9999.000   173.000    60.770    38.300 -9999.000 -9999.000 -9999.000
  189                    242     112.300     7.421 -9999.000    62.070    27.760 -9999.000 -9999.000 -9999.000   180.200    62.110    27.820 -9999.000 -9999.000 -9999.000
  190                    244     120.000     7.442 -9999.000    58.620    26.920 -9999.000 -9999.000 -9999.000   179.900    57.950    71.230 -9999.000 -9999.000 -9999.000
  191                    245     120.500     7.479 -9999.000    53.810    40.240 -9999.000 -9999.000 -9999.000   175.500    53.430    38.930 -9999.000 -9999.000 -9999.000
  192                    246     121.000     7.533 -9999.000    54.030    33.660 -9999.000 -9999.000 -9999.000   172.900    44.880    29.600 -9999.000 -9999.000 -9999.000
  193                    247     121.300     7.554 -9999.000    57.530    27.020 -9999.000 -9999.000 -9999.000   177.900    55.620    18.490 -9999.000 -9999.000 -9999.000
  194                    248     121.700     7.566 -9999.000    54.660    16.770 -9999.000 -9999.000 -9999.000   180.100    54.050    18.270 -9999.000 -9999.000 -9999.000
  195                    249     122.200     7.499 -9999.000    54.380    17.540 -9999.000 -9999.000 -9999.000   178.500    58.700    21.820 -9999.000 -9999.000 -9999.000
  196                    250     123.000     7.516 -9999.000    54.470    41.340 -9999.000 -9999.000 -9999.000   175.300    56.170    36.710 -9999.000 -9999.000 -9999.000
  197                    251     123.300     7.535 -9999.000    51.740    18.720 -9999.000 -9999.000 -9999.000   175.000    53.000    18.420 -9999.000 -9999.000 -9999.000
  198                    252     122.800     7.572 -9999.000    58.100    28.360 -9999.000 -9999.000 -9999.000   178.000    59.240    29.520 -9999.000 -9999.000 -9999.000
  199                    254     123.700     7.921 -9999.000 -9999.000    16.760 -9999.000 -9999.000 -9999.000   176.300    66.720    68.160 -9999.000 -9999.000 -9999.000
  200                    255     123.600     7.892 -9999.000    54.880    41.300 -9999.000 -9999.000 -9999.000   175.100    55.770    29.060 -9999.000 -9999.000 -9999.000
  201                    256     123.000     7.850 -9999.000    53.430    17.060 -9999.000 -9999.000 -9999.000   177.700    59.740 -9999.000 -9999.000 -9999.000 -9999.000
  202                    257     123.800     7.817 -9999.000    52.000    18.410 -9999.000 -9999.000 -9999.000   175.900    54.170    40.360 -9999.000 -9999.000 -9999.000
  203                    258     123.600     7.787 -9999.000    58.750    28.430 -9999.000 -9999.000 -9999.000   177.500    61.280 -9999.000 -9999.000 -9999.000 -9999.000
  204                    259     122.900     7.742 -9999.000    52.810    17.840 -9999.000 -9999.000 -9999.000   177.300    56.880    31.440 -9999.000 -9999.000 -9999.000
  205                    260     122.300     7.622 -9999.000 -9999.000 -9999.000 -9999.000 -9999.000 -9999.000   176.900 -9999.000 -9999.000 -9999.000 -9999.000 -9999.000
  206                    261     122.100     7.666 -9999.000    59.140    28.720 -9999.000 -9999.000 -9999.000   178.300    55.610    38.540 -9999.000 -9999.000 -9999.000
  207                    263     123.600     7.715 -9999.000    58.620    28.480 -9999.000 -9999.000 -9999.000   176.700    54.910    41.090 -9999.000 -9999.000 -9999.000
  208                    264     121.900     8.454 -9999.000    56.250    29.390 -9999.000 -9999.000 -9999.000   177.100    62.620    31.250 -9999.000 -9999.000 -9999.000
  209                    265     121.800     8.448 -9999.000    52.930 -9999.000 -9999.000 -9999.000 -9999.000   175.100    59.240 -9999.000 -9999.000 -9999.000 -9999.000
  210                    266     122.800     8.410 -9999.000    56.010    29.600 -9999.000 -9999.000 -9999.000   176.200    55.860    29.610 -9999.000 -9999.000 -9999.000
  211                    268     123.100     8.332 -9999.000    52.300    42.140 -9999.000 -9999.000 -9999.000   173.700    54.190    43.800 -9999.000 -9999.000 -9999.000
  212                    269     123.500     8.252 -9999.000    63.500 -9999.000 -9999.000 -9999.000 -9999.000   178.600    52.570 -9999.000 -9999.000 -9999.000 -9999.000
  213                    270     123.500     8.284 -9999.000    55.530    41.210 -9999.000 -9999.000 -9999.000   176.000    62.370    33.410 -9999.000 -9999.000 -9999.000
  214                    271     123.600     8.189 -9999.000    50.700    21.060 -9999.000 -9999.000 -9999.000   173.100    57.540    40.680 -9999.000 -9999.000 -9999.000
  215                    272     123.800     8.099 -9999.000    54.490    28.690 -9999.000 -9999.000 -9999.000   174.800    56.260    64.720 -9999.000 -9999.000 -9999.000
  216                    273     123.600     8.134 -9999.000    65.500 -9999.000 -9999.000 -9999.000 -9999.000   175.500    57.550 -9999.000 -9999.000 -9999.000 -9999.000
  217                    274     123.000     8.019 -9999.000    54.060    30.550 -9999.000 -9999.000 -9999.000   174.400    59.010    33.820 -9999.000 -9999.000 -9999.000
  218                    275     123.200     8.071 -9999.000    53.510    31.410 -9999.000 -9999.000 -9999.000   177.100    51.740    18.310 -9999.000 -9999.000 -9999.000
  219                    276     122.500     8.023 -9999.000    49.000    41.100 -9999.000 -9999.000 -9999.000   172.100    53.520    35.130 -9999.000 -9999.000 -9999.000
  220                    278     123.000     8.184 -9999.000    55.230    41.270 -9999.000 -9999.000 -9999.000   177.000    62.620    31.200 -9999.000 -9999.000 -9999.000
  221                    279     123.100     8.128 -9999.000 -9999.000    42.110 -9999.000 -9999.000 -9999.000   174.400    54.010    33.620 -9999.000 -9999.000 -9999.000
  222                    280     122.800     8.344 -9999.000    55.980    29.560 -9999.000 -9999.000 -9999.000   176.300    55.790    29.720 -9999.000 -9999.000 -9999.000
  223                    281     122.700     8.302 -9999.000    55.880    29.640 -9999.000 -9999.000 -9999.000   176.500    56.220    29.360 -9999.000 -9999.000 -9999.000
  224                    284     122.300     8.310 -9999.000 -9999.000 -9999.000 -9999.000 -9999.000 -9999.000   174.900    62.330 -9999.000 -9999.000 -9999.000 -9999.000
  225                    285     122.500     8.395 -9999.000    55.950 -9999.000 -9999.000 -9999.000 -9999.000   176.300    56.320    29.290 -9999.000 -9999.000 -9999.000
  226                    287     114.800     7.269 -9999.000    53.810    28.110 -9999.000 -9999.000 -9999.000   174.100    62.850    26.990 -9999.000 -9999.000 -9999.000
  227                    288     113.000     7.662 -9999.000    62.720    27.510 -9999.000 -9999.000 -9999.000   180.300    62.740    27.480 -9999.000 -9999.000 -9999.000
  228                    289     112.800     7.583 -9999.000    57.460    29.080 -9999.000 -9999.000 -9999.000   179.200    54.750    17.720 -9999.000 -9999.000 -9999.000
  229                    292     117.000     7.315 -9999.000    60.830    27.800 -9999.000 -9999.000 -9999.000   173.600    45.910    40.320 -9999.000 -9999.000 -9999.000
  230                    293     116.500     7.430 -9999.000    58.650 -9999.000 -9999.000 -9999.000 -9999.000   178.100 -9999.000 -9999.000 -9999.000 -9999.000 -9999.000
  231                    294     116.900     7.369 -9999.000    56.170 -9999.000 -9999.000 -9999.000 -9999.000   177.900 -9999.000 -9999.000 -9999.000 -9999.000 -9999.000
  232                    295     117.900     7.395 -9999.000    58.490    27.240 -9999.000 -9999.000 -9999.000   177.500 -9999.000 -9999.000 -9999.000 -9999.000 -9999.000
  233                    297     116.700     7.655 -9999.000    59.110    30.520 -9999.000 -9999.000 -9999.000   178.100    56.720    40.680 -9999.000 -9999.000 -9999.000
  234                    298     116.700     7.699 -9999.000    58.980 -9999.000 -9999.000 -9999.000 -9999.000   178.200    59.050 -9999.000 -9999.000 -9999.000 -9999.000
  235                    299     117.200     7.710 -9999.000    56.200    36.740 -9999.000 -9999.000 -9999.000   176.400    63.080    30.900 -9999.000 -9999.000 -9999.000
  236                    300     117.300     7.873 -9999.000    53.150    38.410 -9999.000 -9999.000 -9999.000   178.100    52.770    17.770 -9999.000 -9999.000 -9999.000
  237                    301     117.300     8.074 -9999.000    63.040    36.590 -9999.000 -9999.000 -9999.000   179.800    59.270 -9999.000 -9999.000 -9999.000 -9999.000
  238                    302     117.600     8.106 -9999.000    59.340    29.140 -9999.000 -9999.000 -9999.000   179.500    56.960    38.920 -9999.000 -9999.000 -9999.000
  239                    303     116.700     8.160 -9999.000    58.860    62.990 -9999.000 -9999.000 -9999.000   176.700    53.910    40.230 -9999.000 -9999.000 -9999.000
  240                    304     116.500     8.218 -9999.000    62.170 -9999.000 -9999.000 -9999.000 -9999.000   181.300    55.250 -9999.000 -9999.000 -9999.000 -9999.000
  241                    305     118.300     7.978 -9999.000    53.880    40.410 -9999.000 -9999.000 -9999.000   177.200    52.420    18.300 -9999.000 -9999.000 -9999.000
  242                    306     118.100     7.860 -9999.000    59.500    30.480 -9999.000 -9999.000 -9999.000   177.100    64.170    30.770 -9999.000 -9999.000 -9999.000
  243                    307     117.800     7.659 -9999.000    50.180    27.540 -9999.000 -9999.000 -9999.000   176.700    61.280 -9999.000 -9999.000 -9999.000 -9999.000
  244                    308     117.900     7.555 -9999.000    59.110    28.850 -9999.000 -9999.000 -9999.000   178.600    61.950 -9999.000 -9999.000 -9999.000 -9999.000
  245                    309     118.400     7.618 -9999.000    59.070    32.790 -9999.000 -9999.000 -9999.000   176.200    51.820    18.630 -9999.000 -9999.000 -9999.000
  246                    310     118.900     7.762 -9999.000    61.640    31.970 -9999.000 -9999.000 -9999.000   176.000    53.690    40.310 -9999.000 -9999.000 -9999.000
  247                    311     118.700     7.795 -9999.000    52.690    38.630 -9999.000 -9999.000 -9999.000   175.500    53.980 -9999.000 -9999.000 -9999.000 -9999.000
  248                    312     120.200     7.584 -9999.000    57.370    28.440 -9999.000 -9999.000 -9999.000   175.900    46.160 -9999.000 -9999.000 -9999.000 -9999.000
  249                    313     120.500     7.647 -9999.000    54.010    17.310 -9999.000 -9999.000 -9999.000   180.200 -9999.000 -9999.000 -9999.000 -9999.000 -9999.000
  250                    314     121.300     7.667 -9999.000    55.390    38.310 -9999.000 -9999.000 -9999.000   175.400    53.860    40.390 -9999.000 -9999.000 -9999.000
  251                    315     121.100     7.594 -9999.000    61.030 -9999.000 -9999.000 -9999.000 -9999.000   178.400    70.240 -9999.000 -9999.000 -9999.000 -9999.000
  252                    316     117.800     8.259 -9999.000    57.520    63.460 -9999.000 -9999.000 -9999.000   176.300    56.040    29.450 -9999.000 -9999.000 -9999.000
  253                    317     117.700     8.182 -9999.000    52.690    39.910 -9999.000 -9999.000 -9999.000   176.300    59.940    38.070 -9999.000 -9999.000 -9999.000
  254                    318     118.200     8.114 -9999.000    61.010    39.930 -9999.000 -9999.000 -9999.000   176.600    54.760 -9999.000 -9999.000 -9999.000 -9999.000
  255                    319     120.000     7.743 -9999.000    58.140    17.260 -9999.000 -9999.000 -9999.000   180.200    53.890    40.340 -9999.000 -9999.000 -9999.000
  256                    321     118.400     7.834 -9999.000    58.150    26.910 -9999.000 -9999.000 -9999.000   176.500    63.700    18.320 -9999.000 -9999.000 -9999.000
  257                    323     118.800     8.016 -9999.000    53.790    40.540 -9999.000 -9999.000 -9999.000   177.200    52.240    18.410 -9999.000 -9999.000 -9999.000
  258                    324     118.700     8.109 -9999.000    55.730    37.260 -9999.000 -9999.000 -9999.000   178.100    57.140    27.210 -9999.000 -9999.000 -9999.000
  259                    325     118.900     8.178 -9999.000    61.700    32.940 -9999.000 -9999.000 -9999.000   171.800    54.430    37.440 -9999.000 -9999.000 -9999.000
  260                    326     119.400     8.206 -9999.000    59.410    31.200 -9999.000 -9999.000 -9999.000   178.700    57.690    48.940 -9999.000 -9999.000 -9999.000
  261                    327     119.400     8.239 -9999.000    61.120    35.720 -9999.000 -9999.000 -9999.000   176.500    50.730 -9999.000 -9999.000 -9999.000 -9999.000
  262                    328     119.800     8.228 -9999.000    54.590    40.350 -9999.000 -9999.000 -9999.000   174.500    52.680    38.610 -9999.000 -9999.000 -9999.000
  263                    329     119.600     8.140 -9999.000    50.950    36.080 -9999.000 -9999.000 -9999.000   170.900    44.680 -9999.000 -9999.000 -9999.000 -9999.000
  264                    330     119.600     8.058 -9999.000    57.050    37.170 -9999.000 -9999.000 -9999.000   177.000    59.760    37.260 -9999.000 -9999.000 -9999.000
  265                    331     119.500     7.968 -9999.000    54.060    17.070 -9999.000 -9999.000 -9999.000   180.000    54.960    18.230 -9999.000 -9999.000 -9999.000
  266                    332     119.900     7.956 -9999.000    57.890    28.870 -9999.000 -9999.000 -9999.000   178.700    58.110    31.550 -9999.000 -9999.000 -9999.000
  267                    333     119.500     7.891 -9999.000    59.750    37.580 -9999.000 -9999.000 -9999.000   176.700    59.570    38.410 -9999.000 -9999.000 -9999.000
  268                    334     120.100     8.314 -9999.000    56.130    32.000 -9999.000 -9999.000 -9999.000   173.100    43.450 -9999.000 -9999.000 -9999.000 -9999.000
  269                    335     120.400     8.309 -9999.000    66.760 -9999.000 -9999.000 -9999.000 -9999.000   178.700    56.710 -9999.000 -9999.000 -9999.000 -9999.000
  270                    336     120.300     8.282 -9999.000    55.520    28.550 -9999.000 -9999.000 -9999.000   174.500    44.940 -9999.000 -9999.000 -9999.000 -9999.000
  271                    337     120.800     8.145 -9999.000    54.190    40.410 -9999.000 -9999.000 -9999.000   176.600    56.810    29.240 -9999.000 -9999.000 -9999.000
  272                    338     121.700     8.265 -9999.000    56.340    29.460 -9999.000 -9999.000 -9999.000   173.800    58.580    27.980 -9999.000 -9999.000 -9999.000
  273                    339     121.500     8.263 -9999.000    54.340    40.500 -9999.000 -9999.000 -9999.000   175.800    55.510    28.470 -9999.000 -9999.000 -9999.000
  274                    340     121.400     8.318 -9999.000    58.000    28.790 -9999.000 -9999.000 -9999.000   177.400    55.360    40.630 -9999.000 -9999.000 -9999.000
  275                    341     121.700     8.245 -9999.000 -9999.000    63.170 -9999.000 -9999.000 -9999.000   173.100 -9999.000    62.940 -9999.000 -9999.000 -9999.000
  276                    342     121.300     8.168 -9999.000    53.950    40.610 -9999.000 -9999.000 -9999.000   176.200    56.170    29.400 -9999.000 -9999.000 -9999.000
  277                    343     121.500     8.211 -9999.000    56.050    29.320 -9999.000 -9999.000 -9999.000   177.300    54.860    41.120 -9999.000 -9999.000 -9999.000
  278                    344     121.500     8.166 -9999.000    56.590    29.330 -9999.000 -9999.000 -9999.000   173.700    54.230    40.520 -9999.000 -9999.000 -9999.000
  279                    345     121.800     8.179 -9999.000    53.940    43.320 -9999.000 -9999.000 -9999.000   175.900    53.980    32.910 -9999.000 -9999.000 -9999.000
  280                    346     121.900     8.229 -9999.000    60.150    38.070 -9999.000 -9999.000 -9999.000   174.100    52.650    37.680 -9999.000 -9999.000 -9999.000
  281                    347     120.200     8.052 -9999.000    55.550    28.550 -9999.000 -9999.000 -9999.000   174.200    45.170 -9999.000 -9999.000 -9999.000 -9999.000
  282                    348     120.400     8.023 -9999.000    57.450    40.670 -9999.000 -9999.000 -9999.000   179.500    58.740 -9999.000 -9999.000 -9999.000 -9999.000
  283                    349     121.000     7.974 -9999.000    54.550    29.530 -9999.000 -9999.000 -9999.000   173.500    44.660 -9999.000 -9999.000 -9999.000 -9999.000
  284                    350     122.000     8.143 -9999.000    60.010    38.040 -9999.000 -9999.000 -9999.000   175.400    61.760 -9999.000 -9999.000 -9999.000 -9999.000
  285                    351     121.800     8.148 -9999.000    55.400 -9999.000 -9999.000 -9999.000 -9999.000   176.600    62.850    31.010 -9999.000 -9999.000 -9999.000
  286                    352     121.400     8.098 -9999.000    54.180    40.530 -9999.000 -9999.000 -9999.000   176.600    56.000    31.730 -9999.000 -9999.000 -9999.000
  287                    353     121.800     8.078 -9999.000    61.750    31.930 -9999.000 -9999.000 -9999.000   176.200    55.770    29.430 -9999.000 -9999.000 -9999.000
  288                    354     121.800     8.050 -9999.000    56.830    29.320 -9999.000 -9999.000 -9999.000   175.800    53.210    38.350 -9999.000 -9999.000 -9999.000
  289                    355     121.700     8.014 -9999.000    58.650    40.730 -9999.000 -9999.000 -9999.000   175.400    53.330    40.710 -9999.000 -9999.000 -9999.000
  290                    356     121.600     8.015 -9999.000    58.690    31.950 -9999.000 -9999.000 -9999.000   174.500    61.690 -9999.000 -9999.000 -9999.000 -9999.000
  291                    357     121.400     8.004 -9999.000    62.050 -9999.000 -9999.000 -9999.000 -9999.000   176.300    55.380    29.860 -9999.000 -9999.000 -9999.000
  292                    359     121.600     7.937 -9999.000    62.510    40.700 -9999.000 -9999.000 -9999.000   176.800    56.690    29.270 -9999.000 -9999.000 -9999.000
  293                    360     121.400     7.912 -9999.000    64.300    41.990 -9999.000 -9999.000 -9999.000   174.800    55.110 -9999.000 -9999.000 -9999.000 -9999.000
  294                    361     120.900     7.922 -9999.000    58.610 -9999.000 -9999.000 -9999.000 -9999.000   179.200 -9999.000    31.480 -9999.000 -9999.000 -9999.000
  295                    363     120.700     7.923 -9999.000    52.450    43.130 -9999.000 -9999.000 -9999.000   175.200    61.500 -9999.000 -9999.000 -9999.000 -9999.000
  296                    364     121.300     7.850 -9999.000    59.610    31.490 -9999.000 -9999.000 -9999.000   177.400    51.980    18.390 -9999.000 -9999.000 -9999.000
  297                    365     120.900     7.852 -9999.000    53.400    40.670 -9999.000 -9999.000 -9999.000   175.900    54.560    40.350 -9999.000 -9999.000 -9999.000
  298                    367     120.000     7.787 -9999.000    60.200 -9999.000 -9999.000 -9999.000 -9999.000   178.800 -9999.000 -9999.000 -9999.000 -9999.000 -9999.000
  299                    368     120.100     7.853 -9999.000    55.390    40.490 -9999.000 -9999.000 -9999.000   174.500    51.990    40.470 -9999.000 -9999.000 -9999.000
  300                    369     120.300     7.714 -9999.000    55.120 -9999.000 -9999.000 -9999.000 -9999.000   177.800    55.820 -9999.000 -9999.000 -9999.000 -9999.000
  301                    370     120.500     7.747 -9999.000 -9999.000    31.500 -9999.000 -9999.000 -9999.000   178.300    57.820    28.900 -9999.000 -9999.000 -9999.000
  302                    371     121.200     7.790 -9999.000    53.020    33.240 -9999.000 -9999.000 -9999.000   176.200    51.920    18.250 -9999.000 -9999.000 -9999.000
  303                    372     121.600     7.751 -9999.000    61.050    32.400 -9999.000 -9999.000 -9999.000   174.600    62.590    28.500 -9999.000 -9999.000 -9999.000
  304                    373     122.000     7.736 -9999.000    57.550 -9999.000 -9999.000 -9999.000 -9999.000   178.500    58.140 -9999.000 -9999.000 -9999.000 -9999.000
  305                    374     122.100     7.795 -9999.000    54.120    31.220 -9999.000 -9999.000 -9999.000   176.600    62.900    18.260 -9999.000 -9999.000 -9999.000
  306                    380     120.700     7.710 -9999.000    56.300    29.270 -9999.000 -9999.000 -9999.000   177.700    55.020    41.040 -9999.000 -9999.000 -9999.000
  307                    381     120.800     7.732 -9999.000    55.620    40.420 -9999.000 -9999.000 -9999.000   174.600    53.770    40.620 -9999.000 -9999.000 -9999.000
  308                   1000     115.300     6.730 -9999.000    56.180 -9999.000 -9999.000 -9999.000 -9999.000   174.900 -9999.000 -9999.000 -9999.000 -9999.000 -9999.000
  309                   1001     126.100     8.261 -9999.000    57.910 -9999.000 -9999.000 -9999.000 -9999.000   174.400    57.920    31.930 -9999.000 -9999.000 -9999.000
  310                   1002     128.200     8.732 -9999.000    59.140 -9999.000 -9999.000 -9999.000 -9999.000 -9999.000    48.720 -9999.000 -9999.000 -9999.000 -9999.000
  311                   1003     126.200     8.234 -9999.000    52.390 -9999.000 -9999.000 -9999.000 -9999.000   174.500    57.900 -9999.000 -9999.000 -9999.000 -9999.000
  312                   1004     124.600     8.352 -9999.000    52.050 -9999.000 -9999.000 -9999.000 -9999.000   175.700    55.040    29.850 -9999.000 -9999.000 -9999.000
  313                   1005     115.500     6.893 -9999.000 -9999.000    72.670 -9999.000 -9999.000 -9999.000   171.100 -9999.000 -9999.000 -9999.000 -9999.000 -9999.000
  314                   1006     117.300     8.515 -9999.000 -9999.000 -9999.000 -9999.000 -9999.000 -9999.000   172.000 -9999.000 -9999.000 -9999.000 -9999.000 -9999.000
  315                   1007     118.500     8.215 -9999.000    59.130 -9999.000 -9999.000 -9999.000 -9999.000   179.000    50.810 -9999.000 -9999.000 -9999.000 -9999.000
  316                   1008     119.400     8.459 -9999.000    56.160    41.700 -9999.000 -9999.000 -9999.000   171.900    59.680    71.740 -9999.000 -9999.000 -9999.000
  317                   1009     122.000     8.214 -9999.000    62.710 -9999.000 -9999.000 -9999.000 -9999.000   176.600    62.760    41.850 -9999.000 -9999.000 -9999.000
  318                   1010     120.700     8.086 -9999.000    54.080 -9999.000 -9999.000 -9999.000 -9999.000   176.300    56.760 -9999.000 -9999.000 -9999.000 -9999.000
  319                   1011     108.400     7.483 -9999.000    50.660    69.410 -9999.000 -9999.000 -9999.000   177.400 -9999.000    32.380 -9999.000 -9999.000 -9999.000
  320                   1012     122.600     8.291 -9999.000    52.500    31.980 -9999.000 -9999.000 -9999.000   173.100 -9999.000    64.520 -9999.000 -9999.000 -9999.000
  321                   1013     122.000     7.822 -9999.000 -9999.000    17.360 -9999.000 -9999.000 -9999.000   180.200 -9999.000 -9999.000 -9999.000 -9999.000 -9999.000
  322                   1014     119.600     8.152 -9999.000    58.030    27.170 -9999.000 -9999.000 -9999.000   177.600    55.270    41.320 -9999.000 -9999.000 -9999.000
  323                   1015     110.300     8.249 -9999.000    44.970 -9999.000 -9999.000 -9999.000 -9999.000   177.000    59.190    40.900 -9999.000 -9999.000 -9999.000
  324                   1016     120.200     8.270 -9999.000    54.340    40.420 -9999.000 -9999.000 -9999.000   176.700    62.950    31.040 -9999.000 -9999.000 -9999.000
  325                   1017     126.100     8.013 -9999.000    51.940    18.270 -9999.000 -9999.000 -9999.000   175.900    56.090    29.330 -9999.000 -9999.000 -9999.000
  326                   1018     122.100     8.097 -9999.000    60.720 -9999.000 -9999.000 -9999.000 -9999.000   178.500 -9999.000 -9999.000 -9999.000 -9999.000 -9999.000
  327                   1019     105.300     7.783 -9999.000    46.150 -9999.000 -9999.000 -9999.000 -9999.000   179.300    59.180    29.140 -9999.000 -9999.000 -9999.000
  328                   1020     106.500     8.121 -9999.000    48.340 -9999.000 -9999.000 -9999.000 -9999.000   178.200    58.340    29.450 -9999.000 -9999.000 -9999.000
  329                   1021     122.200     8.234 -9999.000 -9999.000 -9999.000 -9999.000 -9999.000 -9999.000   175.000 -9999.000 -9999.000 -9999.000 -9999.000 -9999.000
  330                   1022     121.500     8.339 -9999.000    54.280    40.500 -9999.000 -9999.000 -9999.000   175.800 -9999.000    28.550 -9999.000 -9999.000 -9999.000
  331                   1023     121.000     8.129 -9999.000    56.060    31.560 -9999.000 -9999.000 -9999.000   177.000    63.200    31.160 -9999.000 -9999.000 -9999.000
  332                   1024     106.900     7.096 -9999.000    46.730 -9999.000 -9999.000 -9999.000 -9999.000   177.600    60.410    28.270 -9999.000 -9999.000 -9999.000
  333                   1025     121.000     7.945 -9999.000    62.130    31.820 -9999.000 -9999.000 -9999.000   176.500    56.260    29.330 -9999.000 -9999.000 -9999.000
  334                   1026     109.500     7.732 -9999.000    45.150 -9999.000 -9999.000 -9999.000 -9999.000   176.600    53.840    40.520 -9999.000 -9999.000 -9999.000
  335                   1027     121.100     7.910 -9999.000 -9999.000 -9999.000 -9999.000 -9999.000 -9999.000   178.700 -9999.000 -9999.000 -9999.000 -9999.000 -9999.000
  336                   1028     120.800     7.815 -9999.000    56.750    30.010 -9999.000 -9999.000 -9999.000   174.000    44.940 -9999.000 -9999.000 -9999.000 -9999.000
  337                   1029     121.300     7.874 -9999.000    66.290 -9999.000 -9999.000 -9999.000 -9999.000   179.800    59.070 -9999.000 -9999.000 -9999.000 -9999.000
  338                   1030     121.400     7.836 -9999.000    55.130    38.100 -9999.000 -9999.000 -9999.000   175.400    53.750 -9999.000 -9999.000 -9999.000 -9999.000
  339                   1031     122.000     7.849 -9999.000    59.550 -9999.000 -9999.000 -9999.000 -9999.000   177.400    51.980    70.440 -9999.000 -9999.000 -9999.000
  340                   1032     120.500     7.714 -9999.000 -9999.000    41.000 -9999.000 -9999.000 -9999.000   174.200    62.720 -9999.000 -9999.000 -9999.000 -9999.000
  341                   1033     121.200     7.736 -9999.000    59.370 -9999.000 -9999.000 -9999.000 -9999.000   179.500    59.160 -9999.000 -9999.000 -9999.000 -9999.000
  342                   1034     122.100     8.034 -9999.000    57.380    18.280 -9999.000 -9999.000 -9999.000   173.800    57.890    63.130 -9999.000 -9999.000 -9999.000
  343                   1035     121.800     7.919 -9999.000    59.540    31.520 -9999.000 -9999.000 -9999.000   177.400    51.860    18.390 -9999.000 -9999.000 -9999.000
  344                   1036     122.000     7.920 -9999.000    57.630 -9999.000 -9999.000 -9999.000 -9999.000   179.100 -9999.000 -9999.000 -9999.000 -9999.000 -9999.000
  345                   1037     122.200     7.959 -9999.000    61.790    37.470 -9999.000 -9999.000 -9999.000   176.800    53.950    40.640 -9999.000 -9999.000 -9999.000
  346                   1038     122.400     8.128 -9999.000 -9999.000    44.450 -9999.000 -9999.000 -9999.000   177.200 -9999.000 -9999.000 -9999.000 -9999.000 -9999.000
  347                   1039     122.700     8.097 -9999.000    55.790 -9999.000 -9999.000 -9999.000 -9999.000   174.100    57.970    62.960 -9999.000 -9999.000 -9999.000
  348                   1040     123.300     8.107 -9999.000    64.210    37.060 -9999.000 -9999.000 -9999.000 -9999.000 -9999.000    40.360 -9999.000 -9999.000 -9999.000
  349                   1041     114.200     7.939 -9999.000    56.260    28.150 -9999.000 -9999.000 -9999.000   178.200    66.220 -9999.000 -9999.000 -9999.000 -9999.000
  350                   1042     124.300     8.215 -9999.000    53.860    40.520 -9999.000 -9999.000 -9999.000   175.800    61.980    31.880 -9999.000 -9999.000 -9999.000
  351                   1043     123.800     8.259 -9999.000    52.100 -9999.000 -9999.000 -9999.000 -9999.000   175.700    54.960    28.500 -9999.000 -9999.000 -9999.000
  352                   1044     115.800     7.621 -9999.000    57.540    31.030 -9999.000 -9999.000 -9999.000   178.600 -9999.000 -9999.000 -9999.000 -9999.000 -9999.000
  353                   1045     124.700     8.444 -9999.000 -9999.000 -9999.000 -9999.000 -9999.000 -9999.000   175.700 -9999.000    31.280 -9999.000 -9999.000 -9999.000
  354                   1046     124.100     8.189 -9999.000    54.600    29.200 -9999.000 -9999.000 -9999.000   177.000    62.430    40.710 -9999.000 -9999.000 -9999.000
  355                   1047     121.600     8.869 -9999.000    53.480    42.140 -9999.000 -9999.000 -9999.000   175.300    54.310    29.350 -9999.000 -9999.000 -9999.000
  356                   1048     116.000     7.552 -9999.000    44.630 -9999.000 -9999.000 -9999.000 -9999.000   171.600 -9999.000 -9999.000 -9999.000 -9999.000 -9999.000
  357                   1049     114.900     7.308 -9999.000    61.100 -9999.000 -9999.000 -9999.000 -9999.000   176.600 -9999.000 -9999.000 -9999.000 -9999.000 -9999.000
  358                   1050     117.300     7.495 -9999.000    54.090    32.330 -9999.000 -9999.000 -9999.000   177.200    57.130    18.590 -9999.000 -9999.000 -9999.000
  359                   1051     132.100     7.855 -9999.000    53.390    19.330 -9999.000 -9999.000 -9999.000   173.100    57.750    63.200 -9999.000 -9999.000 -9999.000
  360                   1052     117.500     7.936 -9999.000    53.210    38.390 -9999.000 -9999.000 -9999.000   178.100 -9999.000    17.880 -9999.000 -9999.000 -9999.000
  361                   1053     117.100     8.078 -9999.000    57.910 -9999.000 -9999.000 -9999.000 -9999.000   176.100    55.050 -9999.000 -9999.000 -9999.000 -9999.000
  362                   1054     128.500     7.893 -9999.000    56.620    32.940 -9999.000 -9999.000 -9999.000   173.500    57.860    27.480 -9999.000 -9999.000 -9999.000
  363                   1055     129.000     7.750 -9999.000    56.320    42.280 -9999.000 -9999.000 -9999.000   176.000    62.730    30.960 -9999.000 -9999.000 -9999.000
  364                   1056     118.700     8.169 -9999.000    59.330 -9999.000 -9999.000 -9999.000 -9999.000   176.800    65.670 -9999.000 -9999.000 -9999.000 -9999.000
  365                   1057     118.500     8.260 -9999.000    57.520    63.430 -9999.000 -9999.000 -9999.000   176.300    56.060    29.390 -9999.000 -9999.000 -9999.000
  366                   1058     117.500     8.219 -9999.000 -9999.000 -9999.000 -9999.000 -9999.000 -9999.000   177.100 -9999.000 -9999.000 -9999.000 -9999.000 -9999.000
  367                   1059     123.400     8.299 -9999.000    53.170 -9999.000 -9999.000 -9999.000 -9999.000   171.100    44.080 -9999.000 -9999.000 -9999.000 -9999.000
  368                   1060     123.500     8.284 -9999.000 -9999.000 -9999.000 -9999.000 -9999.000 -9999.000   176.800 -9999.000    31.400 -9999.000 -9999.000 -9999.000
  369                   1061     124.200     7.744 -9999.000    56.530    32.870 -9999.000 -9999.000 -9999.000   175.100    44.760 -9999.000 -9999.000 -9999.000 -9999.000
  370                   1062     127.400     7.856 -9999.000    55.720    41.520 -9999.000 -9999.000 -9999.000   175.300    55.870    29.680 -9999.000 -9999.000 -9999.000
  371                   1063     121.200     8.226 -9999.000    57.850    32.230 -9999.000 -9999.000 -9999.000   177.800    52.560    40.500 -9999.000 -9999.000 -9999.000
  372                   1064     123.400     8.302 -9999.000 -9999.000 -9999.000 -9999.000 -9999.000 -9999.000   176.500    56.240 -9999.000 -9999.000 -9999.000 -9999.000
  373                   1065     122.900     7.776 -9999.000    55.940    41.080 -9999.000 -9999.000 -9999.000   175.300    56.070    29.270 -9999.000 -9999.000 -9999.000
  374                   1066     123.200     7.823 -9999.000    59.560    64.130 -9999.000 -9999.000 -9999.000   175.300    54.950    32.000 -9999.000 -9999.000 -9999.000
  375                   1067     123.200     7.658 -9999.000    59.220    39.120 -9999.000 -9999.000 -9999.000   176.100    54.450    18.270 -9999.000 -9999.000 -9999.000
  376                   1068     123.300     7.700 -9999.000    57.630    64.180 -9999.000 -9999.000 -9999.000   175.600 -9999.000 -9999.000 -9999.000 -9999.000 -9999.000
  377                   1069     125.900     8.706 -9999.000    57.210    38.410 -9999.000 -9999.000 -9999.000 -9999.000    52.770 -9999.000 -9999.000 -9999.000 -9999.000
  378                   1071     124.300     7.892 -9999.000    54.910 -9999.000 -9999.000 -9999.000 -9999.000   175.100    55.810 -9999.000 -9999.000 -9999.000 -9999.000
  379                   1072     115.900     7.198 -9999.000    43.320 -9999.000 -9999.000 -9999.000 -9999.000 -9999.000    65.840    15.910 -9999.000 -9999.000 -9999.000
  380                   1073     116.500     8.171 -9999.000    53.100    38.460 -9999.000 -9999.000 -9999.000   177.000    58.230    31.630 -9999.000 -9999.000 -9999.000
  381                   1077     121.100     8.038 -9999.000    59.620    38.480 -9999.000 -9999.000 -9999.000   177.500    57.950    28.910 -9999.000 -9999.000 -9999.000
  382                   1078     120.300     8.140 -9999.000    55.070 -9999.000 -9999.000 -9999.000 -9999.000   174.200    44.750 -9999.000 -9999.000 -9999.000 -9999.000
  383                   1079     120.500     8.102 -9999.000 -9999.000 -9999.000 -9999.000 -9999.000 -9999.000 -9999.000    54.410    40.460 -9999.000 -9999.000 -9999.000
  384                   1080     119.400     8.067 -9999.000    53.830 -9999.000 -9999.000 -9999.000 -9999.000 -9999.000    57.040    18.280 -9999.000 -9999.000 -9999.000
  385                   1081     120.100     7.861 -9999.000    58.610 -9999.000 -9999.000 -9999.000 -9999.000   178.300    54.080 -9999.000 -9999.000 -9999.000 -9999.000
  386                   1083     122.100     7.941 -9999.000    61.200 -9999.000 -9999.000 -9999.000 -9999.000   176.300    59.040 -9999.000 -9999.000 -9999.000 -9999.000
  387                   1085     121.800     7.748 -9999.000    53.860    63.970 -9999.000 -9999.000 -9999.000   179.500    58.520    40.560 -9999.000 -9999.000 -9999.000
  388                   1086     121.600     7.761 -9999.000    55.340    38.210 -9999.000 -9999.000 -9999.000   175.400    53.750    40.410 -9999.000 -9999.000 -9999.000
  389                   1087     122.900     8.102 -9999.000    55.660    38.060 -9999.000 -9999.000 -9999.000   176.600 -9999.000 -9999.000 -9999.000 -9999.000 -9999.000
  390                   1088     122.500     8.087 -9999.000    55.120    41.380 -9999.000 -9999.000 -9999.000   176.600    55.390 -9999.000 -9999.000 -9999.000 -9999.000
  391                   1089     123.100     8.077 -9999.000 -9999.000    42.630 -9999.000 -9999.000 -9999.000   175.500    57.520    42.980 -9999.000 -9999.000 -9999.000
  392                   1090     122.900     8.304 -9999.000 -9999.000    33.170 -9999.000 -9999.000 -9999.000   175.700    62.240 -9999.000 -9999.000 -9999.000 -9999.000
  393                   1091     115.600     7.985 -9999.000    64.980    26.570 -9999.000 -9999.000 -9999.000   179.300    54.530 -9999.000 -9999.000 -9999.000 -9999.000
  394                   1093     122.600     8.288 -9999.000    54.030    40.460 -9999.000 -9999.000 -9999.000   175.900    61.620    31.930 -9999.000 -9999.000 -9999.000
  395                   1094     106.100     7.418 -9999.000    61.630    39.030 -9999.000 -9999.000 -9999.000   179.300    54.140 -9999.000 -9999.000 -9999.000 -9999.000
  396                   1095     121.900     8.274 -9999.000    62.280    69.800 -9999.000 -9999.000 -9999.000   174.600    54.070    16.750 -9999.000 -9999.000 -9999.000
  397                   1096     112.000     7.337 -9999.000    62.170    27.360 -9999.000 -9999.000 -9999.000   180.100    62.170    27.400 -9999.000 -9999.000 -9999.000
  398                   1097     111.900     7.100 -9999.000    61.830    26.760 -9999.000 -9999.000 -9999.000   179.800    61.820    26.860 -9999.000 -9999.000 -9999.000
  399                   1098     110.700     8.346 -9999.000    43.880 -9999.000 -9999.000 -9999.000 -9999.000   176.800    56.330    29.570 -9999.000 -9999.000 -9999.000
  400                   1099     113.700     7.673 -9999.000    59.690 -9999.000 -9999.000 -9999.000 -9999.000   176.300 -9999.000 -9999.000 -9999.000 -9999.000 -9999.000
  401                   1100     124.900     8.728 -9999.000    63.800 -9999.000 -9999.000 -9999.000 -9999.000   180.000 -9999.000 -9999.000 -9999.000 -9999.000 -9999.000
  402                   2001     125.900     7.822 -9999.000    52.060 -9999.000 -9999.000 -9999.000 -9999.000   174.700    54.040    41.770 -9999.000 -9999.000 -9999.000
  403                   2002     125.800     7.936 -9999.000    51.770    30.360 -9999.000 -9999.000 -9999.000   176.100    56.280 -9999.000 -9999.000 -9999.000 -9999.000
  404                   2003     118.100     7.572 -9999.000 -9999.000    32.910 -9999.000 -9999.000 -9999.000   176.100    51.760    18.540 -9999.000 -9999.000 -9999.000
  405                   2004     121.300     7.337 -9999.000    54.160 -9999.000 -9999.000 -9999.000 -9999.000   175.400    52.990 -9999.000 -9999.000 -9999.000 -9999.000
  406                   2005     104.600     7.108 -9999.000    45.710 -9999.000 -9999.000 -9999.000 -9999.000   175.700    56.170    39.980 -9999.000 -9999.000 -9999.000
  407                   2033     121.300     7.341 -9999.000 -9999.000 -9999.000 -9999.000 -9999.000 -9999.000 -9999.000 -9999.000    18.620 -9999.000 -9999.000 -9999.000
  408                   5011     118.300     7.699 -9999.000    56.600    38.380 -9999.000 -9999.000 -9999.000   176.500 -9999.000 -9999.000 -9999.000 -9999.000 -9999.000
  409                   5022     125.900     7.894 -9999.000    66.500    29.950 -9999.000 -9999.000 -9999.000   176.900    46.710    28.950 -9999.000 -9999.000 -9999.000
