    1   SER   117.230     8.240   174.340    57.700    62.930     4.450 -9999.000 -9999.000 -9999.000 -9999.000
    2   THR   113.240     8.370   175.090    60.840    68.090     4.420   174.340    57.700    62.930     4.450
    3   PRO -9999.000 -9999.000   176.630    62.500    30.920     4.490   175.090    60.840    68.090     4.420
    4   LYS   121.333     7.907   174.917    53.660    31.197     4.473   176.630    62.500    30.920     4.490
    5   ASP   120.911     8.281   176.328    54.342    40.423     4.627   174.917    53.660    31.197     4.473
    6   ASP   119.722     8.282   177.090    54.951    39.907     4.483   176.328    54.342    40.423     4.627
    7   GLU   119.116     8.511   178.020    58.133    28.341     3.916   177.090    54.951    39.907     4.483
    8   PHE   119.172     8.457   177.196    60.779    37.982     3.982   178.020    58.133    28.341     3.916
    9   TYR   119.560     7.970   177.140    60.500    37.730     4.170   177.196    60.779    37.982     3.982
   10   GLN   118.440     8.080   178.120    57.760    27.520     4.030   177.140    60.500    37.730     4.170
   11   GLN   117.990     8.420   178.600    57.990    27.010     3.880   178.120    57.760    27.520     4.030
   12   TRP   120.376     8.186   177.872    59.314    28.300     4.297   178.600    57.990    27.010     3.880
   13   GLN   117.838     8.036   178.188    57.651    27.429     4.059   177.872    59.314    28.300     4.297
   14   LEU   120.633     8.110   177.310    54.988    40.723     4.217   178.188    57.651    27.429     4.059
   15   LYS   121.333     8.097   176.197    55.480    31.287     4.287   177.310    54.988    40.723     4.217
   16   TYR   118.300     8.090   175.370    57.240    37.920     4.490   176.197    55.480    31.287     4.287
   17   PRO -9999.000 -9999.000   176.020    62.580    30.780     4.350   175.370    57.240    37.920     4.490
   18   LYS   121.785     8.060   175.055    53.525    31.275     4.495   176.020    62.580    30.780     4.350
   19   LEU   125.303     8.467   176.956    54.839    41.563     4.436   175.055    53.525    31.275     4.495
   20   ILE   122.034     8.321   175.149    59.388    37.938     4.496   176.956    54.839    41.563     4.436
   21   LEU   122.402     8.263   176.148    53.756    41.764     4.646   175.149    59.388    37.938     4.496
   22   ARG   120.198     8.255   176.411    55.971    29.767     4.344   176.148    53.756    41.764     4.646
   23   GLU   118.402     8.347   176.688    56.168    29.116     4.287   176.411    55.971    29.767     4.344
   24   ALA   125.126     8.206   177.331    52.158    18.026     4.292   176.688    56.168    29.116     4.287
   25   SER   117.006     8.231   174.332    57.801    62.911     4.434   177.331    52.158    18.026     4.292
   26   SER   118.815     8.453   174.568    57.740    63.184     4.514   174.332    57.801    62.911     4.434
   27   VAL   121.541     8.138   175.721    61.577    31.318     4.163   174.568    57.740    63.184     4.514
   28   SER   115.973     8.229   174.524    57.902    63.258     4.579   175.721    61.577    31.318     4.163
   29   GLU   119.438     8.278   178.533    57.918    28.391     4.061   174.524    57.902    63.258     4.579
   30   GLU   118.902     8.370   178.626    58.426    28.174     3.938   178.533    57.918    28.391     4.061
   31   LEU   120.004     8.221   177.978    56.686    40.493     3.991   178.626    58.426    28.174     3.938
   32   HIS   118.072     7.788   176.914    57.940    28.938     4.484   177.978    56.686    40.493     3.991
   33   LYS   119.060     7.900   178.090    57.820    31.130     3.990   176.914    57.940    28.938     4.484
   34   GLU   119.360     8.300   178.660    58.520    28.030     3.950   178.090    57.820    31.130     3.990
   35   VAL   120.670     8.110   177.590    65.500    30.240     3.540   178.660    58.520    28.030     3.950
   36   GLN   118.490     7.940   178.590    57.640    27.370     4.090   177.590    65.500    30.240     3.540
   37   GLU   117.570     8.230   178.900    58.230    28.190     3.960   178.590    57.640    27.370     4.090
   38   ALA   121.430     8.360   179.350    54.300    16.950     3.920   178.900    58.230    28.190     3.960
   39   PHE   118.910     8.280   177.110    60.530    38.070     4.100   179.350    54.300    16.950     3.920
   40   LEU   122.053     8.078   178.369    56.889    40.241     3.993   177.110    60.530    38.070     4.100
   41   THR   114.517     7.898   176.132    64.258    67.892     4.104   178.369    56.889    40.241     3.993
   42   LEU   119.600     8.171   177.768    56.180    40.687     4.116   176.132    64.258    67.892     4.104
   43   HIS   118.078     7.858   176.713    57.723    28.961     4.481   177.768    56.180    40.687     4.116
   44   LYS   119.868     8.056   176.749    56.789    31.416     4.075   176.713    57.723    28.961     4.481
   45   HIS   118.985     8.163   175.111    55.751    29.891     4.726   176.749    56.789    31.416     4.075
   46   GLY   109.687     8.492   173.946    45.356 -9999.000     3.907   175.111    55.751    29.891     4.726
   47   CYS   118.792     8.357   175.987    58.756    28.139     4.541   173.946    45.356 -9999.000     3.907
   48   LEU   120.922     8.091   176.451    54.131    41.190     4.413   175.987    58.756    28.139     4.541
   49   PHE   119.136     8.121   175.250    56.790    39.050     4.689   176.451    54.131    41.190     4.413
   50   ARG   119.813     8.148   175.609    55.239    29.527     4.343   175.250    56.790    39.050     4.689
   51   ASP   120.671     8.382   176.064    53.367    40.402     4.716   175.609    55.239    29.527     4.343
   52   LEU   125.210     8.400   176.371    53.954    41.370     4.464   176.064    53.367    40.402     4.716
   53   VAL   119.341     7.970   175.501    61.120    31.213     4.178   176.371    53.954    41.370     4.464
   54   ARG   123.838     8.377   175.940    55.198    29.877     4.409   175.501    61.120    31.213     4.178
   55   ILE   120.390     7.939   175.714    60.300    37.094     4.166   175.940    55.198    29.877     4.409
   56   GLN   119.284     8.109   175.730    55.135    28.634     4.383   175.714    60.300    37.094     4.166
   57   GLY   108.934     8.325   174.080    45.184 -9999.000     3.931   175.730    55.135    28.634     4.383
   58   LYS   120.452     8.198   177.111    56.398    31.882     4.297   174.080    45.184 -9999.000     3.931
   59   ASP   120.262     8.352   175.967    53.347    40.259     4.666   177.111    56.398    31.882     4.297
   60   LEU   121.492     8.160   176.723    54.339    41.038     4.328   175.967    53.347    40.259     4.666
   61   LEU   123.645     8.382   176.882    55.093    41.219     4.408   176.723    54.339    41.038     4.328
   62   THR   114.629     8.175   174.821    62.398    68.058     4.377   176.882    55.093    41.219     4.408
   63   PRO -9999.000 -9999.000   177.202    63.218    30.673     4.479   174.821    62.398    68.058     4.377
   64   VAL   121.818     8.034   173.808    60.394    30.069     4.264   177.202    63.218    30.673     4.479
   65   SER   115.591     8.209   174.267    57.661    63.286     4.558   173.808    60.394    30.069     4.264
   66   ARG   124.636     8.509   175.898    54.834    30.200     4.499   174.267    57.661    63.286     4.558
   67   ILE   120.879     8.190   175.507    59.726    37.537     4.346   175.898    54.834    30.200     4.499
   68   LEU   125.100     8.310   176.457    53.818    41.726     4.547   175.507    59.726    37.537     4.346
   69   ILE   119.827     7.750   175.386    59.931    37.156     4.193   176.457    53.818    41.726     4.547
   70   GLY   108.129     8.350   173.854    45.351 -9999.000     3.948   175.386    59.931    37.156     4.193
   71   ASN   117.337     8.508   175.356    52.364    37.508     4.612   173.854    45.351 -9999.000     3.948
   72   PRO -9999.000 -9999.000   176.292    62.548    30.790     4.407   175.356    52.364    37.508     4.612
   73   GLY   111.384     8.287   172.858    43.239 -9999.000     4.179   176.292    62.548    30.790     4.407
   74   CYS   120.615     8.367   175.602    58.422    28.326     4.554   172.858    43.239 -9999.000     4.179
   75   THR   114.284     8.338   174.762    62.052    68.448     4.432   175.602    58.422    28.326     4.554
   76   TYR   120.208     8.346   175.799    57.957    38.672     4.669   174.762    62.052    68.448     4.432
   77   LYS   120.309     8.263   176.311    56.097    32.241     4.311   175.799    57.957    38.672     4.669
   78   TYR   120.302     8.529   175.861    58.291    38.744     4.597   176.311    56.097    32.241     4.311
   79   LEU   121.268     8.191   176.411    54.761    41.322     4.410   175.861    58.291    38.744     4.597
   80   ASN   120.533     8.394   174.804    52.784    37.749     4.717   176.411    54.761    41.322     4.410
   81   THR   115.587     8.264   174.523    62.703    68.129     4.391   174.804    52.784    37.749     4.717
   82   ARG   120.239     8.260   176.208    55.224    29.538     4.368   174.523    62.703    68.129     4.391
   83   LEU   121.769     8.162   176.553    54.171    40.987     4.402   176.208    55.224    29.538     4.368
   84   PHE   121.033     8.214   175.136    56.799    38.960     4.682   176.553    54.171    40.987     4.402
   85   THR   116.103     8.283   174.304    60.544    68.079     4.541   175.136    56.799    38.960     4.682
   86   VAL   120.265     8.370   176.364    62.353    31.299     4.111   174.304    60.544    68.079     4.541
   87   PRO -9999.000 -9999.000   176.471    62.939    30.939     4.395   176.364    62.353    31.299     4.111
   88   TRP   120.959     8.041   174.794    55.572    28.210     4.727   176.471    62.939    30.939     4.395
   89   PRO -9999.000 -9999.000   176.301    62.346    30.723     4.421   174.794    55.572    28.210     4.727
   90   VAL   120.570     7.790   174.380    59.050    31.030     4.340   176.301    62.346    30.723     4.421
   91   LYS   120.620     8.080   175.980    55.390    31.770     4.370   174.380    59.050    31.030     4.340
   92   GLY   110.510     8.350   173.780    45.080 -9999.000     3.950   175.980    55.390    31.770     4.370
   93   SER   115.427     8.277   174.671    57.926    62.805     4.395   173.780    45.080 -9999.000     3.950
   94   ASN   121.311     8.529   175.133    52.620    38.072     4.727   174.671    57.926    62.805     4.395
   95   ILE   121.010     8.122   175.522    60.779    37.219     4.142   175.133    52.620    38.072     4.727
   96   LYS   120.918     8.137   176.272    56.144    32.102     4.321   175.522    60.779    37.219     4.142
   97   HIS   120.498     8.291   174.957    55.749    29.225     4.641   176.272    56.144    32.102     4.321
   98   THR   113.708     8.146   174.676    61.002    68.024     4.359   174.957    55.749    29.225     4.641
   99   GLU   119.247     8.354   176.873    56.137    29.437     4.392   174.676    61.002    68.024     4.359
  100   ALA   122.227     8.111   178.901    53.492    17.366     4.098   176.873    56.137    29.437     4.392
  101   GLU   119.646     8.310   178.503    58.509    28.120     3.969   178.901    53.492    17.366     4.098
  102   ILE   119.441     8.083   177.738    63.874    36.321     3.621   178.503    58.509    28.120     3.969
  103   ALA   120.320     7.780   179.510    54.030    17.240     4.070   177.738    63.874    36.321     3.621
  104   ALA   120.240     8.040   179.270    53.790    17.020     4.050   179.510    54.030    17.240     4.070
  105   ALA   122.510     8.240   179.110    54.320    17.200     4.010   179.270    53.790    17.020     4.050
  106   CYS   118.600     8.060   176.870    61.380    26.980     4.130   179.110    54.320    17.200     4.010
  107   GLU   121.150     8.400   178.420    58.550    28.430     4.050   176.870    61.380    26.980     4.130
  108   THR   115.009     8.293   176.319    65.478    67.548     3.869   178.420    58.550    28.430     4.050
  109   PHE   118.324     8.304   177.022    60.149    38.247     4.190   176.319    65.478    67.548     3.869
  110   LEU   119.823     7.887   178.331    56.530    40.352     4.001   177.022    60.149    38.247     4.190
  111   LYS   119.023     7.800   178.553    58.170    31.103     4.020   178.331    56.530    40.352     4.001
  112   LEU   121.039     8.149   177.286    55.673    40.474     4.152   178.553    58.170    31.103     4.020
  113   ASN   118.241     8.063   176.380    54.280    37.923     4.588   177.286    55.673    40.474     4.152
  114   ASP   118.720     8.417   177.654    55.996    39.603     4.300   176.380    54.280    37.923     4.588
  115   TYR   118.572     8.221   177.017    60.791    37.450     4.092   177.654    55.996    39.603     4.300
  116   LEU   119.900     8.010   178.270    56.710    40.540     4.000   177.017    60.791    37.450     4.092
  117   GLN   118.900     8.030   178.580    58.240    27.330     4.030   178.270    56.710    40.540     4.000
  118   ILE   120.590     8.070   177.630    63.560    36.400     3.680   178.580    58.240    27.330     4.030
  119   GLU   121.450     8.150   178.660    58.660    28.170     4.020   177.630    63.560    36.400     3.680
  120   THR   115.750     8.170   176.410    65.790    67.520     3.920   178.660    58.660    28.170     4.020
  121   ILE   120.290     8.090   177.530    63.670    36.580     3.730   176.410    65.790    67.520     3.920
  122   GLN   116.910     7.860   178.630    57.870    27.420     4.040   177.530    63.670    36.580     3.730
  123   ALA   120.970     8.140   179.450    54.100    17.070     4.010   178.630    57.870    27.420     4.040
  124   LEU   119.760     8.090   178.410    56.480    40.230     4.020   179.450    54.100    17.070     4.010
  125   GLU   119.410     8.060   178.780    58.140    28.340     4.040   178.410    56.480    40.230     4.020
  126   GLU   118.748     8.363   178.881    58.687    28.078     3.903   178.780    58.140    28.340     4.040
  127   LEU   118.606     8.129   178.483    56.554    40.257     3.989   178.881    58.687    28.078     3.903
  128   ALA   120.551     7.861   179.231    53.621    17.298     4.111   178.483    56.554    40.257     3.989
  129   ALA   121.779     8.024   178.787    53.451    17.099     4.102   179.231    53.621    17.298     4.111
  130   LYS   119.486     7.997   178.022    57.636    30.983     4.044   178.787    53.451    17.099     4.102
  131   GLU   119.376     8.256   177.603    57.299    28.428     4.093   178.022    57.636    30.983     4.044
  132   LYS   118.441     8.090   177.579    57.157    31.108     4.077   177.603    57.299    28.428     4.093
  133   ALA   122.294     8.103   177.593    52.661    17.470     4.183   177.579    57.157    31.108     4.077
  134   ASN   118.258     8.346   174.855    52.443    37.640     4.627   177.593    52.661    17.470     4.183
  135   GLU   120.281     8.391   176.558    56.710    29.361     4.271   174.855    52.443    37.640     4.627
  136   ASP   118.635     8.340   176.507    54.027    40.199     4.586   176.558    56.710    29.361     4.271
  137   ALA   126.367     8.341   177.240    51.951    18.168     4.328   176.507    54.027    40.199     4.586
  138   VAL   119.087     8.153   175.970    61.598    30.961     4.042   177.240    51.951    18.168     4.328
  139   PRO -9999.000 -9999.000   176.807    62.757    30.810     4.456   175.970    61.598    30.961     4.042
  140   LEU   123.794     8.170   175.524    53.079    40.739     4.568   176.807    62.757    30.810     4.456
  141   CYS   119.163     8.265   175.342    58.591    28.461     4.607   175.524    53.079    40.739     4.568
  142   MET   120.396     8.275   175.901    55.146    32.382     4.558   175.342    58.591    28.461     4.607
  143   SER   113.998     8.195   174.737    58.133    63.139     4.476   175.901    55.146    32.382     4.558
  144   ALA   123.525     8.154   177.470    52.045    18.070     4.317   174.737    58.133    63.139     4.476
  145   ASP   120.445     8.334   175.993    53.656    39.989     4.586   177.470    52.045    18.070     4.317
  146   PHE   119.029     8.299   175.573    57.368    38.727     4.516   175.993    53.656    39.989     4.586
  147   PRO -9999.000 -9999.000   176.434    62.613    30.612     4.407   175.573    57.368    38.727     4.516
  148   ARG   123.981     8.218   174.923    53.644    29.053     4.507   176.434    62.613    30.612     4.407
  149   VAL   119.918     7.979   175.837    61.556    31.269     4.130   174.923    53.644    29.053     4.507
  150   GLY   109.907     8.389   174.142    45.163 -9999.000     4.053   175.837    61.556    31.269     4.130
  151   MET   119.680     8.158   176.261    54.552    32.085     4.494   174.142    45.163 -9999.000     4.053
  152   GLY   110.512     8.391   174.091    45.258 -9999.000     3.968   176.261    54.552    32.085     4.494
  153   SER   117.196     8.301   174.766    57.889    62.944     4.453   174.091    45.258 -9999.000     3.968
  154   SER   116.644     8.333   174.526    57.657    63.096     4.487   174.766    57.889    62.944     4.453
  155   TYR   119.089     8.107   175.242    57.460    38.106     4.562   174.526    57.657    63.096     4.487
  156   ASN   117.757     8.186   174.348    52.371    38.003     4.671   175.242    57.460    38.106     4.562
  157   GLY   109.353     8.421   173.856    45.237 -9999.000     3.926   174.348    52.371    38.003     4.671
  158   GLN   119.520     8.250   176.290    55.520    27.900     4.230   173.856    45.237 -9999.000     3.926
  159   ASP   119.798     8.308   176.120    53.801    39.967     4.560   176.290    55.520    27.900     4.230
  160   GLU   123.191     8.552   176.508    56.392    29.282     4.301   176.120    53.801    39.967     4.560
  161   VAL   120.207     8.158   176.004    62.156    31.239     4.042   176.508    56.392    29.282     4.301
  162   ASP   122.984     8.402   176.412    53.921    40.373     4.706   176.004    62.156    31.239     4.042
  163   ILE   121.362     8.192   175.703    60.926    37.417     4.144   176.412    53.921    40.373     4.706
  164   LYS   122.099     8.134   176.176    55.926    31.819     4.364   175.703    60.926    37.417     4.144
  165   SER   115.531     8.219   174.477    58.122    63.076     4.498   176.176    55.926    31.819     4.364
  166   ARG   118.864     8.254   176.508    55.702    29.634     4.337   174.477    58.122    63.076     4.498
  167   ALA   121.477     8.148   177.567    51.989    18.190     4.350   176.508    55.702    29.634     4.337
  168   ALA   123.006     8.336   177.391    51.963    18.307     4.324   177.567    51.989    18.190     4.350
  169   TYR   119.941     8.270   175.294    58.024    38.641     4.589   177.391    51.963    18.307     4.324
  170   ASN   122.092     8.498   175.167    53.049    38.632     4.874   175.294    58.024    38.641     4.589
  171   VAL   121.109     8.051   175.401    61.269    30.954     4.053   175.167    53.049    38.632     4.874
  172   THR   113.587     8.171   174.663    60.591    68.342     4.541   175.401    61.269    30.954     4.053
  173   LEU   121.418     8.104   176.821    53.988    41.181     4.490   174.663    60.591    68.342     4.541
  174   LEU   120.827     7.910   176.378    54.238    40.868     4.353   176.821    53.988    41.181     4.490
  175   ASN   118.620     8.417   175.437    53.291    38.411     4.791   176.378    54.238    40.868     4.353
  176   PHE   120.581     8.451   175.432    57.814    39.213     4.574   175.437    53.291    38.411     4.791
  177   MET   119.549     8.143   175.946    55.102    32.053     4.472   175.432    57.814    39.213     4.574
  178   ASP   119.594     8.461   176.406    53.860    40.032     4.577   175.946    55.102    32.053     4.472
  179   PRO -9999.000 -9999.000   176.581    62.936    30.858     4.377   176.406    53.860    40.032     4.577
  180   GLN   120.480     8.010   174.470    53.090    27.920     4.500   176.581    62.936    30.858     4.377
  181   LYS   121.480     8.230   176.350    56.060    31.390     4.280   174.470    53.090    27.920     4.500
  182   MET   119.070     8.320   176.020    54.890    31.800     4.400   176.350    56.060    31.390     4.280
  183   PRO -9999.000 -9999.000   176.780    62.580    30.660     4.410   176.020    54.890    31.800     4.400
  184   TYR   119.530     7.760   174.230    54.980    37.840     4.770   176.780    62.580    30.660     4.410
  185   LEU   120.837     7.965   176.104    54.179    40.946     4.302   174.230    54.980    37.840     4.770
  186   LYS   120.263     8.094   176.309    55.778    31.438     4.259   176.104    54.179    40.946     4.302
  187   GLU   120.173     8.321   176.236    56.050    28.939     4.241   176.309    55.778    31.438     4.259
  188   GLU   119.824     8.514   176.702    56.347    28.879     4.194   176.236    56.050    28.939     4.241
  189   PRO -9999.000 -9999.000   176.879    62.939    30.641     4.358   176.702    56.347    28.879     4.194
  190   TYR   120.569     8.001   173.910    55.821    37.610     4.720   176.879    62.939    30.641     4.358
  191   PHE   118.968     7.967   174.943    56.850    39.000     4.593   173.910    55.821    37.610     4.720
  192   GLY   109.652     8.371   173.846    44.925 -9999.000     4.001   174.943    56.850    39.000     4.593
  193   MET   119.918     8.144   176.342    54.835    32.042     4.477   173.846    44.925 -9999.000     4.001
  194   GLY   108.808     8.301   174.236    45.339 -9999.000     3.943   176.342    54.835    32.042     4.477
  195   LYS   120.733     8.245   176.640    55.810    31.840     4.367   174.236    45.339 -9999.000     3.943
  196   MET   117.906     8.268   176.238    55.362    32.268     4.494   176.640    55.810    31.840     4.367
  197   ALA   127.071     8.331   176.937    51.494    18.403     4.438   176.238    55.362    32.268     4.494
  198   VAL   121.430     8.447   174.843    60.281    32.274     4.476   176.937    51.494    18.403     4.438
  199   SER   117.337     8.586   173.358    56.812    64.470     4.890   174.843    60.281    32.274     4.476
  200   TRP   122.221     8.251   175.747    56.661    29.778     4.766   173.358    56.812    64.470     4.890
  201   HIS   118.727     8.098   174.166    55.185    29.267     4.571   175.747    56.661    29.778     4.766
  202   HIS   118.593     8.209   175.035    55.924    28.935     4.534   174.166    55.185    29.267     4.571
  203   ASP   119.828     8.287   175.938    53.613    39.960     4.535   175.035    55.924    28.935     4.534
  204   GLU   120.090     8.410   176.020    56.430    28.810     4.220   175.938    53.613    39.960     4.535
  205   ASN   118.000     8.360   175.110    52.630    37.750     4.620   176.020    56.430    28.810     4.220
  206   LEU   124.167     8.259   176.479    54.256    40.829     4.355   175.110    52.630    37.750     4.620
  207   VAL   119.033     7.898   175.786    61.565    31.028     4.081   176.479    54.256    40.829     4.355
  208   ASP   120.143     8.282   176.228    53.904    40.344     4.704   175.786    61.565    31.028     4.081
  209   ARG   121.817     8.312   175.982    55.886    29.680     4.313   176.228    53.904    40.344     4.704
  210   SER   113.883     8.264   174.913    58.451    63.060     4.524   175.982    55.886    29.680     4.313
  211   ALA   126.735     8.294   177.442    51.612    17.900     4.361   174.913    58.451    63.060     4.524
  212   VAL   119.277     8.380   175.150    60.253    32.000     4.417   177.442    51.612    17.900     4.361
  213   ALA   127.503     8.547   176.313    50.733    19.117     4.707   175.150    60.253    32.000     4.417
  214   VAL   121.846     8.739   174.568    59.568    32.672     4.572   176.313    50.733    19.117     4.707
  215   TYR   122.339     8.634   174.601    56.511    39.483     5.009   174.568    59.568    32.672     4.572
  216   SER   116.460     8.261   173.738    57.059    63.567     4.670   174.601    56.511    39.483     5.009
  217   TYR   120.580     8.031   175.258    57.156    38.227     4.610   173.738    57.059    63.567     4.670
  218   SER   116.886     8.324   174.177    58.797    63.107     4.491   175.258    57.156    38.227     4.610
  219   CYS   118.460     8.253   175.435    58.130    28.667     4.591   174.177    58.797    63.107     4.491
  220   GLU   119.242     8.265   176.255    55.822    29.313     4.357   175.435    58.130    28.667     4.591
  221   GLY   108.800     8.580   174.360    45.210 -9999.000     3.890   176.255    55.822    29.313     4.357
  222   PRO -9999.000 -9999.000   177.125    62.673    30.667     4.370   174.360    45.210 -9999.000     3.890
  223   GLU   121.264     8.185   175.225    53.976    28.814     4.488   177.125    62.673    30.667     4.370
  224   GLU   120.642     8.431   176.611    56.302    29.147     4.245   175.225    53.976    28.814     4.488
  225   GLU   122.029     8.465   176.522    56.426    29.160     4.279   176.611    56.302    29.147     4.245
  226   SER   115.968     8.308   174.639    58.068    63.144     4.426   176.522    56.426    29.160     4.279
  227   GLU   120.376     8.378   176.619    56.317    29.211     4.303   174.639    58.068    63.144     4.426
  228   ASP   120.421     8.359   176.502    54.358    40.242     4.577   176.619    56.317    29.211     4.303
  229   ASP   121.901     8.405   176.042    54.095    40.233     4.612   176.502    54.358    40.242     4.577
  230   SER   116.111     8.293   174.239    58.196    63.231     4.395   176.042    54.095    40.233     4.612
  231   HIS   118.682     8.246   175.180    55.411    29.173     4.654   174.239    58.196    63.231     4.395
  232   LEU   121.263     8.106   176.711    54.499    40.866     4.283   175.180    55.411    29.173     4.654
  233   GLU   119.877     8.201   176.324    55.849    29.081     4.317   176.711    54.499    40.866     4.283
  234   GLY   109.268     8.411   174.076    45.134 -9999.000     3.939   176.324    55.849    29.081     4.317
  235   ARG   120.450     8.260   176.550    55.810    29.110     4.200   174.076    45.134 -9999.000     3.939
  236   ASP   119.340     8.440   176.370    53.710    39.790     4.560   176.550    55.810    29.110     4.200
  237   PRO -9999.000 -9999.000   176.561    63.013    30.748     4.352   176.370    53.710    39.790     4.560
  238   ASP   123.906     8.256   175.014    51.485    40.069     4.866   176.561    63.013    30.748     4.352
  239   ILE   121.171     8.251   175.521    60.756    37.555     4.092   175.014    51.485    40.069     4.866
  240   TRP   121.158     8.222   176.106    57.494    29.551     4.654   175.521    60.756    37.555     4.092
  241   HIS   120.871     8.275   175.273    56.173    29.893     4.701   176.106    57.494    29.551     4.654
  242   VAL   120.686     8.216   175.852    62.337    31.540     4.070   175.273    56.173    29.893     4.701
  243   GLY   109.616     8.324   174.016    44.952 -9999.000     4.016   175.852    62.337    31.540     4.070
  244   PHE   120.043     8.276   175.634    56.754    39.126     4.671   174.016    44.952 -9999.000     4.016
  245   LYS   124.341     8.338   175.673    54.964    32.169     4.471   175.634    56.754    39.126     4.671
  246   ILE   122.338     8.121   175.206    60.037    37.363     4.268   175.673    54.964    32.169     4.471
  247   SER   115.709     8.341   174.221    57.712    63.482     4.433   175.206    60.037    37.363     4.268
  248   TRP   121.331     8.296   176.456    57.607    29.296     4.644   174.221    57.712    63.482     4.433
  249   ASP   123.069     8.323   176.030    53.659    40.454     4.641   176.456    57.607    29.296     4.644
  250   ILE   120.771     8.072   175.594    60.563    37.336     4.133   176.030    53.659    40.454     4.641
  251   GLU   121.744     8.356   176.259    56.127    29.107     4.319   175.594    60.563    37.336     4.133
  252   THR   113.127     8.350   175.114    60.986    68.004     4.355   176.259    56.127    29.107     4.319
  253   PRO -9999.000 -9999.000   176.641    62.502    30.894     4.511   175.114    60.986    68.004     4.355
  254   GLY   109.583     8.239   173.017    43.289 -9999.000     4.139   176.641    62.502    30.894     4.511
  255   LEU   120.004     8.291   177.291    54.538    41.374     4.414   173.017    43.289 -9999.000     4.139
  256   ALA   125.484     8.326   177.524    52.197    18.513     4.449   177.291    54.538    41.374     4.414
  257   ILE   120.378     8.296   176.098    61.188    37.168     4.088   177.524    52.197    18.513     4.449
  258   PRO -9999.000 -9999.000   177.069    63.218    30.729     4.432   176.098    61.188    37.168     4.088
  259   LEU   122.447     8.089   175.114    53.494    40.211     4.442   177.069    63.218    30.729     4.432
  260   HIS   118.710     8.154   175.022    55.612    29.073     4.627   175.114    53.494    40.211     4.442
  261   GLN   119.278     8.103   175.659    55.189    28.112     4.263   175.022    55.612    29.073     4.627
  262   GLY   108.687     8.347   174.139    45.397 -9999.000     3.896   175.659    55.189    28.112     4.263
  263   ASP   121.443     8.554   176.666    54.018    40.323     4.611   174.139    45.397 -9999.000     3.896
  264   CYS   119.431     8.594   175.437    59.256    28.287     4.459   176.666    54.018    40.323     4.611
  265   TYR   119.385     8.595   175.610    58.230    39.185     4.650   175.437    59.256    28.287     4.459
  266   PHE   120.346     8.477   175.328    58.081    39.696     4.679   175.610    58.230    39.185     4.650
  267   MET   119.673     8.192   176.169    55.156    32.375     4.544   175.328    58.081    39.696     4.679
  268   LEU   121.628     8.175   176.855    54.921    41.258     4.364   176.169    55.156    32.375     4.544
  269   ASP   119.986     8.221   176.267    54.067    40.130     4.616   176.855    54.921    41.258     4.364
  270   ASP   120.428     8.405   176.272    54.005    40.303     4.602   176.267    54.067    40.130     4.616
  271   LEU   121.903     8.241   176.447    54.883    41.387     4.367   176.272    54.005    40.303     4.602
  272   ASN   117.374     8.274   175.448    53.121    38.374     4.812   176.447    54.883    41.387     4.367
  273   ALA   125.164     8.387   177.112    52.191    18.195     4.340   175.448    53.121    38.374     4.812
  274   THR   115.419     8.257   174.544    62.366    68.265     4.379   177.112    52.191    18.195     4.340
  275   HIS   119.372     8.309   175.544    56.021    29.867     4.771   174.544    62.366    68.265     4.379
  276   GLN   119.555     8.301   176.072    55.936    28.796     4.314   175.544    56.021    29.867     4.771
  277   HIS   120.850     8.393   175.524    56.640    29.733     4.692   176.072    55.936    28.796     4.314
  278   CYS   120.536     8.251   174.922    57.572    28.860     4.580   175.524    56.640    29.733     4.692
  279   VAL   117.980     7.930   175.890    61.260    31.330     4.160   174.922    57.572    28.860     4.580
  280   LEU   119.487     8.013   176.720    54.143    41.070     4.410   175.890    61.260    31.330     4.160
  281   ALA   122.647     8.044   177.378    51.877    18.383     4.403   176.720    54.143    41.070     4.410
  282   GLY   110.291     8.387   173.926    45.146 -9999.000     3.946   177.378    51.877    18.383     4.403
  283   SER   115.863     8.269   174.868    57.762    63.039     4.431   173.926    45.146 -9999.000     3.946
  284   GLN   119.129     8.389   176.049    55.372    28.019     4.266   174.868    57.762    63.039     4.431
  285   PRO -9999.000 -9999.000   176.740    63.023    30.552     4.372   176.049    55.372    28.019     4.266
  286   ARG   121.504     8.133   174.780    53.726    29.081     4.470   176.740    63.023    30.552     4.372
  287   PHE   120.911     8.239   175.507    57.480    38.878     4.605   174.780    53.726    29.081     4.470
  288   SER   116.862     8.223   174.226    58.012    63.080     4.527   175.507    57.480    38.878     4.605
  289   SER   118.033     8.424   174.588    58.241    63.054     4.548   174.226    58.012    63.080     4.527
  290   THR   115.477     8.293   174.732    62.136    68.354     4.426   174.588    58.241    63.054     4.548
  291   HIS   118.874     8.272   175.644    55.990    29.849     4.796   174.732    62.136    68.354     4.426
  292   ARG   123.241     8.452   176.448    55.914    29.898     4.368   175.644    55.990    29.849     4.796
  293   VAL   118.348     8.222   175.415    60.688    31.684     4.287   176.448    55.914    29.898     4.368
  294   ALA   124.546     8.461   176.081    50.754    19.617     4.704   175.415    60.688    31.684     4.287
  295   GLU   122.497     8.634   175.449    55.257    30.488     4.551   176.081    50.754    19.617     4.704
  296   CYS   120.465     8.398   175.432    58.967    28.431     4.546   175.449    55.257    30.488     4.551
  297   SER   116.805     8.317   174.448    58.232    63.291     4.566   175.432    58.967    28.431     4.546
  298   THR   113.933     8.109   174.799    60.682    68.308     4.495   174.448    58.232    63.291     4.566
  299   GLY   111.299     8.493   174.024    45.112 -9999.000     4.043   174.799    60.682    68.308     4.495
  300   THR   115.313     8.281   175.291    62.540    68.121     4.392   174.024    45.112 -9999.000     4.043
  301   LEU   120.684     8.081   177.910    55.819    40.759     4.188   175.291    62.540    68.121     4.392
  302   ASP   118.982     8.196   178.054    56.056    39.621     4.359   177.910    55.819    40.759     4.188
  303   TYR   119.563     8.228   176.811    60.698    37.452     4.136   178.054    56.056    39.621     4.359
  304   ILE   120.023     8.006   177.444    63.986    36.472     3.607   176.811    60.698    37.452     4.136
  305   LEU   120.010     7.830   178.630    56.860    40.580     4.040   177.444    63.986    36.472     3.607
  306   GLN   118.150     7.970   178.470    57.640    27.430     4.120   178.630    56.860    40.580     4.040
  307   ARG   119.630     8.270   178.280    58.710    28.860     3.930   178.470    57.640    27.430     4.120
  308   CYS   118.620     8.020   176.930    61.590    27.200     4.120   178.280    58.710    28.860     3.930
  309   GLN   117.470     8.190   178.400    58.030    27.660     4.040   176.930    61.590    27.200     4.120
  310   LEU   118.160     8.070   178.710    56.620    40.290     3.980   178.400    58.030    27.660     4.040
  311   ALA   121.338     7.923   179.461    54.087    17.208     4.063   178.710    56.620    40.290     3.980
  312   LEU   120.080     8.104   178.227    56.404    40.392     4.050   179.461    54.087    17.208     4.063
  313   GLN   118.717     8.049   177.322    57.053    27.487     4.129   178.227    56.404    40.392     4.050
  314   ASN   120.226     8.482   175.452    53.077    37.577     4.614   177.322    57.053    27.487     4.129
  315   VAL   121.937     8.294   175.670    62.474    31.147     4.067   175.452    53.077    37.577     4.614
  316   CYS   118.073     8.094   175.293    58.237    28.688     4.600   175.670    62.474    31.147     4.067
  317   ASP   119.040     8.293   176.263    54.011    40.336     4.640   175.293    58.237    28.688     4.600
  318   ASP   123.386     8.533   176.083    53.810    40.254     4.631   176.263    54.011    40.336     4.640
  319   VAL   119.789     8.044   175.656    61.729    31.199     4.061   176.083    53.810    40.254     4.631
  320   ASP   119.749     8.314   175.827    53.793    40.106     4.649   175.656    61.729    31.199     4.061
  321   ASN   118.325     8.362   174.842    52.968    37.856     4.622   175.827    53.793    40.106     4.649
  322   ASP   119.897     8.286   175.933    54.047    40.064     4.568   174.842    52.968    37.856     4.622
  323   ASP   122.841     8.491   176.411    54.358    40.262     4.617   175.933    54.047    40.064     4.568
  324   VAL   122.119     8.323   175.736    62.365    31.410     4.081   176.411    54.358    40.262     4.617
  325   SER   116.011     8.291   174.888    58.384    63.202     4.593   175.736    62.365    31.410     4.081
  326   LEU   122.108     8.306   176.982    54.644    41.348     4.441   174.888    58.384    63.202     4.593
  327   LYS   122.121     8.149   176.284    56.051    31.918     4.378   176.982    54.644    41.348     4.441
  328   SER   115.805     8.412   174.478    58.291    63.134     4.497   176.284    56.051    31.918     4.378
  329   PHE   120.080     8.359   175.727    57.531    39.211     4.617   174.478    58.291    63.134     4.497
  330   GLU   119.750     8.422   176.564    56.189    29.094     4.294   175.727    57.531    39.211     4.617
  331   PRO -9999.000 -9999.000   177.614    63.832    30.510     4.263   176.564    56.189    29.094     4.294
  332   ALA   123.350     8.026   177.144    52.791    16.323     4.290   177.614    63.832    30.510     4.263
  333   VAL   119.608     8.046   177.427    65.012    30.206     3.582   177.144    52.791    16.323     4.290
  334   LEU   119.972     7.846   178.362    56.311    40.449     4.096   177.427    65.012    30.206     3.582
  335   LYS   120.056     7.846   177.927    57.516    31.317     4.118   178.362    56.311    40.449     4.096
  336   GLN   120.230     8.189   177.387    56.841    27.571     4.139   177.927    57.516    31.317     4.118
  337   GLY   107.397     8.274   175.741    46.164 -9999.000     3.880   177.387    56.841    27.571     4.139
  338   GLU   118.186     8.179   178.101    56.936    28.434     4.142   175.741    46.164 -9999.000     3.880
  339   GLU   120.472     8.419   178.622    58.610    28.190     3.950   178.101    56.936    28.434     4.142
  340   ILE   120.847     8.144   176.927    63.260    36.610     3.707   178.622    58.610    28.190     3.950
  341   HIS   118.284     7.958   175.609    56.781    28.840     4.527   176.927    63.260    36.610     3.707
  342   ASN   117.811     8.287   175.217    53.073    37.664     4.551   175.609    56.781    28.840     4.527
  343   GLU   122.609     8.537   176.358    56.327    28.779     4.233   175.217    53.073    37.664     4.551
  344   VAL   120.016     8.042   176.228    62.247    31.013     3.970   176.358    56.327    28.779     4.233
  345   GLU   119.690     8.387   177.356    57.180    28.702     4.129   176.228    62.247    31.013     3.970
  346   PHE   119.708     8.247   176.629    59.312    38.360     4.267   177.356    57.180    28.702     4.129
  347   GLU   119.489     8.356   178.199    58.018    28.197     3.899   176.629    59.312    38.360     4.267
  348   TRP   119.996     8.247   177.791    59.473    28.179     4.247   178.199    58.018    28.197     3.899
  349   LEU   119.306     7.959   178.464    56.717    40.407     4.060   177.791    59.473    28.179     4.247
  350   ARG   119.547     7.920   178.066    57.941    29.010     4.077   178.464    56.717    40.407     4.060
  351   GLN   118.019     8.290   178.096    57.664    27.307     3.967   178.066    57.941    29.010     4.077
  352   PHE   119.639     8.369   176.751    59.816    38.180     4.113   178.096    57.664    27.307     3.967
  353   TRP   120.730     8.063   177.062    58.670    28.411     4.329   176.751    59.816    38.180     4.113
  354   PHE   119.452     8.011   175.882    58.198    38.547     4.446   177.062    58.670    28.411     4.329
  355   GLN   119.631     8.127   176.174    55.572    28.771     4.403   175.882    58.198    38.547     4.446
  356   GLY   108.714     8.338   173.870    45.245 -9999.000     3.917   176.174    55.572    28.771     4.403
  357   ASN   118.642     8.353   175.687    52.942    38.196     4.791   173.870    45.245 -9999.000     3.917
  358   ARG   120.415     8.396   176.127    55.787    29.571     4.232   175.687    52.942    38.196     4.791
  359   TYR   119.574     8.267   175.754    57.991    38.476     4.608   176.127    55.787    29.571     4.232
  360   ARG   120.261     8.158   176.018    55.762    29.829     4.358   175.754    57.991    38.476     4.608
  361   LYS   121.996     8.354   176.633    56.428    32.052     4.343   176.018    55.762    29.829     4.358
  362   CYS   120.968     8.428   175.217    58.737    28.199     4.548   176.633    56.428    32.052     4.343
  363   THR   114.051     8.116   174.649    62.153    68.446     4.464   175.217    58.737    28.199     4.548
  364   ASP   120.710     8.613   176.898    54.546    40.709     4.663   174.649    62.153    68.446     4.464
  365   TRP   121.449     8.598   176.322    57.561    29.536     4.561   176.898    54.546    40.709     4.663
  366   TRP   122.362     8.364   176.173    57.648    29.651     4.647   176.322    57.561    29.536     4.561
  367   CYS   119.754     8.303   175.341    59.171    28.369     4.538   176.173    57.648    29.651     4.647
  368   GLN   118.069     8.265   176.551    56.105    27.988     4.249   175.341    59.171    28.369     4.538
  369   PRO -9999.000 -9999.000   178.101    65.167    30.067     4.166   176.551    56.105    27.988     4.249
  370   MET   117.066     8.017   175.514    57.407    29.617     4.283   178.101    65.167    30.067     4.166
  371   ALA   121.920     7.970   179.110    54.010    17.320     4.080   175.514    57.407    29.617     4.283
  372   GLN   117.690     8.200   178.400    57.900    27.180     3.990   179.110    54.010    17.320     4.080
  373   LEU   119.630     8.110   178.580    56.520    40.300     4.010   178.400    57.900    27.180     3.990
  374   GLU   117.940     8.020   178.910    58.240    28.330     4.010   178.580    56.520    40.300     4.010
  375   ALA   121.288     8.193   179.421    54.287    16.978     3.983   178.910    58.240    28.330     4.010
  376   LEU   119.916     8.297   178.312    56.590    40.081     3.909   179.421    54.287    16.978     3.983
  377   TRP   120.428     7.916   177.530    58.917    28.357     4.372   178.312    56.590    40.081     3.909
  378   LYS   119.553     7.851   177.651    57.458    31.181     4.096   177.530    58.917    28.357     4.372
  379   LYS   119.856     8.057   177.390    57.256    31.097     4.110   177.651    57.458    31.181     4.096
  380   MET   118.636     8.113   176.990    56.230    31.404     4.234   177.390    57.256    31.097     4.110
  381   GLU   120.958     8.216   177.959    57.689    28.571     4.092   176.990    56.230    31.404     4.234
  382   GLY   108.612     8.413   175.650    46.552 -9999.000     3.822   177.959    57.689    28.571     4.092
  383   VAL   121.400     8.099   176.949    64.184    30.262     3.737   175.650    46.552 -9999.000     3.822
  384   THR   116.422     7.916   175.752    64.540    67.908     4.131   176.949    64.184    30.262     3.737
  385   ASN   115.634     8.194   177.069    54.706    37.754     4.556   175.752    64.540    67.908     4.131
  386   ALA   121.830     8.190   179.020    54.090    17.020     4.000   177.069    54.706    37.754     4.556
  387   VAL   119.700     8.070   177.610    65.480    30.100     3.520   179.020    54.090    17.020     4.000
  388   LEU   119.810     7.930   178.360    56.830    40.590     4.030   177.610    65.480    30.100     3.520
  389   HIS   118.300     7.840   177.080    57.960    29.000     4.490   178.360    56.830    40.590     4.030
  390   GLU   119.130     8.230   178.610    58.590    28.170     3.900   177.080    57.960    29.000     4.490
  391   VAL   120.361     8.059   177.460    65.351    30.081     3.537   178.610    58.590    28.170     3.900
  392   LYS   119.420     7.779   178.304    57.808    31.133     4.102   177.460    65.351    30.081     3.537
  393   ARG   119.762     8.178   176.840    56.607    28.980     4.127   178.304    57.808    31.133     4.102
  394   GLU   120.399     8.297   176.836    56.247    29.623     4.359   176.840    56.607    28.980     4.127
  395   GLY   108.879     8.419   174.264    45.096 -9999.000     3.922   176.836    56.247    29.623     4.359
  396   LEU   120.790     8.291   177.396    54.534    40.846     4.302   174.264    45.096 -9999.000     3.922
  397   PRO -9999.000 -9999.000   176.859    62.979    30.464     4.397   177.396    54.534    40.846     4.302
  398   VAL   121.736     8.167   174.756    60.863    30.812     4.234   176.859    62.979    30.464     4.397
  399   GLU   120.736     8.289   176.494    56.141    28.973     4.328   174.756    60.863    30.812     4.234
  400   GLN   119.277     8.224   176.433    55.952    27.954     4.224   176.494    56.141    28.973     4.328
  401   ARG   119.997     8.197   176.718    57.011    28.856     4.111   176.433    55.952    27.954     4.224
  402   ASN   117.779     8.227   176.088    53.731    37.669     4.583   176.718    57.011    28.856     4.111
  403   GLU   119.697     8.366   177.992    58.288    28.297     3.982   176.088    53.731    37.669     4.583
  404   ILE   120.302     8.157   177.756    64.149    36.322     3.592   177.992    58.288    28.297     3.982
  405   LEU   122.040     7.990   178.470    57.050    40.270     4.040   177.756    64.149    36.322     3.592
  406   THR   113.970     7.800   176.440    65.030    67.830     4.030   178.470    57.050    40.270     4.040
  407   ALA   121.470     8.180   179.370    54.360    17.060     4.060   176.440    65.030    67.830     4.030
  408   ILE   120.110     8.090   177.600    63.890    36.300     3.630   179.370    54.360    17.060     4.060
  409   LEU   118.370     7.790   178.780    56.820    40.440     4.010   177.600    63.890    36.300     3.630
  410   ALA   124.147     7.977   179.027    53.680    17.204     4.153   178.780    56.820    40.440     4.010
  411   SER   114.649     8.194   175.893    60.166    62.116     4.230   179.027    53.680    17.204     4.153
  412   LEU   122.169     8.319   177.938    56.070    40.211     4.148   175.893    60.166    62.116     4.230
  413   THR   113.794     7.816   176.429    65.050    67.786     4.019   177.938    56.070    40.211     4.148
  414   ALA   120.720     8.120   179.260    53.760    17.160     4.150   176.429    65.050    67.786     4.019
  415   ARG   119.130     8.090   178.120    58.180    28.750     4.010   179.260    53.760    17.160     4.150
  416   GLN   119.164     8.188   177.868    57.690    27.329     4.051   178.120    58.180    28.750     4.010
  417   ASN   116.963     8.258   176.921    54.662    37.663     4.496   177.868    57.690    27.329     4.051
  418   LEU   119.796     8.138   177.564    55.653    40.561     4.138   176.921    54.662    37.663     4.496
  419   ARG   118.937     7.953   177.831    57.572    28.891     4.118   177.564    55.653    40.561     4.138
  420   ARG   118.976     8.063   178.013    57.859    28.750     4.026   177.831    57.572    28.891     4.118
  421   GLU   119.278     8.399   178.468    58.290    28.132     3.881   178.013    57.859    28.750     4.026
  422   TRP   120.626     8.240   177.169    59.140    28.398     4.288   178.468    58.290    28.132     3.881
  423   HIS   116.458     7.932   176.061    56.883    28.870     4.501   177.169    59.140    28.398     4.288
  424   ALA   122.252     8.033   177.956    52.787    17.556     4.152   176.061    56.883    28.870     4.501
  425   ARG   121.693     8.228   176.500    56.578    28.851     4.179   177.956    52.787    17.556     4.152
  426   CYS   117.942     8.056   175.236    57.886    28.712     4.579   176.500    56.578    28.851     4.179
  427   GLN   119.869     8.334   176.336    55.919    28.945     4.460   175.236    57.886    28.712     4.579
  428   SER   115.562     8.292   174.866    58.482    63.076     4.541   176.336    55.919    28.945     4.460
  429   ARG   122.585     8.449   176.860    56.102    29.933     4.424   174.866    58.482    63.076     4.541
  430   ILE   120.030     8.360   176.265    61.360    37.505     4.175   176.860    56.102    29.933     4.424
  431   ALA   122.860     8.135   177.670    52.270    18.575     4.495   176.265    61.360    37.505     4.175
  432   ARG   122.270     8.398   176.373    56.065    29.798     4.377   177.670    52.270    18.575     4.495
  433   THR   114.630     8.227   174.915    61.993    68.187     4.428   176.373    56.065    29.798     4.377
  434   LEU   120.640     8.250   177.077    54.240    40.817     4.373   174.915    61.993    68.187     4.428
  435   PRO -9999.000 -9999.000   176.813    62.632    30.568     4.382   177.077    54.240    40.817     4.373
  436   ALA   124.220     7.921   176.165    49.960    17.780     4.506   176.813    62.632    30.568     4.382
  437   ASP   120.269     8.314   176.186    53.762    40.081     4.598   176.165    49.960    17.780     4.506
  438   GLN   119.812     8.234   175.639    55.458    28.286     4.272   176.186    53.762    40.081     4.598
  439   LYS   119.844     8.309   176.505    56.080    31.221     4.197   175.639    55.458    28.286     4.272
  440   PRO -9999.000 -9999.000   176.586    62.731    30.724     4.369   176.505    56.080    31.221     4.197
  441   GLU   122.832     8.259   175.139    54.556    28.523     4.482   176.586    62.731    30.724     4.369
  442   CYS   118.086     8.177   175.226    58.087    28.819     4.555   175.139    54.556    28.523     4.482
  443   ARG   118.714     8.358   176.295    55.711    29.311     4.252   175.226    58.087    28.819     4.555
  444   PRO -9999.000 -9999.000   176.752    62.567    30.497     4.393   176.295    55.711    29.311     4.252
  445   TYR   121.039     7.861   173.813    55.188    38.205     4.725   176.752    62.567    30.497     4.393
  446   TRP   120.416     7.988   175.571    57.187    29.051     4.557   173.813    55.188    38.205     4.725
  447   GLU   119.993     8.243   176.057    55.970    29.143     4.269   175.571    57.187    29.051     4.557
  448   LYS   120.898     8.236   176.411    56.106    31.477     4.218   176.057    55.970    29.143     4.269
  449   ASP   119.828     8.271   175.951    53.727    40.003     4.561   176.411    56.106    31.477     4.218
  450   ASP   118.390     8.280   176.030    53.720    40.140     4.580   175.951    53.727    40.003     4.561
  451   ALA   125.210     8.150   177.070    52.170    18.030     4.290   176.030    53.720    40.140     4.580
  452   SER   116.580     8.260   174.560    57.810    63.050     4.470   177.070    52.170    18.030     4.290
  453   MET   119.500     8.430   176.250    54.910    31.930     4.450   174.560    57.810    63.050     4.470
  454   PRO -9999.000 -9999.000   176.940    62.700    30.730     4.400   176.250    54.910    31.930     4.450
  455   LEU   121.550     8.030   175.720    52.180    40.520     4.530   176.940    62.700    30.730     4.400
  456   PRO -9999.000 -9999.000   176.540    62.670    30.540     4.380   175.720    52.180    40.520     4.530
  457   PHE   120.210     7.910   174.340    55.070    38.430     4.770   176.540    62.670    30.540     4.380
  458   ASP   119.267     8.230   175.907    53.410    39.957     4.590   174.340    55.070    38.430     4.770
  459   LEU   123.290     8.227   176.990    55.397    40.643     4.240   175.907    53.410    39.957     4.590
  460   THR   115.473     7.877   176.087    65.100    67.887     4.027   176.990    55.397    40.643     4.240
  461   ASP   119.070     8.310   178.300    56.630    39.600     4.420   176.087    65.100    67.887     4.027
  462   ILE   121.080     8.170   177.420    64.150    36.210     3.590   178.300    56.630    39.600     4.420
  463   VAL   122.700     7.860   177.390    65.240    30.320     3.640   177.420    64.150    36.210     3.590
  464   SER   115.370     7.940   176.260    60.260    62.210     4.300   177.390    65.240    30.320     3.640
  465   GLU   118.330     8.370   178.840    58.260    28.110     3.990   176.260    60.260    62.210     4.300
  466   LEU   119.560     8.170   178.580    56.790    40.220     4.010   178.840    58.260    28.110     3.990
  467   ARG   120.427     7.913   178.143    58.020    28.960     4.073   178.580    56.790    40.220     4.010
  468   GLY   107.990     8.287   175.287    46.023 -9999.000     3.893   178.143    58.020    28.960     4.073
  469   GLN   117.827     8.130   176.627    55.380    27.840     4.263   175.287    46.023 -9999.000     3.893
  470   LEU   120.002     8.043   177.529    55.217    40.566     4.197   176.627    55.380    27.840     4.263
  471   LEU   120.790     7.959   177.017    54.519    40.824     4.307   177.529    55.217    40.566     4.197
  472   GLU   118.214     8.228   176.479    55.996    28.841     4.267   177.017    54.519    40.824     4.307
  473   ALA   123.489     8.311   177.497    52.217    18.556     4.363   176.479    55.996    28.841     4.267
  474   LYS   119.999     8.319   176.297    55.682    31.217     4.218   177.497    52.217    18.556     4.363
  475   PRO -9999.000 -9999.000   176.490    62.630    30.710     4.380   176.297    55.682    31.217     4.218
