    1   SER   116.220     8.260   174.510    57.670    63.180     4.530 -9999.000 -9999.000 -9999.000 -9999.000 -9999.000 -9999.000   115.960     8.010
    2   THR   115.960     8.010   173.490    58.740    67.850     4.660   116.220     8.260   174.510    57.670    63.180     4.530 -9999.000 -9999.000
    3   PRO -9999.000 -9999.000   176.420    62.680    30.600     4.380   115.960     8.010   173.490    58.740    67.850     4.660   120.243     8.377
    4   LYS   120.243     8.377   176.257    55.803    31.300     4.193 -9999.000 -9999.000   176.420    62.680    30.600     4.380   120.902     8.418
    5   ASP   120.902     8.418   176.260    54.344    40.423     4.612   120.243     8.377   176.257    55.803    31.300     4.193   119.386     8.272
    6   ASP   119.386     8.272   177.242    55.313    39.731     4.444   120.902     8.418   176.260    54.344    40.423     4.612   119.934     8.134
    7   GLU   119.934     8.134   178.118    57.901    28.521     4.020   119.386     8.272   177.242    55.313    39.731     4.444   119.439     8.167
    8   PHE   119.439     8.167   176.863    60.303    38.284     4.131   119.934     8.134   178.118    57.901    28.521     4.020   118.510     8.340
    9   TYR   118.510     8.340   177.290    60.670    37.430     4.060   119.439     8.167   176.863    60.303    38.284     4.131   117.630     8.330
   10   GLN   117.630     8.330   178.500    57.930    27.140     3.900   118.510     8.340   177.290    60.670    37.430     4.060   118.470     8.030
   11   GLN   118.470     8.030   178.310    57.850    27.520     4.070   117.630     8.330   178.500    57.930    27.140     3.900   120.363     8.173
   12   TRP   120.363     8.173   177.860    59.331    28.300     4.297   118.470     8.030   178.310    57.850    27.520     4.070   117.994     8.262
   13   GLN   117.994     8.262   178.288    57.771    27.099     3.926   120.363     8.173   177.860    59.331    28.300     4.297   120.886     7.992
   14   LEU   120.886     7.992   177.142    55.031    40.843     4.237   117.994     8.262   178.288    57.771    27.099     3.926   119.867     8.060
   15   LYS   119.867     8.060   175.767    55.700    31.397     4.210   120.886     7.992   177.142    55.031    40.843     4.237   120.030     7.800
   16   TYR   120.030     7.800   174.010    54.980    37.950     4.770   119.867     8.060   175.767    55.700    31.397     4.210 -9999.000 -9999.000
   17   PRO -9999.000 -9999.000   176.460    62.440    30.610     4.390   120.030     7.800   174.010    54.980    37.950     4.770   120.305     8.260
   18   LYS   120.305     8.260   176.280    55.720    31.295     4.260 -9999.000 -9999.000   176.460    62.440    30.610     4.390   122.026     8.351
   19   LEU   122.026     8.351   176.818    54.919    41.692     4.467   120.305     8.260   176.280    55.720    31.295     4.260   121.679     8.390
   20   ILE   121.679     8.390   175.134    59.531    37.853     4.456   122.026     8.351   176.818    54.919    41.692     4.467   125.972     8.500
   21   LEU   125.972     8.500   176.295    53.583    41.742     4.611   121.679     8.390   175.134    59.531    37.853     4.456   120.653     8.379
   22   ARG   120.653     8.379   176.703    55.986    29.886     4.337   125.972     8.500   176.295    53.583    41.742     4.611   120.043     8.306
   23   GLU   120.043     8.306   176.619    56.189    29.027     4.300   120.653     8.379   176.703    55.986    29.886     4.337   123.786     8.173
   24   ALA   123.786     8.173   177.429    51.905    18.212     4.333   120.043     8.306   176.619    56.189    29.027     4.300   114.094     8.220
   25   SER   114.094     8.220   174.648    57.714    63.132     4.462   123.786     8.173   177.429    51.905    18.212     4.333   117.197     8.244
   26   SER   117.197     8.244   174.321    57.919    63.129     4.522   114.094     8.220   174.648    57.714    63.132     4.462   121.576     8.138
   27   VAL   121.576     8.138   175.772    61.586    31.226     4.154   117.197     8.244   174.321    57.919    63.129     4.522   118.858     8.548
   28   SER   118.858     8.548   174.662    58.151    62.982     4.487   121.576     8.138   175.772    61.586    31.226     4.154   120.658     8.388
   29   GLU   120.658     8.388   178.356    58.334    28.182     3.988   118.858     8.548   174.662    58.151    62.982     4.487   119.450     8.084
   30   GLU   119.450     8.084   178.518    57.911    28.396     4.063   120.658     8.388   178.356    58.334    28.182     3.988   119.588     8.021
   31   LEU   119.588     8.021   178.077    56.218    40.494     4.016   119.450     8.084   178.518    57.911    28.396     4.063   117.338     8.063
   32   HIS   117.338     8.063   176.951    58.187    28.818     4.403   119.588     8.021   178.077    56.218    40.494     4.016   119.450     8.110
   33   LYS   119.450     8.110   177.990    58.310    31.110     3.960   117.338     8.063   176.951    58.187    28.818     4.403   119.220     7.970
   34   GLU   119.220     7.970   178.770    58.170    28.250     4.040   119.450     8.110   177.990    58.310    31.110     3.960   120.180     8.050
   35   VAL   120.180     8.050   177.640    65.150    30.200     3.570   119.220     7.970   178.770    58.170    28.250     4.040   118.790     8.290
   36   GLN   118.790     8.290   178.550    58.280    27.030     3.950   120.180     8.050   177.640    65.150    30.200     3.570   119.340     8.250
   37   GLU   119.340     8.250   178.580    58.230    28.260     4.000   118.790     8.290   178.550    58.280    27.030     3.950   121.990     7.930
   38   ALA   121.990     7.930   179.250    53.780    17.210     4.060   119.340     8.250   178.580    58.230    28.260     4.000   118.290     8.010
   39   PHE   118.290     8.010   177.280    60.310    38.300     4.170   121.990     7.930   179.250    53.780    17.210     4.060   118.859     8.319
   40   LEU   118.859     8.319   178.588    56.861    40.319     3.951   118.290     8.010   177.280    60.310    38.300     4.170   114.346     7.927
   41   THR   114.346     7.927   176.119    64.324    67.852     4.087   118.859     8.319   178.588    56.861    40.319     3.951   121.841     8.154
   42   LEU   121.841     8.154   177.737    56.250    40.349     4.049   114.346     7.927   176.119    64.324    67.852     4.087   117.379     8.024
   43   HIS   117.379     8.024   176.723    57.937    28.839     4.409   121.841     8.154   177.737    56.250    40.349     4.049   119.826     8.076
   44   LYS   119.826     8.076   176.574    56.798    31.416     4.099   117.379     8.024   176.723    57.937    28.839     4.409   119.065     8.269
   45   HIS   119.065     8.269   175.584    55.719    29.776     4.713   119.826     8.076   176.574    56.798    31.416     4.099   108.359     8.349
   46   GLY   108.359     8.349   173.831    45.187 -9999.000     3.971   119.065     8.269   175.584    55.719    29.776     4.713   118.812     8.186
   47   CYS   118.812     8.186   175.457    58.807    28.236     4.564   108.359     8.349   173.831    45.187 -9999.000     3.971   122.022     8.159
   48   LEU   122.022     8.159   176.491    54.306    41.021     4.371   118.812     8.186   175.457    58.807    28.236     4.564   119.246     8.191
   49   PHE   119.246     8.191   175.452    56.732    39.068     4.688   122.022     8.159   176.491    54.306    41.021     4.371   121.190     8.358
   50   ARG   121.190     8.358   175.579    55.253    29.799     4.343   119.246     8.191   175.452    56.732    39.068     4.688   120.439     8.297
   51   ASP   120.439     8.297   175.802    53.453    40.367     4.714   121.190     8.358   175.579    55.253    29.799     4.343   121.317     8.123
   52   LEU   121.317     8.123   176.404    54.179    41.297     4.480   120.439     8.297   175.802    53.453    40.367     4.714   119.563     8.036
   53   VAL   119.563     8.036   175.812    61.072    31.210     4.174   121.317     8.123   176.404    54.179    41.297     4.480   123.518     8.403
   54   ARG   123.518     8.403   175.810    55.163    29.757     4.387   119.563     8.036   175.812    61.072    31.210     4.174   119.859     7.921
   55   ILE   119.859     7.921   175.574    60.351    37.041     4.142   123.518     8.403   175.810    55.163    29.757     4.387   122.861     8.399
   56   GLN   122.861     8.399   176.457    55.248    28.399     4.332   119.859     7.921   175.574    60.351    37.041     4.142   109.314     8.412
   57   GLY   109.314     8.412   174.048    45.118 -9999.000     3.946   122.861     8.399   176.457    55.248    28.399     4.332   120.944     8.134
   58   LYS   120.944     8.134   176.456    56.125    32.300     4.356   109.314     8.412   174.048    45.118 -9999.000     3.946   120.313     8.233
   59   ASP   120.313     8.233   175.888    53.380    40.201     4.680   120.944     8.134   176.456    56.125    32.300     4.356   120.923     7.953
   60   LEU   120.923     7.953   176.677    54.404    40.816     4.346   120.313     8.233   175.888    53.380    40.201     4.680   121.595     8.362
   61   LEU   121.595     8.362   177.278    54.870    41.519     4.469   120.923     7.953   176.677    54.404    40.816     4.346   116.238     8.277
   62   THR   116.238     8.277   173.227    61.501    67.047     4.509   121.595     8.362   177.278    54.870    41.519     4.469 -9999.000 -9999.000
   63   PRO -9999.000 -9999.000   176.807    63.486    30.582     4.450   116.238     8.277   173.227    61.501    67.047     4.509   119.158     8.089
   64   VAL   119.158     8.089   175.792    61.190    31.271     4.126 -9999.000 -9999.000   176.807    63.486    30.582     4.450   118.781     8.446
   65   SER   118.781     8.446   174.420    57.520    63.132     4.529   119.158     8.089   175.792    61.190    31.271     4.126   122.170     8.329
   66   ARG   122.170     8.329   175.496    55.061    30.072     4.487   118.781     8.446   174.420    57.520    63.132     4.529   120.637     8.084
   67   ILE   120.637     8.084   175.293    59.851    37.462     4.340   122.170     8.329   175.496    55.061    30.072     4.487   125.117     8.313
   68   LEU   125.117     8.313   176.443    53.788    41.702     4.540   120.637     8.084   175.293    59.851    37.462     4.340   119.826     7.938
   69   ILE   119.826     7.938   175.942    59.763    37.101     4.181   125.117     8.313   176.443    53.788    41.702     4.540   111.979     8.510
   70   GLY   111.979     8.510   174.014    45.231 -9999.000     3.948   119.826     7.938   175.942    59.763    37.101     4.181   119.050     8.036
   71   ASN   119.050     8.036   173.529    50.223    37.610     4.897   111.979     8.510   174.014    45.231 -9999.000     3.948 -9999.000 -9999.000
   72   PRO -9999.000 -9999.000   176.859    62.781    30.434     4.356   119.050     8.036   173.529    50.223    37.610     4.897   107.568     8.508
   73   GLY   107.568     8.508   174.251    45.115 -9999.000     3.963 -9999.000 -9999.000   176.859    62.781    30.434     4.356   118.488     8.183
   74   CYS   118.488     8.183   175.379    58.079    28.774     4.662   107.568     8.508   174.251    45.115 -9999.000     3.963   116.374     8.267
   75   THR   116.374     8.267   174.487    62.355    68.325     4.448   118.488     8.183   175.379    58.079    28.774     4.662   122.097     8.478
   76   TYR   122.097     8.478   175.504    58.143    38.426     4.588   116.374     8.267   174.487    62.355    68.325     4.448   120.616     8.243
   77   LYS   120.616     8.243   176.367    56.034    32.248     4.345   122.097     8.478   175.504    58.143    38.426     4.588   120.426     8.343
   78   TYR   120.426     8.343   175.712    58.268    38.719     4.635   120.616     8.243   176.367    56.034    32.248     4.345   121.431     8.428
   79   LEU   121.431     8.428   176.647    54.818    41.251     4.296   120.426     8.343   175.712    58.268    38.719     4.635   118.300     8.433
   80   ASN   118.300     8.433   175.292    52.614    38.013     4.749   121.431     8.428   176.647    54.818    41.251     4.296   115.354     8.248
   81   THR   115.354     8.248   174.693    62.792    67.973     4.394   118.300     8.433   175.292    52.614    38.013     4.749   122.338     8.280
   82   ARG   122.338     8.280   175.760    55.466    29.231     4.311   115.354     8.248   174.693    62.792    67.973     4.394   121.116     8.032
   83   LEU   121.116     8.032   176.299    53.996    41.019     4.424   122.338     8.280   175.760    55.466    29.231     4.311   119.730     8.234
   84   PHE   119.730     8.234   175.483    56.593    39.296     4.779   121.116     8.032   176.299    53.996    41.019     4.424   114.764     8.217
   85   THR   114.764     8.217   174.414    60.635    68.269     4.581   119.730     8.234   175.483    56.593    39.296     4.779   123.268     8.171
   86   VAL   123.268     8.171   174.578    60.751    30.631     4.247   114.764     8.217   174.414    60.635    68.269     4.581 -9999.000 -9999.000
   87   PRO -9999.000 -9999.000   176.517    62.826    30.532     4.379   123.268     8.171   174.578    60.751    30.631     4.247   120.911     7.927
   88   TRP   120.911     7.927   174.932    55.085    28.582     4.765 -9999.000 -9999.000   176.517    62.826    30.532     4.379 -9999.000 -9999.000
   89   PRO -9999.000 -9999.000   176.138    62.603    31.149     4.409   120.911     7.927   174.932    55.085    28.582     4.765   118.840     8.080
   90   VAL   118.840     8.080   175.740    61.310    31.000     4.060 -9999.000 -9999.000   176.138    62.603    31.149     4.409   124.000     8.400
   91   LYS   124.000     8.400   176.620    55.560    31.380     4.290   118.840     8.080   175.740    61.310    31.000     4.060   109.520     8.420
   92   GLY   109.520     8.420   174.020    44.920 -9999.000     3.990   124.000     8.400   176.620    55.560    31.380     4.290   115.533     8.161
   93   SER   115.533     8.161   174.096    57.607    63.147     4.446   109.520     8.420   174.020    44.920 -9999.000     3.990   119.713     8.325
   94   ASN   119.713     8.325   174.797    52.739    37.943     4.723   115.533     8.161   174.096    57.607    63.147     4.446   120.529     8.139
   95   ILE   120.529     8.139   175.527    60.860    37.083     4.128   119.713     8.325   174.797    52.739    37.943     4.723   123.327     8.282
   96   LYS   123.327     8.282   176.443    56.044    31.812     4.284   120.529     8.139   175.527    60.860    37.083     4.128   119.192     8.243
   97   HIS   119.192     8.243   175.159    55.574    29.506     4.748   123.327     8.282   176.443    56.044    31.812     4.284   114.144     8.240
   98   THR   114.144     8.240   174.743    61.239    68.252     4.357   119.192     8.243   175.159    55.574    29.506     4.748   122.125     8.456
   99   GLU   122.125     8.456   176.521    56.258    29.086     4.306   114.144     8.240   174.743    61.239    68.252     4.357   122.247     8.185
  100   ALA   122.247     8.185   178.889    53.664    17.226     4.057   122.125     8.456   176.521    56.258    29.086     4.306   117.798     7.966
  101   GLU   117.798     7.966   178.713    58.191    28.404     4.021   122.247     8.185   178.889    53.664    17.226     4.057   120.694     8.053
  102   ILE   120.694     8.053   177.467    63.547    36.332     3.686   117.798     7.966   178.713    58.191    28.404     4.021   122.070     8.140
  103   ALA   122.070     8.140   179.280    54.350    16.940     4.020   120.694     8.053   177.467    63.547    36.332     3.686   120.240     8.040
  104   ALA   120.240     8.040   179.270    53.790    17.020     4.050   122.070     8.140   179.280    54.350    16.940     4.020   120.020     8.030
  105   ALA   120.020     8.030   179.270    53.920    17.500     4.100   120.240     8.040   179.270    53.790    17.020     4.050   117.320     8.100
  106   CYS   117.320     8.100   177.140    61.730    26.950     4.060   120.020     8.030   179.270    53.920    17.500     4.100   119.370     8.450
  107   GLU   119.370     8.450   178.660    58.730    28.420     3.970   117.320     8.100   177.140    61.730    26.950     4.060   115.403     7.887
  108   THR   115.403     7.887   176.211    64.960    67.792     4.001   119.370     8.450   178.660    58.730    28.420     3.970   121.974     8.194
  109   PHE   121.974     8.194   176.792    60.149    38.187     4.250   115.403     7.887   176.211    64.960    67.792     4.001   119.269     8.273
  110   LEU   119.269     8.273   178.369    56.758    40.228     3.919   121.974     8.194   176.792    60.149    38.187     4.250   118.767     7.843
  111   LYS   118.767     7.843   178.533    58.270    31.043     3.993   119.269     8.273   178.369    56.758    40.228     3.919   120.040     8.068
  112   LEU   120.040     8.068   177.404    55.568    40.504     4.118   118.767     7.843   178.533    58.270    31.043     3.993   117.256     8.317
  113   ASN   117.256     8.317   176.346    54.506    37.653     4.483   120.040     8.068   177.404    55.568    40.504     4.118   120.199     8.208
  114   ASP   120.199     8.208   177.276    55.871    39.793     4.444   117.256     8.317   176.346    54.506    37.653     4.483   119.814     7.924
  115   TYR   119.814     7.924   177.071    60.466    37.780     4.223   120.199     8.208   177.276    55.871    39.793     4.444   119.090     8.260
  116   LEU   119.090     8.260   178.650    56.880    40.160     3.870   119.814     7.924   177.071    60.466    37.780     4.223   117.770     7.940
  117   GLN   117.770     7.940   178.640    58.140    27.400     4.010   119.090     8.260   178.650    56.880    40.160     3.870   121.080     8.130
  118   ILE   121.080     8.130   177.580    63.910    36.440     3.650   117.770     7.940   178.640    58.140    27.400     4.010   118.930     8.350
  119   GLU   118.930     8.350   178.830    58.760    28.160     3.980   121.080     8.130   177.580    63.910    36.440     3.650   115.280     7.770
  120   THR   115.280     7.770   176.370    65.120    67.850     4.040   118.930     8.350   178.830    58.760    28.160     3.980   122.790     8.230
  121   ILE   122.790     8.230   177.450    63.890    36.220     3.680   115.280     7.770   176.370    65.120    67.850     4.040   118.660     8.220
  122   GLN   118.660     8.220   178.400    58.190    27.120     3.990   122.790     8.230   177.450    63.890    36.220     3.680   122.120     7.890
  123   ALA   122.120     7.890   179.300    53.880    17.370     4.120   118.660     8.220   178.400    58.190    27.120     3.990   118.480     8.130
  124   LEU   118.480     8.130   178.680    56.830    40.200     3.950   122.120     7.890   179.300    53.880    17.370     4.120   118.750     8.370
  125   GLU   118.750     8.370   178.880    58.710    28.080     3.900   118.480     8.130   178.680    56.830    40.200     3.950   119.322     8.068
  126   GLU   119.322     8.068   178.774    58.150    28.318     4.034   118.750     8.370   178.880    58.710    28.080     3.900   119.934     8.081
  127   LEU   119.934     8.081   178.223    56.203    40.294     4.058   119.322     8.068   178.774    58.150    28.318     4.034   121.306     8.109
  128   ALA   121.306     8.109   179.078    53.807    17.096     4.049   119.934     8.081   178.223    56.203    40.294     4.058   120.280     8.033
  129   ALA   120.280     8.033   178.970    53.512    17.177     4.083   121.306     8.109   179.078    53.807    17.096     4.049   118.237     8.014
  130   LYS   118.237     8.014   178.286    57.920    31.002     3.992   120.280     8.033   178.970    53.512    17.177     4.083   119.346     8.199
  131   GLU   119.346     8.199   177.583    57.299    28.414     4.093   118.237     8.014   178.286    57.920    31.002     3.992   119.934     8.033
  132   LYS   119.934     8.033   177.366    56.867    31.128     4.123   119.346     8.199   177.583    57.299    28.414     4.093   122.844     8.059
  133   ALA   122.844     8.059   177.560    52.571    17.658     4.203   119.934     8.033   177.366    56.867    31.128     4.123   116.598     8.351
  134   ASN   116.598     8.351   175.079    52.607    37.718     4.609   122.844     8.059   177.560    52.571    17.658     4.203   120.266     8.466
  135   GLU   120.266     8.466   176.478    56.707    29.343     4.266   116.598     8.351   175.079    52.607    37.718     4.609   120.368     8.313
  136   ASP   120.368     8.313   176.294    53.858    40.142     4.599   120.266     8.466   176.478    56.707    29.343     4.266   123.174     8.077
  137   ALA   123.174     8.077   177.313    52.063    18.191     4.361   120.368     8.313   176.294    53.858    40.142     4.599   118.952     7.858
  138   VAL   118.952     7.858   174.587    59.733    30.727     4.288   123.174     8.077   177.313    52.063    18.191     4.361 -9999.000 -9999.000
  139   PRO -9999.000 -9999.000   176.737    62.720    30.618     4.433   118.952     7.858   174.587    59.733    30.727     4.288   120.088     8.298
  140   LEU   120.088     8.298   176.983    54.639    41.242     4.379 -9999.000 -9999.000   176.737    62.720    30.618     4.433   118.652     8.275
  141   CYS   118.652     8.275   175.551    58.604    28.544     4.562   120.088     8.298   176.983    54.639    41.242     4.379   121.384     8.431
  142   MET   121.384     8.431   176.186    55.370    32.275     4.524   118.652     8.275   175.551    58.604    28.544     4.562   116.253     8.300
  143   SER   116.253     8.300   174.545    58.067    63.052     4.504   121.384     8.431   176.186    55.370    32.275     4.524   125.028     8.172
  144   ALA   125.028     8.172   177.058    52.119    18.122     4.311   116.253     8.300   174.545    58.067    63.052     4.504   117.981     8.202
  145   ASP   117.981     8.202   176.018    53.524    40.012     4.602   125.028     8.172   177.058    52.119    18.122     4.311   120.227     7.958
  146   PHE   120.227     7.958   174.287    55.348    38.402     4.758   117.981     8.202   176.018    53.524    40.012     4.602 -9999.000 -9999.000
  147   PRO -9999.000 -9999.000   176.664    62.818    30.559     4.381   120.227     7.958   174.287    55.348    38.402     4.758   119.798     8.332
  148   ARG   119.798     8.332   176.339    55.741    29.358     4.291 -9999.000 -9999.000   176.664    62.818    30.559     4.381   119.893     8.097
  149   VAL   119.893     8.097   176.174    61.609    31.160     4.109   119.798     8.332   176.339    55.741    29.358     4.291   111.633     8.506
  150   GLY   111.633     8.506   174.262    45.148 -9999.000     3.974   119.893     8.097   176.174    61.609    31.160     4.109   119.783     8.157
  151   MET   119.783     8.157   176.294    54.639    32.061     4.486   111.633     8.506   174.262    45.148 -9999.000     3.974   110.244     8.482
  152   GLY   110.244     8.482   174.217    45.117 -9999.000     4.033   119.783     8.157   176.294    54.639    32.061     4.486   115.891     8.191
  153   SER   115.891     8.191   174.456    57.589    63.329     4.521   110.244     8.482   174.217    45.117 -9999.000     4.033   116.706     8.183
  154   SER   116.706     8.183   173.857    57.923    63.030     4.427   115.891     8.191   174.456    57.589    63.329     4.521   120.603     8.101
  155   TYR   120.603     8.101   175.011    57.528    38.038     4.535   116.706     8.183   173.857    57.923    63.030     4.427   119.103     8.446
  156   ASN   119.103     8.446   175.360    52.492    37.659     4.653   120.603     8.101   175.011    57.528    38.038     4.535   108.467     8.377
  157   GLY   108.467     8.377   173.901    45.416 -9999.000     3.895   119.103     8.446   175.360    52.492    37.659     4.653   119.620     8.140
  158   GLN   119.620     8.140   175.550    55.220    28.320     4.300   108.467     8.377   173.901    45.416 -9999.000     3.895   120.451     8.392
  159   ASP   120.451     8.392   176.192    53.806    40.168     4.578   119.620     8.140   175.550    55.220    28.320     4.300   120.396     8.344
  160   GLU   120.396     8.344   176.674    56.440    29.241     4.327   120.451     8.392   176.192    53.806    40.168     4.578   120.489     8.179
  161   VAL   120.489     8.179   175.782    61.968    31.349     4.059   120.396     8.344   176.674    56.440    29.241     4.327   122.828     8.399
  162   ASP   122.828     8.399   176.306    53.884    40.318     4.689   120.489     8.179   175.782    61.968    31.349     4.059   120.811     8.115
  163   ILE   120.811     8.115   175.802    61.014    37.247     4.127   122.828     8.399   176.306    53.884    40.318     4.689   123.578     8.345
  164   LYS   123.578     8.345   176.564    55.836    31.813     4.354   120.811     8.115   175.802    61.014    37.247     4.127   115.763     8.257
  165   SER   115.763     8.257   174.580    58.091    63.090     4.497   123.578     8.345   176.564    55.836    31.813     4.354   121.631     8.267
  166   ARG   121.631     8.267   176.111    55.779    29.500     4.316   115.763     8.257   174.580    58.091    63.090     4.497   122.961     8.144
  167   ALA   122.961     8.144   177.339    51.951    18.164     4.359   121.631     8.267   176.111    55.779    29.500     4.316   121.186     8.113
  168   ALA   121.186     8.113   177.237    51.954    18.491     4.397   122.961     8.144   177.339    51.951    18.164     4.359   118.279     8.343
  169   TYR   118.279     8.343   175.606    58.017    38.538     4.527   121.186     8.113   177.237    51.954    18.491     4.397   119.138     8.498
  170   ASN   119.138     8.498   175.368    53.191    38.654     4.834   118.279     8.343   175.606    58.017    38.538     4.527   119.838     7.926
  171   VAL   119.838     7.926   175.446    61.174    31.370     4.217   119.138     8.498   175.368    53.191    38.654     4.834   116.616     8.313
  172   THR   116.616     8.313   174.643    60.566    68.113     4.510   119.838     7.926   175.446    61.174    31.370     4.217   122.740     8.083
  173   LEU   122.740     8.083   176.542    54.183    40.858     4.392   116.616     8.313   174.643    60.566    68.113     4.510   120.837     8.064
  174   LEU   120.837     8.064   176.642    54.122    40.784     4.289   122.740     8.083   176.542    54.183    40.858     4.392   118.697     8.247
  175   ASN   118.697     8.247   175.460    53.108    38.454     4.834   120.837     8.064   176.642    54.122    40.784     4.289   120.040     8.271
  176   PHE   120.040     8.271   175.359    57.887    39.392     4.608   118.697     8.247   175.460    53.108    38.454     4.834   119.881     8.391
  177   MET   119.881     8.391   175.833    55.187    32.240     4.444   120.040     8.271   175.359    57.887    39.392     4.608   121.776     8.194
  178   ASP   121.776     8.194   174.914    51.608    39.976     4.879   119.881     8.391   175.833    55.187    32.240     4.444 -9999.000 -9999.000
  179   PRO -9999.000 -9999.000   176.771    63.103    30.508     4.332   121.776     8.194   174.914    51.608    39.976     4.879   118.750     8.300
  180   GLN   118.750     8.300   175.830    55.350    27.890     4.220 -9999.000 -9999.000   176.771    63.103    30.508     4.332   120.990     8.190
  181   LYS   120.990     8.190   176.410    55.950    31.540     4.270   118.750     8.300   175.830    55.350    27.890     4.220   120.800     8.030
  182   MET   120.800     8.030   174.660    52.630    31.830     4.680   120.990     8.190   176.410    55.950    31.540     4.270 -9999.000 -9999.000
  183   PRO -9999.000 -9999.000   176.210    62.740    30.800     4.400   120.800     8.030   174.660    52.630    31.830     4.680   117.940     8.060
  184   TYR   117.940     8.060   175.560    57.260    37.810     4.500 -9999.000 -9999.000   176.210    62.740    30.800     4.400   121.918     8.051
  185   LEU   121.918     8.051   176.551    54.037    40.783     4.341   117.940     8.060   175.560    57.260    37.810     4.500   120.613     8.184
  186   LYS   120.613     8.184   176.479    55.848    31.528     4.249   121.918     8.051   176.551    54.037    40.783     4.341   120.605     8.406
  187   GLU   120.605     8.406   176.370    56.143    29.020     4.241   120.613     8.184   176.479    55.848    31.528     4.249   121.112     8.238
  188   GLU   121.112     8.238   175.063    54.483    28.448     4.436   120.605     8.406   176.370    56.143    29.020     4.241 -9999.000 -9999.000
  189   PRO -9999.000 -9999.000   176.355    62.924    30.731     4.353   121.112     8.238   175.063    54.483    28.448     4.436   118.261     8.126
  190   TYR   118.261     8.126   175.374    57.392    37.992     4.504 -9999.000 -9999.000   176.355    62.924    30.731     4.353   120.161     8.237
  191   PHE   120.161     8.237   175.927    57.003    38.652     4.558   118.261     8.126   175.374    57.392    37.992     4.504   109.602     8.400
  192   GLY   109.602     8.400   174.012    45.115 -9999.000     3.951   120.161     8.237   175.927    57.003    38.652     4.558   119.402     8.147
  193   MET   119.402     8.147   176.176    54.399    32.164     4.521   109.602     8.400   174.012    45.115 -9999.000     3.951   109.456     8.419
  194   GLY   109.456     8.419   174.141    45.342 -9999.000     3.964   119.402     8.147   176.176    54.399    32.164     4.521   121.015     8.033
  195   LYS   121.015     8.033   176.341    56.027    32.069     4.354   109.456     8.419   174.141    45.342 -9999.000     3.964   119.760     8.238
  196   MET   119.760     8.238   176.133    55.298    32.253     4.503   121.015     8.033   176.341    56.027    32.069     4.354   124.066     8.243
  197   ALA   124.066     8.243   176.832    51.574    18.372     4.501   119.760     8.238   176.133    55.298    32.253     4.503   120.030     8.423
  198   VAL   120.030     8.423   175.276    60.142    32.284     4.501   124.066     8.243   176.832    51.574    18.372     4.501   119.648     8.524
  199   SER   119.648     8.524   173.244    56.609    64.071     4.844   120.030     8.423   175.276    60.142    32.284     4.501   121.522     8.228
  200   TRP   121.522     8.228   175.468    56.771    29.524     4.730   119.648     8.524   173.244    56.609    64.071     4.844   119.049     8.289
  201   HIS   119.049     8.289   174.336    55.169    29.344     4.557   121.522     8.228   175.468    56.771    29.524     4.730   119.301     8.259
  202   HIS   119.301     8.259   174.809    55.958    29.399     4.568   119.049     8.289   174.336    55.169    29.344     4.557   120.495     8.373
  203   ASP   120.495     8.373   175.992    53.832    40.222     4.538   119.301     8.259   174.809    55.958    29.399     4.568   120.160     8.390
  204   GLU   120.160     8.390   176.160    56.410    28.770     4.210   120.495     8.373   175.992    53.832    40.222     4.538   117.650     8.270
  205   ASN   117.650     8.270   174.940    52.560    37.660     4.630   120.160     8.390   176.160    56.410    28.770     4.210   120.788     8.070
  206   LEU   120.788     8.070   176.456    54.385    40.837     4.379   117.650     8.270   174.940    52.560    37.660     4.630   119.478     8.013
  207   VAL   119.478     8.013   175.736    61.452    31.219     4.086   120.788     8.070   176.456    54.385    40.837     4.379   123.188     8.508
  208   ASP   123.188     8.508   176.372    53.829    40.162     4.658   119.478     8.013   175.736    61.452    31.219     4.086   120.323     8.257
  209   ARG   120.323     8.257   176.423    55.838    29.544     4.318   123.188     8.508   176.372    53.829    40.162     4.658   115.587     8.257
  210   SER   115.587     8.257   174.742    58.417    63.044     4.536   120.323     8.257   176.423    55.838    29.544     4.318   124.813     8.104
  211   ALA   124.813     8.104   177.101    51.839    18.004     4.393   115.587     8.257   174.742    58.417    63.044     4.536   119.130     8.340
  212   VAL   119.130     8.340   175.097    60.240    32.027     4.403   124.813     8.104   177.101    51.839    18.004     4.393   127.563     8.557
  213   ALA   127.563     8.557   176.343    50.747    19.087     4.713   119.130     8.340   175.097    60.240    32.027     4.403   119.823     8.528
  214   VAL   119.823     8.528   174.441    59.636    32.780     4.660   127.563     8.557   176.343    50.747    19.087     4.713   124.686     8.804
  215   TYR   124.686     8.804   174.838    56.231    39.537     4.986   119.823     8.528   174.441    59.636    32.780     4.660   115.589     8.362
  216   SER   115.589     8.362   173.528    57.214    63.582     4.546   124.686     8.804   174.838    56.231    39.537     4.986   120.095     8.041
  217   TYR   120.095     8.041   175.332    57.195    38.100     4.594   115.589     8.362   173.528    57.214    63.582     4.546   115.726     8.342
  218   SER   115.726     8.342   174.677    58.264    63.292     4.594   120.095     8.041   175.332    57.195    38.100     4.594   119.858     8.283
  219   CYS   119.858     8.283   175.214    58.361    28.701     4.570   115.726     8.342   174.677    58.264    63.292     4.594   121.902     8.497
  220   GLU   121.902     8.497   176.795    56.445    28.788     4.253   119.858     8.283   175.214    58.361    28.701     4.570   110.040     8.190
  221   GLY   110.040     8.190   172.860    42.860 -9999.000     4.170   121.902     8.497   176.795    56.445    28.788     4.253 -9999.000 -9999.000
  222   PRO -9999.000 -9999.000   176.666    62.534    30.924     4.409   110.040     8.190   172.860    42.860 -9999.000     4.170   119.931     8.577
  223   GLU   119.931     8.577   176.726    56.328    28.870     4.207 -9999.000 -9999.000   176.666    62.534    30.924     4.409   120.549     8.433
  224   GLU   120.549     8.433   176.612    56.304    29.142     4.244   119.931     8.577   176.726    56.328    28.870     4.207   120.666     8.433
  225   GLU   120.666     8.433   176.655    56.179    29.283     4.314   120.549     8.433   176.612    56.304    29.142     4.244   115.968     8.308
  226   SER   115.968     8.308   174.639    58.068    63.144     4.426   120.666     8.433   176.655    56.179    29.283     4.314   121.946     8.452
  227   GLU   121.946     8.452   176.285    56.370    29.174     4.279   115.968     8.308   174.639    58.068    63.144     4.426   120.656     8.381
  228   ASP   120.656     8.381   176.281    54.172    40.351     4.594   121.946     8.452   176.285    56.370    29.174     4.279   120.331     8.332
  229   ASP   120.331     8.332   176.376    54.042    40.269     4.637   120.656     8.381   176.281    54.172    40.351     4.594   115.352     8.184
  230   SER   115.352     8.184   174.417    58.173    62.844     4.374   120.331     8.332   176.376    54.042    40.269     4.637   119.813     8.163
  231   HIS   119.813     8.163   174.852    55.567    28.976     4.638   115.352     8.184   174.417    58.173    62.844     4.374   121.881     8.192
  232   LEU   121.881     8.192   176.753    54.706    41.148     4.288   119.813     8.163   174.852    55.567    28.976     4.638   120.142     8.393
  233   GLU   120.142     8.393   176.977    56.078    28.900     4.259   121.881     8.192   176.753    54.706    41.148     4.288   109.054     8.349
  234   GLY   109.054     8.349   174.205    45.083 -9999.000     3.940   120.142     8.393   176.977    56.078    28.900     4.259   120.550     8.150
  235   ARG   120.550     8.150   175.810    55.510    29.530     4.270   109.054     8.349   174.205    45.083 -9999.000     3.940   120.840     8.110
  236   ASP   120.840     8.110   174.740    51.410    39.880     4.840   120.550     8.150   175.810    55.510    29.530     4.270 -9999.000 -9999.000
  237   PRO -9999.000 -9999.000   176.581    63.006    30.728     4.347   120.840     8.110   174.740    51.410    39.880     4.840   119.422     8.417
  238   ASP   119.422     8.417   176.262    53.722    40.167     4.617 -9999.000 -9999.000   176.581    63.006    30.728     4.347   120.469     7.943
  239   ILE   120.469     7.943   175.528    60.700    37.288     4.127   119.422     8.417   176.262    53.722    40.167     4.617   123.724     8.353
  240   TRP   123.724     8.353   176.249    57.326    29.365     4.630   120.469     7.943   175.528    60.700    37.288     4.127   119.614     8.360
  241   HIS   119.614     8.360   175.496    56.182    30.124     4.716   123.724     8.353   176.249    57.326    29.365     4.630   121.303     8.394
  242   VAL   121.303     8.394   176.421    62.759    31.428     4.022   119.614     8.360   175.496    56.182    30.124     4.716   110.613     8.389
  243   GLY   110.613     8.389   173.873    44.902 -9999.000     3.967   121.303     8.394   176.421    62.759    31.428     4.022   119.650     8.136
  244   PHE   119.650     8.136   175.051    56.514    39.326     4.708   110.613     8.389   173.873    44.902 -9999.000     3.967   121.493     8.296
  245   LYS   121.493     8.296   175.556    55.189    32.263     4.469   119.650     8.136   175.051    56.514    39.326     4.708   121.311     8.151
  246   ILE   121.311     8.151   175.429    59.887    37.603     4.311   121.493     8.296   175.556    55.189    32.263     4.469   118.817     8.233
  247   SER   118.817     8.233   174.259    57.529    63.340     4.469   121.311     8.151   175.429    59.887    37.603     4.311   122.888     8.332
  248   TRP   122.888     8.332   176.116    57.681    29.237     4.624   118.817     8.233   174.259    57.529    63.340     4.469   120.303     8.421
  249   ASP   120.303     8.421   176.016    53.787    40.607     4.609   122.888     8.332   176.116    57.681    29.237     4.624   120.648     8.066
  250   ILE   120.648     8.066   175.834    60.739    37.212     4.113   120.303     8.421   176.016    53.787    40.607     4.609   123.523     8.518
  251   GLU   123.523     8.518   176.597    55.952    29.311     4.401   120.648     8.066   175.834    60.739    37.212     4.113   114.430     7.997
  252   THR   114.430     7.997   173.568    58.797    67.822     4.623   123.523     8.518   176.597    55.952    29.311     4.401 -9999.000 -9999.000
  253   PRO -9999.000 -9999.000   176.864    62.476    30.527     4.406   114.430     7.997   173.568    58.797    67.822     4.623   108.075     8.412
  254   GLY   108.075     8.412   174.300    45.332 -9999.000     3.913 -9999.000 -9999.000   176.864    62.476    30.527     4.406   121.767     8.192
  255   LEU   121.767     8.192   176.732    54.669    41.429     4.416   108.075     8.412   174.300    45.332 -9999.000     3.913   123.155     8.252
  256   ALA   123.155     8.252   177.601    52.158    18.648     4.455   121.767     8.192   176.732    54.669    41.429     4.416   120.528     8.148
  257   ILE   120.528     8.148   174.587    59.976    36.448     4.286   123.155     8.252   177.601    52.158    18.648     4.455 -9999.000 -9999.000
  258   PRO -9999.000 -9999.000   177.051    63.304    30.567     4.407   120.528     8.148   174.587    59.976    36.448     4.286   120.446     8.168
  259   LEU   120.446     8.168   176.849    54.666    40.730     4.233 -9999.000 -9999.000   177.051    63.304    30.567     4.407   118.213     8.208
  260   HIS   118.213     8.208   175.163    55.692    28.959     4.586   120.446     8.168   176.849    54.666    40.730     4.233   119.883     8.267
  261   GLN   119.883     8.267   176.162    55.534    28.137     4.229   118.213     8.208   175.163    55.692    28.959     4.586   109.574     8.423
  262   GLY   109.574     8.423   173.963    45.240 -9999.000     3.936   119.883     8.267   176.162    55.534    28.137     4.229   119.643     8.219
  263   ASP   119.643     8.219   175.966    53.448    40.638     4.721   109.574     8.423   173.963    45.240 -9999.000     3.936   119.174     8.327
  264   CYS   119.174     8.327   175.352    59.197    28.281     4.554   119.643     8.219   175.966    53.448    40.638     4.721   121.420     8.525
  265   TYR   121.420     8.525   175.720    58.430    39.085     4.650   119.174     8.327   175.352    59.197    28.281     4.554   120.102     8.609
  266   PHE   120.102     8.609   175.647    58.233    39.653     4.554   121.420     8.525   175.720    58.430    39.085     4.650   119.209     8.371
  267   MET   119.209     8.371   176.071    55.269    32.358     4.504   120.102     8.609   175.647    58.233    39.653     4.554   122.147     8.328
  268   LEU   122.147     8.328   176.641    54.820    41.288     4.389   119.209     8.371   176.071    55.269    32.358     4.504   120.370     8.392
  269   ASP   120.370     8.392   176.276    54.001    40.294     4.601   122.147     8.328   176.641    54.820    41.288     4.389   120.057     8.223
  270   ASP   120.057     8.223   176.252    54.062    40.145     4.620   120.370     8.392   176.276    54.001    40.294     4.601   121.471     8.259
  271   LEU   121.471     8.259   176.706    54.894    41.141     4.306   120.057     8.223   176.252    54.062    40.145     4.620   118.874     8.414
  272   ASN   118.874     8.414   175.432    53.084    38.349     4.785   121.471     8.259   176.706    54.894    41.141     4.306   123.101     8.233
  273   ALA   123.101     8.233   177.299    52.069    18.550     4.457   118.874     8.414   175.432    53.084    38.349     4.785   113.521     8.177
  274   THR   113.521     8.177   174.703    62.261    68.176     4.379   123.101     8.233   177.299    52.069    18.550     4.457   121.167     8.429
  275   HIS   121.167     8.429   175.293    56.163    29.628     4.684   113.521     8.177   174.703    62.261    68.176     4.379   119.553     8.299
  276   GLN   119.553     8.299   176.061    55.923    28.818     4.316   121.167     8.429   175.293    56.163    29.628     4.684   118.304     8.284
  277   HIS   118.304     8.284   175.550    56.281    30.131     4.768   119.553     8.299   176.061    55.923    28.818     4.316   117.773     8.109
  278   CYS   117.773     8.109   174.851    57.824    29.138     4.612   118.304     8.284   175.550    56.281    30.131     4.768   120.780     7.940
  279   VAL   120.780     7.940   175.720    61.700    30.870     4.110   117.773     8.109   174.851    57.824    29.138     4.612   124.187     8.237
  280   LEU   124.187     8.237   176.653    54.010    40.860     4.377   120.780     7.940   175.720    61.700    30.870     4.110   122.730     8.216
  281   ALA   122.730     8.216   177.941    51.912    18.262     4.371   124.187     8.237   176.653    54.010    40.860     4.377   107.551     8.373
  282   GLY   107.551     8.373   174.272    45.059 -9999.000     3.979   122.730     8.216   177.941    51.912    18.262     4.371   115.290     8.108
  283   SER   115.290     8.108   174.404    57.797    63.040     4.433   107.551     8.373   174.272    45.059 -9999.000     3.979   121.866     8.067
  284   GLN   121.866     8.067   174.403    53.434    27.656     4.493   115.290     8.108   174.404    57.797    63.040     4.433 -9999.000 -9999.000
  285   PRO -9999.000 -9999.000   176.866    62.935    30.660     4.391   121.866     8.067   174.403    53.434    27.656     4.493   119.526     8.290
  286   ARG   119.526     8.290   176.163    55.637    29.217     4.239 -9999.000 -9999.000   176.866    62.935    30.660     4.391   119.720     8.246
  287   PHE   119.720     8.246   175.620    57.329    39.038     4.635   119.526     8.290   176.163    55.637    29.217     4.239   116.162     8.388
  288   SER   116.162     8.388   174.576    58.052    63.156     4.517   119.720     8.246   175.620    57.329    39.038     4.635   117.176     8.351
  289   SER   117.176     8.351   174.622    58.190    63.210     4.596   116.162     8.388   174.576    58.052    63.156     4.517   116.223     8.228
  290   THR   116.223     8.228   174.448    62.102    68.156     4.405   117.176     8.351   174.622    58.190    63.210     4.596   120.984     8.420
  291   HIS   120.984     8.420   175.236    56.060    29.701     4.714   116.223     8.228   174.448    62.102    68.156     4.405   120.537     8.318
  292   ARG   120.537     8.318   176.396    56.167    30.169     4.409   120.984     8.420   175.236    56.060    29.701     4.714   119.837     8.111
  293   VAL   119.837     8.111   175.368    60.732    31.581     4.287   120.537     8.318   176.396    56.167    30.169     4.409   127.526     8.644
  294   ALA   127.526     8.644   176.244    50.651    19.603     4.684   119.837     8.111   175.368    60.732    31.581     4.287   119.042     8.481
  295   GLU   119.042     8.481   175.515    54.985    30.652     4.624   127.526     8.644   176.244    50.651    19.603     4.684   119.443     8.415
  296   CYS   119.443     8.415   175.605    58.851    28.371     4.545   119.042     8.481   175.515    54.985    30.652     4.624   117.212     8.470
  297   SER   117.212     8.470   174.727    58.406    63.393     4.603   119.443     8.415   175.605    58.851    28.371     4.545   115.088     8.221
  298   THR   115.088     8.221   175.007    60.884    68.069     4.447   117.212     8.470   174.727    58.406    63.393     4.603   110.529     8.442
  299   GLY   110.529     8.442   174.180    45.089 -9999.000     4.004   115.088     8.221   175.007    60.884    68.069     4.447   115.743     8.023
  300   THR   115.743     8.023   174.768    62.304    68.362     4.478   110.529     8.442   174.180    45.089 -9999.000     4.004   122.372     8.276
  301   LEU   122.372     8.276   177.498    56.071    40.311     4.081   115.743     8.023   174.768    62.304    68.362     4.478   118.717     8.158
  302   ASP   118.717     8.158   177.818    56.047    39.751     4.389   122.372     8.276   177.498    56.071    40.311     4.081   119.676     7.841
  303   TYR   119.676     7.841   176.926    60.272    37.852     4.247   118.717     8.158   177.818    56.047    39.751     4.389   120.546     8.000
  304   ILE   120.546     8.000   177.701    63.894    36.402     3.603   119.676     7.841   176.926    60.272    37.852     4.247   119.990     8.170
  305   LEU   119.990     8.170   178.720    57.180    40.210     3.950   120.546     8.000   177.701    63.894    36.402     3.603   117.540     8.160
  306   GLN   117.540     8.160   178.480    57.970    27.270     3.980   119.990     8.170   178.720    57.180    40.210     3.950   118.910     8.080
  307   ARG   118.910     8.080   178.120    58.310    29.230     4.060   117.540     8.160   178.480    57.970    27.270     3.980   118.080     8.080
  308   CYS   118.080     8.080   177.070    61.480    27.060     4.150   118.910     8.080   178.120    58.310    29.230     4.060   119.340     8.130
  309   GLN   119.340     8.130   178.410    58.210    27.590     4.020   118.080     8.080   177.070    61.480    27.060     4.150   119.930     8.090
  310   LEU   119.930     8.090   178.390    56.620    40.360     4.020   119.340     8.130   178.410    58.210    27.590     4.020   121.252     7.938
  311   ALA   121.252     7.938   179.454    54.120    17.188     4.054   119.930     8.090   178.390    56.620    40.360     4.020   118.273     8.048
  312   LEU   118.273     8.048   178.510    56.454    40.322     4.010   121.252     7.938   179.454    54.120    17.188     4.054   118.061     8.216
  313   GLN   118.061     8.216   177.350    57.206    27.497     4.052   118.273     8.048   178.510    56.454    40.322     4.010   118.408     8.251
  314   ASN   118.408     8.251   175.352    53.044    37.903     4.693   118.061     8.216   177.350    57.206    27.497     4.052   119.394     8.198
  315   VAL   119.394     8.198   175.706    62.166    31.367     4.124   118.408     8.251   175.352    53.044    37.903     4.693   120.734     8.338
  316   CYS   120.734     8.338   175.149    58.194    28.693     4.561   119.394     8.198   175.706    62.166    31.367     4.124   121.980     8.434
  317   ASP   121.980     8.434   176.077    54.328    40.157     4.598   120.734     8.338   175.149    58.194    28.693     4.561   120.041     8.287
  318   ASP   120.041     8.287   176.159    53.935    40.260     4.654   121.980     8.434   176.077    54.328    40.157     4.598   119.771     8.026
  319   VAL   119.771     8.026   175.636    61.737    31.218     4.066   120.041     8.287   176.159    53.935    40.260     4.654   123.064     8.517
  320   ASP   123.064     8.517   175.876    53.664    40.061     4.616   119.771     8.026   175.636    61.737    31.218     4.066   118.343     8.380
  321   ASN   118.343     8.380   174.862    52.960    37.837     4.617   123.064     8.517   175.876    53.664    40.061     4.616   119.982     8.384
  322   ASP   119.982     8.384   175.867    54.027    40.044     4.562   118.343     8.380   174.862    52.960    37.837     4.617   120.522     8.248
  323   ASP   120.522     8.248   176.588    54.360    40.252     4.664   119.982     8.384   175.867    54.027    40.044     4.562   120.589     8.231
  324   VAL   120.589     8.231   176.136    62.333    31.313     4.096   120.522     8.248   176.588    54.360    40.252     4.664   117.988     8.359
  325   SER   117.988     8.359   174.699    58.422    63.040     4.563   120.589     8.231   176.136    62.333    31.313     4.096   123.083     8.332
  326   LEU   123.083     8.332   176.658    54.774    41.335     4.417   117.988     8.359   174.699    58.422    63.040     4.563   120.975     8.287
  327   LYS   120.975     8.287   176.739    55.954    31.966     4.364   123.083     8.332   176.658    54.774    41.335     4.417   115.806     8.177
  328   SER   115.806     8.177   174.429    58.129    63.134     4.548   120.975     8.287   176.739    55.954    31.966     4.364   121.303     8.394
  329   PHE   121.303     8.394   175.526    57.769    39.206     4.592   115.806     8.177   174.429    58.129    63.134     4.548   121.062     8.390
  330   GLU   121.062     8.390   174.714    55.247    28.392     4.495   121.303     8.394   175.526    57.769    39.206     4.592 -9999.000 -9999.000
  331   PRO -9999.000 -9999.000   177.352    63.676    30.394     4.283   121.062     8.390   174.714    55.247    28.392     4.495   121.599     8.038
  332   ALA   121.599     8.038   179.153    53.600    17.238     4.126 -9999.000 -9999.000   177.352    63.676    30.394     4.283   118.804     7.806
  333   VAL   118.804     7.806   177.570    64.828    30.400     3.646   121.599     8.038   179.153    53.600    17.238     4.126   120.414     8.136
  334   LEU   120.414     8.136   178.262    56.616    40.224     4.011   118.804     7.806   177.570    64.828    30.400     3.646   118.967     8.057
  335   LYS   118.967     8.057   178.059    57.736    31.037     4.017   120.414     8.136   178.262    56.616    40.224     4.011   117.372     8.041
  336   GLN   117.372     8.041   177.300    56.049    27.583     4.214   118.967     8.057   178.059    57.736    31.037     4.017   107.938     8.349
  337   GLY   107.938     8.349   175.717    46.459 -9999.000     3.856   117.372     8.041   177.300    56.049    27.583     4.214   121.250     8.374
  338   GLU   121.250     8.374   178.272    57.996    28.330     4.022   107.938     8.349   175.717    46.459 -9999.000     3.856   119.302     8.051
  339   GLU   119.302     8.051   178.526    58.053    28.466     4.053   121.250     8.374   178.272    57.996    28.330     4.022   120.413     7.967
  340   ILE   120.413     7.967   176.964    62.853    36.511     3.737   119.302     8.051   178.526    58.053    28.466     4.053   119.347     8.207
  341   HIS   119.347     8.207   175.626    56.976    28.796     4.472   120.413     7.967   176.964    62.853    36.511     3.737   118.431     8.394
  342   ASN   118.431     8.394   175.187    53.324    37.896     4.560   119.347     8.207   175.626    56.976    28.796     4.472   120.134     8.331
  343   GLU   120.134     8.331   176.313    56.390    28.838     4.280   118.431     8.394   175.187    53.324    37.896     4.560   119.936     8.072
  344   VAL   119.936     8.072   176.224    62.313    30.957     3.953   120.134     8.331   176.313    56.390    28.838     4.280   122.309     8.361
  345   GLU   122.309     8.361   177.356    56.988    28.607     4.144   119.936     8.072   176.224    62.313    30.957     3.953   119.628     8.277
  346   PHE   119.628     8.277   176.626    59.379    38.303     4.250   122.309     8.361   177.356    56.988    28.607     4.144   119.201     8.294
  347   GLU   119.201     8.294   178.113    58.040    28.383     3.989   119.628     8.277   176.626    59.379    38.303     4.250   120.602     7.957
  348   TRP   120.602     7.957   177.689    58.948    28.401     4.376   119.201     8.294   178.113    58.040    28.383     3.989   119.572     8.257
  349   LEU   119.572     8.257   178.609    56.967    40.098     3.859   120.602     7.957   177.689    58.948    28.401     4.376   118.384     8.158
  350   ARG   118.384     8.158   178.203    58.178    28.710     3.967   119.572     8.257   178.609    56.967    40.098     3.859   118.206     8.030
  351   GLN   118.206     8.030   178.044    57.390    27.444     4.086   118.384     8.158   178.203    58.178    28.710     3.967   119.488     8.078
  352   PHE   119.488     8.078   176.567    59.656    38.480     4.263   118.206     8.030   178.044    57.390    27.444     4.086   120.068     8.157
  353   TRP   120.068     8.157   177.031    58.679    28.349     4.298   119.488     8.078   176.567    59.656    38.480     4.263   119.741     8.293
  354   PHE   119.741     8.293   176.013    58.340    38.429     4.300   120.068     8.157   177.031    58.679    28.349     4.298   119.934     8.408
  355   GLN   119.934     8.408   176.691    55.757    28.588     4.347   119.741     8.293   176.013    58.340    38.429     4.300   109.046     8.359
  356   GLY   109.046     8.359   173.909    45.223 -9999.000     3.896   119.934     8.408   176.691    55.757    28.588     4.347   118.796     8.270
  357   ASN   118.796     8.270   175.271    52.919    38.352     4.802   109.046     8.359   173.909    45.223 -9999.000     3.896   120.048     8.136
  358   ARG   120.048     8.136   175.704    55.820    29.781     4.332   118.796     8.270   175.271    52.919    38.352     4.802   119.583     8.278
  359   TYR   119.583     8.278   175.717    57.972    38.499     4.608   120.048     8.136   175.704    55.820    29.781     4.332   120.488     8.401
  360   ARG   120.488     8.401   176.331    55.801    29.686     4.291   119.583     8.278   175.717    57.972    38.499     4.608   119.913     8.141
  361   LYS   119.913     8.141   176.566    56.134    32.218     4.413   120.488     8.401   176.331    55.801    29.686     4.291   119.091     8.312
  362   CYS   119.091     8.312   175.518    58.549    28.452     4.628   119.913     8.141   176.566    56.134    32.218     4.413   116.528     8.436
  363   THR   116.528     8.436   174.689    62.388    68.290     4.388   119.091     8.312   175.518    58.549    28.452     4.628   122.869     8.323
  364   ASP   122.869     8.323   176.347    54.638    40.437     4.650   116.528     8.436   174.689    62.388    68.290     4.388   120.876     8.124
  365   TRP   120.876     8.124   176.141    57.572    29.438     4.632   122.869     8.323   176.347    54.638    40.437     4.650   120.633     8.503
  366   TRP   120.633     8.503   176.281    57.416    29.764     4.654   120.876     8.124   176.141    57.572    29.438     4.632   119.338     8.616
  367   CYS   119.338     8.616   175.608    59.331    28.252     4.456   120.633     8.503   176.281    57.416    29.764     4.654   120.467     8.370
  368   GLN   120.467     8.370   174.286    56.478    26.495     4.397   119.338     8.616   175.608    59.331    28.252     4.456 -9999.000 -9999.000
  369   PRO -9999.000 -9999.000   178.084    65.067    30.387     4.206   120.467     8.370   174.286    56.478    26.495     4.397   117.568     8.217
  370   MET   117.568     8.217   177.739    57.313    30.914     4.086 -9999.000 -9999.000   178.084    65.067    30.387     4.206   121.230     8.110
  371   ALA   121.230     8.110   179.200    54.010    17.000     4.040   117.568     8.217   177.739    57.313    30.914     4.086   117.070     7.930
  372   GLN   117.070     7.930   178.570    57.680    27.410     4.060   121.230     8.110   179.200    54.010    17.000     4.040   120.120     8.170
  373   LEU   120.120     8.170   178.530    56.870    40.340     3.980   117.070     7.930   178.570    57.680    27.410     4.060   118.560     8.290
  374   GLU   118.560     8.290   178.740    58.460    28.100     3.940   120.120     8.170   178.530    56.870    40.340     3.980   121.862     7.898
  375   ALA   121.862     7.898   179.314    53.750    17.218     4.114   118.560     8.290   178.740    58.460    28.100     3.940   118.411     7.916
  376   LEU   118.411     7.916   178.373    56.449    40.451     4.046   121.862     7.898   179.314    53.750    17.218     4.114   119.673     8.153
  377   TRP   119.673     8.153   177.553    59.163    28.228     4.291   118.411     7.916   178.373    56.449    40.451     4.046   119.588     8.196
  378   LYS   119.588     8.196   177.770    57.659    30.888     3.939   119.673     8.153   177.553    59.163    28.228     4.291   119.806     7.911
  379   LYS   119.806     7.911   177.447    57.209    31.209     4.113   119.588     8.196   177.770    57.659    30.888     3.939   118.879     8.170
  380   MET   118.879     8.170   177.082    56.476    31.336     4.196   119.806     7.911   177.447    57.209    31.209     4.113   118.552     8.238
  381   GLU   118.552     8.238   177.896    57.071    28.444     4.150   118.879     8.170   177.082    56.476    31.336     4.196   107.937     8.086
  382   GLY   107.937     8.086   175.664    46.002 -9999.000     3.946   118.552     8.238   177.896    57.071    28.444     4.150   121.223     8.086
  383   VAL   121.223     8.086   177.163    64.580    30.494     3.714   107.937     8.086   175.664    46.002 -9999.000     3.946   115.454     8.173
  384   THR   115.454     8.173   175.836    64.734    67.682     3.997   121.223     8.086   177.163    64.580    30.494     3.714   119.727     8.349
  385   ASN   119.727     8.349   176.674    54.914    37.456     4.537   115.454     8.173   175.836    64.734    67.682     3.997   123.120     7.930
  386   ALA   123.120     7.930   178.960    53.850    17.250     4.140   119.727     8.349   176.674    54.914    37.456     4.537   119.080     7.800
  387   VAL   119.080     7.800   177.780    65.260    30.330     3.590   123.120     7.930   178.960    53.850    17.250     4.140   119.720     8.070
  388   LEU   119.720     8.070   178.420    56.980    40.270     3.920   119.080     7.800   177.780    65.260    30.330     3.590   117.640     8.150
  389   HIS   117.640     8.150   177.180    58.530    28.740     4.350   119.720     8.070   178.420    56.980    40.270     3.920   119.220     8.090
  390   GLU   119.220     8.090   178.550    58.440    28.490     4.010   117.640     8.150   177.180    58.530    28.740     4.350   120.191     8.020
  391   VAL   120.191     8.020   177.383    65.061    30.197     3.587   119.220     8.090   178.550    58.440    28.490     4.010   119.731     7.992
  392   LYS   119.731     7.992   178.302    58.202    30.849     3.990   120.191     8.020   177.383    65.061    30.197     3.587   119.799     8.136
  393   ARG   119.799     8.136   176.931    56.706    29.017     4.122   119.731     7.992   178.302    58.202    30.849     3.990   120.465     8.424
  394   GLU   120.465     8.424   177.234    56.346    29.502     4.350   119.799     8.136   176.931    56.706    29.017     4.122   108.939     8.287
  395   GLY   108.939     8.287   174.054    44.988 -9999.000     3.948   120.465     8.424   177.234    56.346    29.502     4.350   122.242     7.934
  396   LEU   122.242     7.934   175.331    52.618    40.650     4.575   108.939     8.287   174.054    44.988 -9999.000     3.948 -9999.000 -9999.000
  397   PRO -9999.000 -9999.000   177.017    62.883    30.645     4.446   122.242     7.934   175.331    52.618    40.650     4.575   120.447     8.444
  398   VAL   120.447     8.444   176.394    62.727    31.244     3.992 -9999.000 -9999.000   177.017    62.883    30.645     4.446   121.991     8.469
  399   GLU   121.991     8.469   176.496    56.302    28.656     4.237   120.447     8.444   176.394    62.727    31.244     3.992   119.048     8.178
  400   GLN   119.048     8.178   176.461    55.907    27.840     4.202   121.991     8.469   176.496    56.302    28.656     4.237   119.844     8.230
  401   ARG   119.844     8.230   176.751    56.853    29.086     4.112   119.048     8.178   176.461    55.907    27.840     4.202   117.821     8.343
  402   ASN   117.821     8.343   176.052    53.932    37.651     4.567   119.844     8.230   176.751    56.853    29.086     4.112   119.954     8.078
  403   GLU   119.954     8.078   177.954    58.009    28.437     4.071   117.821     8.343   176.052    53.932    37.651     4.567   120.909     7.867
  404   ILE   120.909     7.867   177.653    63.623    36.544     3.721   119.954     8.078   177.954    58.009    28.437     4.071   119.520     8.190
  405   LEU   119.520     8.190   178.640    57.150    40.260     4.000   120.909     7.867   177.653    63.623    36.544     3.721   114.590     8.070
  406   THR   114.590     8.070   176.270    65.250    67.600     3.960   119.520     8.190   178.640    57.150    40.260     4.000   123.990     7.980
  407   ALA   123.990     7.980   179.200    54.260    17.070     4.100   114.590     8.070   176.270    65.250    67.600     3.960   119.490     7.820
  408   ILE   119.490     7.820   177.770    63.670    36.530     3.700   123.990     7.980   179.200    54.260    17.070     4.100   120.120     8.150
  409   LEU   120.120     8.150   178.550    57.140    40.140     3.960   119.490     7.820   177.770    63.670    36.530     3.700   120.922     8.193
  410   ALA   120.922     8.193   179.388    53.898    17.037     4.068   120.120     8.150   178.550    57.140    40.140     3.960   113.858     7.953
  411   SER   113.858     7.953   176.050    60.012    62.306     4.282   120.922     8.193   179.388    53.898    17.037     4.068   121.743     8.212
  412   LEU   121.743     8.212   177.807    55.852    40.439     4.173   113.858     7.953   176.050    60.012    62.306     4.282   114.586     8.057
  413   THR   114.586     8.057   176.272    65.203    67.596     3.967   121.743     8.212   177.807    55.852    40.439     4.173   123.760     8.200
  414   ALA   123.760     8.200   179.040    54.090    16.940     4.070   114.586     8.057   176.272    65.203    67.596     3.967   117.360     8.070
  415   ARG   117.360     8.070   178.440    58.180    28.680     3.970   123.760     8.200   179.040    54.090    16.940     4.070   117.740     8.212
  416   GLN   117.740     8.212   178.032    57.532    27.359     4.059   117.360     8.070   178.440    58.180    28.680     3.970   117.857     8.051
  417   ASN   117.857     8.051   176.751    54.542    37.903     4.579   117.740     8.212   178.032    57.532    27.359     4.059   121.204     8.107
  418   LEU   121.204     8.107   177.451    55.809    40.513     4.141   117.857     8.051   176.751    54.542    37.903     4.579   118.576     8.097
  419   ARG   118.576     8.097   177.887    57.801    28.782     4.010   121.204     8.107   177.451    55.809    40.513     4.141   118.968     8.180
  420   ARG   118.968     8.180   178.053    58.079    28.687     4.020   118.576     8.097   177.887    57.801    28.782     4.010   118.797     8.130
  421   GLU   118.797     8.130   178.354    58.039    28.371     4.069   118.968     8.180   178.053    58.079    28.687     4.020   120.196     8.058
  422   TRP   120.196     8.058   177.219    58.721    28.319     4.317   118.797     8.130   178.354    58.039    28.371     4.069   118.421     8.246
  423   HIS   118.421     8.246   176.019    57.020    28.609     4.372   120.196     8.058   177.219    58.721    28.319     4.317   122.651     8.082
  424   ALA   122.651     8.082   177.993    52.980    17.653     4.157   118.421     8.246   176.019    57.020    28.609     4.372   117.259     8.117
  425   ARG   117.259     8.117   176.730    56.223    29.322     4.224   122.651     8.082   177.993    52.980    17.653     4.157   117.582     8.118
  426   CYS   117.582     8.118   175.131    57.782    28.817     4.574   117.259     8.117   176.730    56.223    29.322     4.224   121.621     8.404
  427   GLN   121.621     8.404   176.556    56.198    28.541     4.421   117.582     8.118   175.131    57.782    28.817     4.574   115.986     8.328
  428   SER   115.986     8.328   174.686    58.413    63.169     4.551   121.621     8.404   176.556    56.198    28.541     4.421   121.733     8.214
  429   ARG   121.733     8.214   176.484    56.112    30.082     4.458   115.986     8.328   174.686    58.413    63.169     4.551   121.360     8.300
  430   ILE   121.360     8.300   176.195    61.415    37.355     4.185   121.733     8.214   176.484    56.112    30.082     4.458   124.930     8.445
  431   ALA   124.930     8.445   177.620    52.270    18.525     4.435   121.360     8.300   176.195    61.415    37.355     4.185   118.830     8.310
  432   ARG   118.830     8.310   176.852    55.940    30.097     4.448   124.930     8.445   177.620    52.270    18.525     4.435   114.460     8.092
  433   THR   114.460     8.092   174.950    62.143    68.032     4.443   118.830     8.310   176.852    55.940    30.097     4.448   124.170     7.963
  434   LEU   124.170     7.963   175.373    52.180    40.543     4.577   114.460     8.092   174.950    62.143    68.032     4.443 -9999.000 -9999.000
  435   PRO -9999.000 -9999.000   176.784    62.542    30.587     4.381   124.170     7.963   175.373    52.180    40.543     4.577   123.038     8.299
  436   ALA   123.038     8.299   177.405    52.142    17.981     4.251 -9999.000 -9999.000   176.784    62.542    30.587     4.381   118.016     8.264
  437   ASP   118.016     8.264   176.321    53.904    39.965     4.569   123.038     8.299   177.405    52.142    17.981     4.251   119.275     8.162
  438   GLN   119.275     8.162   175.766    55.534    28.063     4.247   118.016     8.264   176.321    53.904    39.965     4.569   121.911     8.026
  439   LYS   121.911     8.026   175.023    53.911    31.224     4.483   119.275     8.162   175.766    55.534    28.063     4.247 -9999.000 -9999.000
  440   PRO -9999.000 -9999.000   176.720    62.823    30.804     4.369   121.911     8.026   175.023    53.911    31.224     4.483   118.569     8.494
  441   GLU   118.569     8.494   176.659    56.243    29.042     4.276 -9999.000 -9999.000   176.720    62.823    30.804     4.369   117.873     8.116
  442   CYS   117.873     8.116   175.355    58.036    28.671     4.556   118.569     8.494   176.659    56.243    29.042     4.276   122.961     8.086
  443   ARG   122.961     8.086   174.822    53.862    28.916     4.471   117.873     8.116   175.355    58.036    28.671     4.556 -9999.000 -9999.000
  444   PRO -9999.000 -9999.000   176.070    62.635    30.731     4.370   122.961     8.086   174.822    53.862    28.916     4.471   118.132     8.078
  445   TYR   118.132     8.078   175.249    57.263    38.003     4.498 -9999.000 -9999.000   176.070    62.635    30.731     4.370   121.729     8.170
  446   TRP   121.729     8.170   176.124    57.171    28.962     4.578   118.132     8.078   175.249    57.263    38.003     4.498   121.182     8.332
  447   GLU   121.182     8.332   175.987    56.153    29.323     4.216   121.729     8.170   176.124    57.171    28.962     4.578   121.032     8.203
  448   LYS   121.032     8.203   176.129    55.943    31.642     4.249   121.182     8.332   175.987    56.153    29.323     4.216   120.347     8.325
  449   ASP   120.347     8.325   175.804    53.659    40.246     4.592   121.032     8.203   176.129    55.943    31.642     4.249   119.830     8.290
  450   ASP   119.830     8.290   176.120    53.720    39.910     4.560   120.347     8.325   175.804    53.659    40.246     4.592   123.690     8.150
  451   ALA   123.690     8.150   177.450    52.080    18.050     4.300   119.830     8.290   176.120    53.720    39.910     4.560   113.770     8.160
  452   SER   113.770     8.160   174.740    57.860    63.060     4.430   123.690     8.150   177.450    52.080    18.050     4.300   122.220     8.070
  453   MET   122.220     8.070   174.650    52.810    31.690     4.690   113.770     8.160   174.740    57.860    63.060     4.430 -9999.000 -9999.000
  454   PRO -9999.000 -9999.000   176.780    62.740    30.700     4.440   122.220     8.070   174.650    52.810    31.690     4.690   121.550     8.030
  455   LEU   121.550     8.030   175.720    52.180    40.520     4.530 -9999.000 -9999.000   176.780    62.740    30.700     4.440 -9999.000 -9999.000
  456   PRO -9999.000 -9999.000   176.530    62.440    30.580     4.390   121.550     8.030   175.720    52.180    40.520     4.530   119.010     8.270
  457   PHE   119.010     8.270   175.560    57.260    38.650     4.520 -9999.000 -9999.000   176.530    62.440    30.580     4.390   120.343     8.227
  458   ASP   120.343     8.227   175.937    53.540    39.977     4.607   119.010     8.270   175.560    57.260    38.650     4.520   120.020     8.147
  459   LEU   120.020     8.147   177.390    55.187    40.633     4.240   120.343     8.227   175.937    53.540    39.977     4.607   114.637     8.100
  460   THR   114.637     8.100   176.087    65.240    67.627     3.940   120.020     8.147   177.390    55.187    40.633     4.240   121.590     8.110
  461   ASP   121.590     8.110   178.130    56.530    39.610     4.460   114.637     8.100   176.087    65.240    67.627     3.940   121.470     7.820
  462   ILE   121.470     7.820   177.600    63.740    36.670     3.730   121.590     8.110   178.130    56.530    39.610     4.460   120.440     8.170
  463   VAL   120.440     8.170   177.710    65.570    30.050     3.570   121.470     7.820   177.600    63.740    36.670     3.730   115.670     8.290
  464   SER   115.670     8.290   176.220    60.900    61.870     4.160   120.440     8.170   177.710    65.570    30.050     3.570   121.720     8.150
  465   GLU   121.720     8.150   178.460    58.030    28.310     4.080   115.670     8.290   176.220    60.900    61.870     4.160   119.610     8.050
  466   LEU   119.610     8.050   178.490    56.550    40.320     4.010   121.720     8.150   178.460    58.030    28.310     4.080   117.533     8.067
  467   ARG   117.533     8.067   178.233    57.763    28.770     4.030   119.610     8.050   178.490    56.550    40.320     4.010   107.377     8.273
  468   GLY   107.377     8.273   175.353    46.013 -9999.000     3.923   117.533     8.067   178.233    57.763    28.770     4.030   120.207     8.063
  469   GLN   120.207     8.063   176.497    55.837    27.910     4.253   107.377     8.273   175.353    46.013 -9999.000     3.923   120.541     7.982
  470   LEU   120.541     7.982   177.399    55.163    40.706     4.236   120.207     8.063   176.497    55.837    27.910     4.253   120.883     8.092
  471   LEU   120.883     8.092   177.167    54.689    40.854     4.270   120.541     7.982   177.399    55.163    40.706     4.236   119.702     8.316
  472   GLU   119.702     8.316   176.386    55.935    28.829     4.254   120.883     8.092   177.167    54.689    40.854     4.270   122.999     8.211
  473   ALA   122.999     8.211   177.357    52.127    18.466     4.363   119.702     8.316   176.386    55.935    28.829     4.254   120.016     7.946
  474   LYS   120.016     7.946   175.053    53.496    31.238     4.492   122.999     8.211   177.357    52.127    18.466     4.363 -9999.000 -9999.000
  475   PRO -9999.000 -9999.000   176.530    62.480    30.780     4.410   120.016     7.946   175.053    53.496    31.238     4.492 -9999.000 -9999.000
