Seq-dependent ppm corrections of CA,CO,HA,HN,N and no corrections of CB
num    res      HN       HA       CA      CB       CO      N
===============================================================
1	S	8.43	4.56	58.63	64.06	174.72	115.67
2	T	8.23	4.54	60.14	70.01	172.61	118.23
3	P	9999	4.43	63.71	32.22	177.18	9999
4	K	8.52	4.32	56.22	33.10	175.93	121.07
5	D	8.67	4.8	54.18	41.10	175.54	121.77
6	D	8.67	4.78	54.37	41.10	175.69	121.06
7	E	8.42	4.31	56.62	29.90	175.64	120.57
8	F	8.35	4.53	57.92	39.75	175.57	121.38
9	Y	8.34	4.48	58.28	38.94	175.98	122.94
10	Q	8.51	4.28	56.22	29.53	176.05	122.67
11	Q	8.46	4.27	56.09	29.53	175.74	121.16
12	W	8.35	4.67	57.58	29.75	176.39	122.78
13	Q	8.45	4.2	56.15	29.53	175.97	122.85
14	L	8.4	4.35	55.4	42.46	177.55	123.22
15	K	8.39	4.21	56.01	33.10	175.15	121.02
16	Y	8.22	4.68	56.26	38.94	173.69	122.05
17	P	9999	4.35	63.65	32.22	177.07	9999
18	K	8.52	4.3	56.12	33.10	176.01	121.13
19	L	8.36	4.35	55.25	42.46	177.47	123.23
20	I	8.28	4.13	61.55	38.91	176.49	120.81
21	L	8.43	4.34	55.39	42.46	177.56	126.53
22	R	8.5	4.31	55.95	30.90	175.69	121.35
23	E	8.5	4.37	56.42	29.90	175.64	121.49
24	A	8.47	4.35	52.79	19.26	177.87	125.28
25	S	8.47	4.5	58.65	64.06	174.91	115.1
26	S	8.54	4.5	58.59	64.06	174.66	118.11
27	V	8.29	4.18	62.66	32.82	176.49	121.72
28	S	8.57	4.47	58.57	64.06	174.72	119.84
29	E	8.53	4.4	56.65	29.90	175.97	122.55
30	E	8.52	4.37	56.55	29.90	175.9	121.57
31	L	8.39	4.3	55.43	42.46	177.38	122.76
32	H	8.67	4.72	54.92	29.00	173.47	119.05
33	K	8.53	4.35	56.14	33.10	175.9	121.88
34	E	8.49	4.4	56.37	29.90	175.85	121.63
35	V	8.29	4.12	62.6	32.82	176.36	120.57
36	Q	8.58	4.34	56.12	29.53	176.11	123.94
37	E	8.5	4.38	56.47	29.90	175.65	121.49
38	A	8.38	4.24	52.64	19.26	177.44	124.82
39	F	8.35	4.59	58.05	39.75	176.05	119.59
40	L	8.38	4.35	55.49	42.46	177.79	124.55
41	T	8.36	4.35	61.94	70.01	174.97	114.51
42	L	8.38	4.32	55.5	42.46	177.45	124.03
43	H	8.67	4.72	54.92	29.00	173.47	119.05
44	K	8.52	4.31	56.13	33.10	175.73	121.53
45	H	8.7	4.78	54.98	29.00	173.92	119.77
46	G	8.59	4.05	45.34	9999	174.2	110.22
47	C	8.41	4.56	58.53	28.34	174.8	118.66
48	L	8.36	4.29	55.34	42.46	177.12	124.38
49	F	8.43	4.58	58.05	39.75	176	121.21
50	R	8.46	4.29	56.06	30.90	175.47	123.08
51	D	8.68	4.77	54.09	41.10	175.61	121.88
52	L	8.37	4.35	55.51	42.46	177.53	122.52
53	V	8.28	4.09	62.57	32.82	176.42	120.11
54	R	8.5	4.34	55.78	30.90	175.54	124.7
55	I	8.3	4.17	61.55	38.91	176.45	121.38
56	Q	8.61	4.36	56.21	29.53	176.59	124.67
57	G	8.53	3.99	45.32	9999	174.25	110.22
58	K	8.33	4.35	56.2	33.10	176.02	120.2
59	D	8.67	4.78	54.08	41.10	175.62	121.83
60	L	8.39	4.33	55.62	42.46	177.6	122.52
61	L	8.42	4.38	55.46	42.46	177.44	122.82
62	T	8.21	4.49	60.04	70.01	172.63	116.73
63	P	9999	4.44	63.61	32.22	177.11	9999
64	V	8.32	4.15	62.55	32.82	176.55	120.04
65	S	8.58	4.47	58.58	64.06	174.71	119.9
66	R	8.49	4.36	55.93	30.90	175.57	122.91
67	I	8.29	4.16	61.51	38.91	176.43	121.38
68	L	8.39	4.34	55.26	42.46	177.47	126.53
69	I	8.31	4.16	61.65	38.91	176.99	120.95
70	G	8.55	3.99	45.35	9999	173.62	113.41
71	N	8.33	4.9	51.33	39.09	173.23	118.68
72	P	9999	4.43	63.93	32.22	177.71	9999
73	G	8.58	4.01	45.34	9999	174.33	109.41
74	C	8.44	4.64	58.59	28.34	175.11	118.77
75	T	8.34	4.33	61.89	70.01	174.47	116.24
76	Y	8.37	4.56	58.29	38.94	176.08	122.88
77	K	8.34	4.18	56.04	33.10	175.51	122.98
78	Y	8.37	4.54	58.16	38.94	176.03	121.73
79	L	8.34	4.29	55.5	42.46	177.33	124.55
80	N	8.65	4.79	53.32	39.09	175.75	119.72
81	T	8.36	4.39	62.17	70.01	175.01	114.33
82	R	8.5	4.35	56.02	30.90	175.67	123.14
83	L	8.31	4.27	55.23	42.46	177.21	122.93
84	F	8.45	4.65	58.08	39.75	176.3	121.32
85	T	8.3	4.34	61.86	70.01	174.31	116.24
86	V	8.12	4.27	60.73	32.82	174.07	122.96
87	P	9999	4.33	63.51	32.22	176.31	9999
88	W	8.23	4.78	55.62	29.75	174.12	122.75
89	P	9999	4.29	63.52	32.22	176.94	9999
90	V	8.32	4.11	62.52	32.82	176.45	119.87
91	K	8.53	4.34	56.18	33.10	176.42	124.74
92	G	8.52	4.03	45.29	9999	174.35	110.34
93	S	8.4	4.5	58.64	64.06	174.72	115.44
94	N	8.61	4.77	53.26	39.09	175.34	121.11
95	I	8.27	4.17	61.74	38.91	176.52	120.57
96	K	8.49	4.28	56.1	33.10	175.77	124.72
97	H	8.7	4.83	54.94	29.00	173.73	119.74
98	T	8.42	4.42	61.95	70.01	174.9	115.08
99	E	8.49	4.39	56.55	29.90	175.7	122.65
100	A	8.47	4.31	52.79	19.26	177.79	125.11
101	E	8.41	4.37	56.46	29.90	175.95	119.49
102	I	8.27	4.16	61.5	38.91	176.15	121.08
103	A	8.47	4.3	52.64	19.26	177.52	128.34
104	A	8.37	4.29	52.71	19.26	177.63	122.9
105	A	8.4	4.34	52.81	19.26	177.89	122.97
106	C	8.48	4.54	58.61	28.34	174.75	118.03
107	E	8.6	4.47	56.66	29.90	176.13	123.24
108	T	8.28	4.32	61.83	70.01	174.57	114.62
109	F	8.42	4.62	58.11	39.75	175.99	122.94
110	L	8.35	4.28	55.42	42.46	177.48	124.38
111	K	8.47	4.28	56.13	33.10	175.97	121.31
112	L	8.39	4.36	55.42	42.46	177.39	123.11
113	N	8.62	4.73	53.36	39.09	175.36	119.55
114	D	8.58	4.7	54.21	41.10	175.35	120.84
115	Y	8.37	4.53	58.43	38.94	176.08	121.02
116	L	8.35	4.28	55.47	42.46	177.51	124.67
117	Q	8.52	4.31	56.05	29.53	176.06	120.71
118	I	8.29	4.18	61.58	38.91	176.46	121.32
119	E	8.57	4.45	56.55	29.90	176.23	125.04
120	T	8.34	4.39	61.86	70.01	174.82	114.97
121	I	8.29	4.19	61.68	38.91	176.51	122.54
122	Q	8.56	4.33	56.04	29.53	175.82	124.34
123	A	8.47	4.31	52.76	19.26	177.79	125.28
124	L	8.32	4.33	55.45	42.46	177.68	121.03
125	E	8.51	4.35	56.55	29.90	175.99	121.05
126	E	8.52	4.37	56.55	29.90	175.9	121.57
127	L	8.38	4.33	55.35	42.46	177.26	122.98
128	A	8.44	4.27	52.68	19.26	177.57	124.52
129	A	8.39	4.3	52.77	19.26	177.9	123.03
130	K	8.4	4.31	56.18	33.10	176.05	119.63
131	E	8.51	4.39	56.47	29.90	175.92	121.57
132	K	8.46	4.31	56.08	33.10	175.63	121.58
133	A	8.46	4.33	52.77	19.26	177.63	125.11
134	N	8.55	4.74	53.31	39.09	175.52	117.93
135	E	8.5	4.39	56.83	29.90	175.92	120.87
136	D	8.66	4.77	54.08	41.10	175.33	121.58
137	A	8.44	4.32	52.86	19.26	177.3	124.52
138	V	8.05	4.24	60.67	32.82	174.13	119.61
139	P	9999	4.4	63.58	32.22	177.13	9999
140	L	8.45	4.37	55.42	42.46	177.63	122.41
141	C	8.56	4.53	58.76	28.34	174.76	119.65
142	M	8.59	4.54	55.79	32.94	176.38	122.64
143	S	8.53	4.47	58.44	64.06	174.43	116.94
144	A	8.48	4.34	52.95	19.26	177.74	126.15
145	D	8.51	4.7	54.03	41.10	174.93	119.34
146	F	8.27	4.74	56.34	39.75	173.65	130.44
147	P	9999	4.35	63.69	32.22	177.07	9999
148	R	8.53	4.34	55.81	30.90	175.64	121.23
149	V	8.31	4.14	62.6	32.82	176.85	120.82
150	G	8.56	3.99	45.47	9999	174.34	112.94
151	M	8.42	4.52	55.77	32.94	177.06	119.6
152	G	8.53	4.03	45.25	9999	174.35	110.34
153	S	8.4	4.53	58.59	64.06	174.98	115.67
154	S	8.48	4.41	58.58	64.06	174.38	117.82
155	Y	8.39	4.57	58.38	38.94	175.9	122.59
156	N	8.6	4.71	53.39	39.09	175.83	121.71
157	G	8.52	3.98	45.56	9999	174.35	109.53
158	Q	8.41	4.37	56.22	29.53	176.19	119.6
159	D	8.68	4.79	54.16	41.10	175.64	121.82
160	E	8.49	4.39	56.64	29.90	175.9	120.92
161	V	8.28	4.13	62.66	32.82	176.26	120.51
162	D	8.67	4.78	53.98	41.10	175.54	124.6
163	I	8.28	4.17	61.76	38.91	176.49	120.56
164	K	8.5	4.36	56.11	33.10	176.02	125.24
165	S	8.55	4.48	58.58	64.06	174.71	117.13
166	R	8.5	4.35	55.96	30.90	175.38	122.72
167	A	8.45	4.3	52.64	19.26	177.51	125.09
168	A	8.31	4.22	52.66	19.26	177.55	122.8
169	Y	8.3	4.54	58.31	38.94	175.98	119.47
170	N	8.55	4.7	53.18	39.09	175.26	121.57
171	V	8.29	4.19	62.8	32.82	176.75	120.04
172	T	8.39	4.38	61.89	70.01	174.92	117.8
173	L	8.39	4.35	55.49	42.46	177.6	124.44
174	L	8.39	4.32	55.47	42.46	177.44	122.59
175	N	8.53	4.65	53.13	39.09	175.11	119.26
176	F	8.42	4.62	58.42	39.75	176.11	120.97
177	M	8.49	4.43	55.83	32.94	175.76	122.18
178	D	8.53	4.92	52.14	41.10	173.28	122.65
179	P	9999	4.41	63.89	32.22	177.2	9999
180	Q	8.6	4.33	56.13	29.53	176.18	120.47
181	K	8.49	4.34	56.34	33.10	175.54	121.82
182	M	8.38	4.62	53.75	32.94	174.04	121.95
183	P	9999	4.34	63.42	32.22	176.78	9999
184	Y	8.42	4.52	58.2	38.94	176.12	121.03
185	L	8.34	4.28	55.42	42.46	177.49	124.61
186	K	8.47	4.29	56.15	33.10	175.99	121.25
187	E	8.51	4.39	56.5	29.90	175.47	121.57
188	E	8.37	4.51	54.65	29.90	173.56	122.89
189	P	9999	4.33	63.53	32.22	176.76	9999
190	Y	8.33	4.46	58.07	38.94	175.79	120.68
191	F	8.4	4.57	58.15	39.75	176.38	123.31
192	G	8.49	3.93	45.55	9999	174.27	111.38
193	M	8.42	4.52	55.77	32.94	177.06	119.6
194	G	8.53	3.99	45.22	9999	174.25	110.17
195	K	8.34	4.35	56.3	33.10	176.19	120.2
196	M	8.51	4.48	55.58	32.94	176.11	120.84
197	A	8.45	4.33	52.55	19.26	177.72	125.23
198	V	8.2	4.15	62.59	32.82	176.57	118.6
199	S	8.47	4.39	58.48	64.06	174.35	119.78
200	W	8.34	4.64	57.64	29.75	176.25	123.3
201	H	8.56	4.58	54.94	29.00	173.15	120.84
202	H	8.73	4.79	55.02	29.00	173.3	119.68
203	D	8.73	4.81	54.14	41.10	175.6	121.88
204	E	8.51	4.39	56.82	29.90	175.81	120.8
205	N	8.63	4.74	53.28	39.09	175.37	120.07
206	L	8.36	4.35	55.49	42.46	177.56	122.53
207	V	8.27	4.1	62.64	32.82	176.33	120.05
208	D	8.71	4.78	54.11	41.10	175.63	124.6
209	R	8.5	4.38	56.17	30.90	175.77	121.33
210	S	8.53	4.46	58.49	64.06	174.42	116.99
211	A	8.46	4.34	52.74	19.26	177.75	126.21
212	V	8.18	4.1	62.5	32.82	176.2	118.3
213	A	8.47	4.32	52.59	19.26	177.72	128
214	V	8.12	4.03	62.45	32.82	176.12	118.2
215	Y	8.4	4.58	58.18	38.94	176.13	124.61
216	S	8.41	4.33	58.51	64.06	174.29	118.28
217	Y	8.39	4.6	58.33	38.94	176.16	122.82
218	S	8.5	4.45	58.66	64.06	174.63	118.45
219	C	8.57	4.57	58.68	28.34	174.67	121.15
220	E	8.6	4.42	56.7	29.90	175.85	123.27
221	G	8.38	4.11	43.44	9999	171.89	110.29
222	P	9999	4.43	63.62	32.22	177.33	9999
223	E	8.56	4.37	56.54	29.90	176.03	120.87
224	E	8.52	4.38	56.57	29.90	175.92	121.51
225	E	8.52	4.42	56.57	29.90	176	121.68
226	S	8.55	4.47	58.64	64.06	174.7	117.01
227	E	8.53	4.41	56.73	29.90	175.87	122.55
228	D	8.68	4.79	54.25	41.10	175.52	121.71
229	D	8.67	4.82	54.37	41.10	175.77	121.23
230	S	8.53	4.43	58.83	64.06	174.6	116.01
231	H	8.69	4.76	55.03	29.00	173.45	120.61
232	L	8.45	4.37	55.41	42.46	177.53	123.28
233	E	8.54	4.37	56.63	29.90	176.47	121.25
234	G	8.54	3.98	45.37	9999	174.24	110.17
235	R	8.36	4.37	56	30.90	175.25	120.3
236	D	8.53	4.91	52.19	41.10	173.27	122.7
237	P	9999	4.42	63.95	32.22	177.1	9999
238	D	8.69	4.77	54.02	41.10	175.63	121.13
239	I	8.18	4.09	61.7	38.91	176.14	120.5
240	W	8.35	4.62	57.5	29.75	176.22	125.62
241	H	8.55	4.63	54.82	29.00	173.23	121.25
242	V	8.36	4.17	62.63	32.82	176.82	120.88
243	G	8.46	3.91	45.14	9999	173.92	112.65
244	F	8.28	4.63	57.98	39.75	176.12	120.1
245	K	8.4	4.26	56.06	33.10	175.77	123.04
246	I	8.28	4.22	61.52	38.91	176.54	121.44
247	S	8.47	4.39	58.49	64.06	174.35	120.31
248	W	8.35	4.69	57.73	29.75	176.32	123.65
249	D	8.54	4.65	54.03	41.10	175.42	123.45
250	I	8.28	4.17	61.79	38.91	176.51	120.56
251	E	8.57	4.45	56.55	29.90	175.76	125.04
252	T	8.22	4.52	60.06	70.01	172.56	117.19
253	P	9999	4.45	63.82	32.22	177.68	9999
254	G	8.57	3.96	45.31	9999	174.34	109.53
255	L	8.23	4.35	55.3	42.46	177.46	121.47
256	A	8.43	4.28	52.65	19.26	177.29	124.71
257	I	8.06	4.29	59.68	38.91	174.21	120.81
258	P	9999	4.4	63.59	32.22	177.13	9999
259	L	8.43	4.29	55.4	42.46	177.49	122.12
260	H	8.68	4.72	54.97	29.00	173.49	119.11
261	Q	8.64	4.39	56.24	29.53	176.55	121.48
262	G	8.53	4	45.43	9999	174.17	110.22
263	D	8.54	4.84	54.13	41.10	175.79	120.14
264	C	8.47	4.47	58.66	28.34	174.32	119.23
265	Y	8.34	4.49	58.15	38.94	175.6	122.88
266	F	8.38	4.56	58.25	39.75	175.97	123.11
267	M	8.49	4.41	55.73	32.94	176.31	122.24
268	L	8.4	4.36	55.41	42.46	177.47	123.17
269	D	8.67	4.76	54.23	41.10	175.59	121.25
270	D	8.67	4.77	54.35	41.10	175.67	121.12
271	L	8.39	4.35	55.69	42.46	177.44	122.4
272	N	8.6	4.71	53.19	39.09	175.17	119.42
273	A	8.48	4.38	53.01	19.26	178.18	124.64
274	T	8.28	4.34	61.98	70.01	174.88	112.48
275	H	8.68	4.77	55.06	29.00	173.49	120.84
276	Q	8.6	4.33	56.15	29.53	175.9	120.93
277	H	8.69	4.8	54.97	29.00	173.41	119.56
278	C	8.59	4.59	58.44	28.34	174.51	120.34
279	V	8.33	4.13	62.61	32.82	176.26	122.13
280	L	8.4	4.33	55.28	42.46	177.28	125.81
281	A	8.49	4.3	52.85	19.26	178.34	124.85
282	G	8.45	4.01	45.37	9999	174.46	108.2
283	S	8.41	4.49	58.61	64.06	174.43	115.56
284	Q	8.42	4.49	54.35	29.53	173.78	122.83
285	P	9999	4.42	63.67	32.22	177.14	9999
286	R	8.46	4.26	55.79	30.90	175.38	120.88
287	F	8.43	4.65	58	39.75	176.03	121.89
288	S	8.5	4.45	58.65	64.06	174.73	118.45
289	S	8.59	4.56	58.76	64.06	175.04	118.22
290	T	8.37	4.37	62.05	70.01	174.8	115.6
291	H	8.68	4.77	55.05	29.00	173.48	120.84
292	R	8.54	4.38	55.81	30.90	175.51	122.04
293	V	8.26	4.11	62.43	32.82	176.08	120.49
294	A	8.49	4.31	52.72	19.26	177.81	127.94
295	E	8.45	4.41	56.59	29.90	176.02	119.37
296	C	8.56	4.59	58.6	28.34	174.7	120.28
297	S	8.63	4.56	58.73	64.06	174.91	118.74
298	T	8.41	4.43	62.14	70.01	175.45	116.15
299	G	8.55	4.07	45.47	9999	174.61	111.55
300	T	8.22	4.4	61.91	70.01	175.1	113.46
301	L	8.39	4.37	55.59	42.46	177.52	124.38
302	D	8.59	4.67	54.01	41.10	175.32	121.02
303	Y	8.34	4.54	58.33	38.94	176	121.02
304	I	8.23	4.1	61.58	38.91	176.38	122.77
305	L	8.43	4.34	55.4	42.46	177.57	126.53
306	Q	8.56	4.31	56.18	29.53	176.15	120.71
307	R	8.52	4.39	55.97	30.90	175.61	121.86
308	C	8.57	4.55	58.56	28.34	174.63	120.28
309	Q	8.61	4.35	56.22	29.53	175.99	122.73
310	L	8.38	4.34	55.34	42.46	177.28	123.09
311	A	8.46	4.27	52.75	19.26	177.84	124.71
312	L	8.33	4.33	55.47	42.46	177.68	121.09
313	Q	8.55	4.32	56.22	29.53	175.98	120.59
314	N	8.61	4.77	53.16	39.09	175.32	120.18
315	V	8.27	4.16	62.77	32.82	176.43	119.81
316	C	8.58	4.56	58.61	28.34	174.54	122.94
317	D	8.73	4.81	54.3	41.10	175.44	123.27
318	D	8.65	4.79	54.24	41.10	175.6	121.12
319	V	8.27	4.13	62.86	32.82	176.33	119.86
320	D	8.7	4.79	54.15	41.10	175.46	124.48
321	N	8.62	4.76	53.58	39.09	175.36	119.36
322	D	8.66	4.79	54.43	41.10	175.62	121.07
323	D	8.65	4.79	54.24	41.10	175.6	121.12
324	V	8.27	4.16	62.78	32.82	176.51	120.03
325	S	8.57	4.46	58.55	64.06	174.7	119.9
326	L	8.41	4.36	55.49	42.46	177.58	124.15
327	K	8.47	4.33	56.15	33.10	176.07	121.42
328	S	8.45	4.41	58.42	64.06	174.37	116.78
329	F	8.44	4.63	58.14	39.75	175.52	122.65
330	E	8.32	4.45	54.66	29.90	173.51	124.16
331	P	9999	4.4	63.58	32.22	176.84	9999
332	A	8.49	4.31	52.63	19.26	177.81	124.53
333	V	8.2	4.1	62.57	32.82	176.47	118.49
334	L	8.42	4.34	55.34	42.46	177.55	125.94
335	K	8.48	4.29	56.17	33.10	175.99	121.31
336	Q	8.58	4.37	56.2	29.53	176.59	121.37
337	G	8.53	3.99	45.35	9999	174.27	110.22
338	E	8.37	4.4	56.52	29.90	176.12	120
339	E	8.49	4.38	56.45	29.90	175.82	121.57
340	I	8.28	4.13	61.58	38.91	176.27	120.86
341	H	8.7	4.76	54.96	29.00	173.26	122.81
342	N	8.68	4.78	53.27	39.09	175.37	120.18
343	E	8.48	4.39	56.62	29.90	175.93	120.93
344	V	8.28	4.12	62.58	32.82	176.36	120.51
345	E	8.45	4.31	56.35	29.90	175.59	124.05
346	F	8.43	4.61	58.06	39.75	175.94	121.61
347	E	8.37	4.24	56.49	29.90	175.5	122.72
348	W	8.34	4.65	57.55	29.75	176.35	122.67
349	L	8.3	4.21	55.43	42.46	177.44	124.85
350	R	8.51	4.31	55.97	30.90	175.69	121.41
351	Q	8.47	4.27	55.98	29.53	175.75	120.93
352	F	8.33	4.54	57.96	39.75	175.59	121.66
353	W	8.2	4.53	57.43	29.75	175.97	123.59
354	F	8.33	4.48	58.06	39.75	175.84	123.35
355	Q	8.54	4.3	56.28	29.53	176.52	122.58
356	G	8.53	4	45.4	9999	174.09	110.16
357	N	8.49	4.77	53.26	39.09	175.58	118.56
358	R	8.41	4.26	56.01	30.90	175.35	120.94
359	Y	8.39	4.54	58.2	38.94	176.03	121.78
360	R	8.45	4.28	55.95	30.90	175.56	123.31
361	K	8.49	4.36	56.12	33.10	175.9	121.76
362	C	8.58	4.63	58.57	28.34	174.93	120.34
363	T	8.42	4.42	62.11	70.01	174.74	116.47
364	D	8.57	4.72	54.15	41.10	175.32	122.92
365	W	8.23	4.58	57.68	29.75	176.07	121.9
366	W	8.24	4.57	57.56	29.75	176.24	124.23
367	C	8.46	4.42	58.6	28.34	174.05	121.85
368	Q	8.46	4.49	54.32	29.53	173.65	123.35
369	P	9999	4.43	63.84	32.22	177.22	9999
370	M	8.56	4.46	55.62	32.94	176.2	120.14
371	A	8.48	4.32	52.7	19.26	177.81	125.23
372	Q	8.48	4.32	56.18	29.53	176.2	119.09
373	L	8.4	4.35	55.43	42.46	177.57	123.22
374	E	8.49	4.34	56.46	29.90	175.7	120.92
375	A	8.47	4.3	52.77	19.26	177.77	125.17
376	L	8.22	4.25	55.36	42.46	177.31	120.97
377	W	8.33	4.63	57.52	29.75	176.42	122.15
378	K	8.37	4.19	56.12	33.10	175.8	123.39
379	K	8.48	4.34	56.28	33.10	176.01	121.77
380	M	8.53	4.49	55.67	32.94	176.4	120.97
381	E	8.55	4.41	56.54	29.90	176.42	121.77
382	G	8.51	3.99	45.23	9999	174.16	110.17
383	V	8.16	4.21	62.57	32.82	176.85	119.17
384	T	8.39	4.4	61.96	70.01	174.76	117.68
385	N	8.6	4.76	53.28	39.09	175.17	121.15
386	A	8.43	4.32	52.84	19.26	177.8	124.53
387	V	8.2	4.1	62.57	32.82	176.47	118.49
388	L	8.41	4.3	55.36	42.46	177.4	125.59
389	H	8.67	4.72	54.95	29.00	173.49	119.05
390	E	8.55	4.42	56.41	29.90	175.81	121.74
391	V	8.28	4.12	62.55	32.82	176.34	120.51
392	K	8.51	4.32	56.11	33.10	175.93	124.6
393	R	8.5	4.35	55.9	30.90	175.64	121.87
394	E	8.55	4.4	56.59	29.90	176.41	121.82
395	G	8.53	3.97	45.34	9999	173.76	110.17
396	L	8.1	4.49	53.47	42.46	175.39	122.28
397	P	9999	4.39	63.52	32.22	177.11	9999
398	V	8.32	4.11	62.55	32.82	176.47	119.87
399	E	8.55	4.38	56.52	29.90	175.94	124.4
400	Q	8.57	4.34	56.2	29.53	176.08	121.17
401	R	8.51	4.36	56.01	30.90	175.46	121.86
402	N	8.63	4.75	53.24	39.09	175.4	120.12
403	E	8.47	4.38	56.63	29.90	175.92	120.93
404	I	8.29	4.16	61.57	38.91	176.42	121.27
405	L	8.45	4.41	55.42	42.46	177.86	126.64
406	T	8.34	4.35	61.87	70.01	174.7	114.32
407	A	8.43	4.33	52.74	19.26	177.76	126.44
408	I	8.21	4.15	61.58	38.91	176.55	119.19
409	L	8.4	4.33	55.29	42.46	177.28	126.34
410	A	8.46	4.32	52.77	19.26	177.94	124.82
411	S	8.47	4.45	58.63	64.06	174.81	114.99
412	L	8.44	4.43	55.56	42.46	177.89	124.32
413	T	8.34	4.35	61.87	70.01	174.7	114.32
414	A	8.47	4.33	52.87	19.26	177.85	126.44
415	R	8.44	4.33	56	30.90	175.75	119.79
416	Q	8.56	4.35	56.18	29.53	175.92	121.16
417	N	8.63	4.75	53.27	39.09	175.39	120.18
418	L	8.39	4.34	55.63	42.46	177.64	122.53
419	R	8.51	4.31	55.96	30.90	175.68	121.41
420	R	8.51	4.34	55.91	30.90	175.63	121.92
421	E	8.42	4.3	56.42	29.90	175.56	121.56
422	W	8.33	4.62	57.56	29.75	176.2	122.26
423	H	8.55	4.61	54.86	29.00	173.03	121.06
424	A	8.53	4.34	52.77	19.26	177.76	125.34
425	R	8.44	4.37	55.99	30.90	175.72	119.67
426	C	8.57	4.55	58.56	28.34	174.63	120.28
427	Q	8.61	4.4	56.24	29.53	176.09	122.84
428	S	8.56	4.48	58.64	64.06	174.71	117.18
429	R	8.49	4.36	55.93	30.90	175.57	122.91
430	I	8.27	4.16	61.44	38.91	176.16	121.19
431	A	8.5	4.31	52.74	19.26	177.8	128.53
432	R	8.46	4.4	56.02	30.90	176.04	119.9
433	T	8.37	4.38	61.9	70.01	174.44	115.08
434	L	8.24	4.49	53.59	42.46	175.26	125.06
435	P	9999	4.37	63.56	32.22	176.91	9999
436	A	8.51	4.31	52.84	19.26	177.8	124.47
437	D	8.61	4.77	54.2	41.10	175.75	119.69
438	Q	8.55	4.34	56.36	29.53	175.67	120.46
439	K	8.33	4.46	54.24	33.10	173.58	122.9
440	P	9999	4.42	63.6	32.22	177.15	9999
441	E	8.57	4.41	56.55	29.90	176	120.81
442	C	8.57	4.55	58.61	28.34	174.14	120.17
443	R	8.41	4.49	54.1	30.90	173.18	124.05
444	P	9999	4.33	63.47	32.22	176.77	9999
445	Y	8.32	4.45	58.13	38.94	175.77	120.91
446	W	8.28	4.6	57.58	29.75	176.33	124.11
447	E	8.41	4.25	56.52	29.90	175.8	123.19
448	K	8.48	4.33	56.25	33.10	175.82	121.71
449	D	8.67	4.8	54.18	41.10	175.54	121.77
450	D	8.65	4.77	54.28	41.10	175.4	120.93
451	A	8.46	4.35	52.99	19.26	177.94	124.63
452	S	8.48	4.47	58.83	64.06	174.43	114.93
453	M	8.4	4.63	53.9	32.94	174.07	122.93
454	P	9999	4.41	63.54	32.22	176.66	9999
455	L	8.29	4.46	53.49	42.46	175.3	123.15
456	P	9999	4.31	63.5	32.22	176.85	9999
457	F	8.47	4.61	58.11	39.75	175.95	120.97
458	D	8.63	4.71	54.16	41.10	175.55	123.04
459	L	8.42	4.41	55.68	42.46	177.91	122.63
460	T	8.36	4.37	62.04	70.01	174.89	114.45
461	D	8.64	4.8	54.12	41.10	175.59	123.04
462	I	8.26	4.18	61.66	38.91	176.42	120.62
463	V	8.3	4.16	62.52	32.82	176.46	124.04
464	S	8.57	4.47	58.57	64.06	174.72	119.84
465	E	8.53	4.39	56.63	29.90	175.95	122.61
466	L	8.41	4.34	55.45	42.46	177.54	123.17
467	R	8.53	4.33	56.03	30.90	176.17	121.55
468	G	8.54	3.98	45.32	9999	174.26	110.28
469	Q	8.41	4.35	56.12	29.53	176.27	119.66
470	L	8.4	4.34	55.41	42.46	177.55	123.28
471	L	8.39	4.31	55.42	42.46	177.62	122.65
472	E	8.49	4.34	56.46	29.90	175.7	120.92
473	A	8.47	4.31	52.76	19.26	177.3	125.11
474	K	8.25	4.44	54.26	33.10	173.69	120.71
475	P	9999	4.44	63.68	32.22	177.63	9999
