### The following are the peaks that could not be assigned.
pks                              N            HN            CA            CB          CO-1          CA-1          CB-1
1                        108.00000       2.88100      43.33000             -     177.70000      51.69000      16.52000
2                        113.90000       5.66800      58.54000      68.12000     179.80000      60.79000      27.00000
3                        126.20000       5.17800             -             -     176.60000             -             -
5                        120.00000       6.31200      56.70000      29.35000     173.20000      58.11000      62.91000
7                        110.10000       6.21800      62.94000             -             -      62.97000             -
8                        128.30000       6.91800      52.65000      32.52000     172.10000      57.28000             -
9                        125.60000       7.06500      52.56000      41.78000     174.50000      44.43000             -
13                       122.10000       7.01000      56.77000             -     178.70000      58.69000             -
15                       122.70000       7.19900      56.72000      63.29000     172.50000      55.48000      33.53000
18                       122.80000       7.37500      58.48000      37.72000     176.30000      49.79000      31.06000
19                       123.80000       7.46300      54.33000      19.06000     176.10000      65.88000      68.84000
21                       121.30000       7.32000      58.56000      30.52000     180.50000      59.78000      30.16000
22                       120.60000       7.30900      57.32000             -     176.20000      60.63000             -
25                       120.60000       7.37700      64.29000             -     177.30000             -             -
28                       117.90000       7.32500      58.35000      28.99000     177.60000      59.74000             -
32                       119.00000       6.83400      58.06000      27.88000     179.50000      59.64000      34.32000
33                       118.90000       6.73500      64.34000             -     179.50000             -             -
35                       117.20000       6.87000      58.01000      64.20000     175.20000      53.90000      28.49000
37                       117.60000       6.95900      55.41000      32.36000     176.50000      64.12000      31.08000
38                       115.40000       6.75600      53.35000             -     174.80000             -             -
43                       125.40000       7.54000      53.56000      35.15000     173.20000      56.23000      37.78000
45                       124.40000       7.55700      55.18000             -     177.30000             -             -
47                       123.70000       7.64300      64.41000      37.74000     178.70000      57.03000      39.80000
48                       127.60000       7.87500      60.81000      32.81000     173.00000      59.20000             -
51                       129.30000       8.16200      54.74000      30.87000     173.20000      56.07000      42.21000
53                       130.50000       8.66000      57.73000      39.68000     174.40000      52.93000             -
54                       131.30000       8.84500      56.68000             -     177.80000             -             -
55                       130.50000       8.90600      54.99000      30.58000     176.00000      55.40000      28.64000
58                       132.20000       9.17200      53.06000      39.63000     174.90000      61.74000      33.21000
59                       128.30000       8.75300      57.84000      27.49000     176.50000             -      32.08000
62                       128.60000       8.39800      53.44000      41.52000     171.80000      55.50000             -
63                       133.70000       9.83300             -             -     172.50000             -             -
64                       128.70000       9.23100      52.37000      29.41000     176.10000      53.41000      43.53000
66                       127.20000       9.43400      52.49000      17.75000     175.40000      60.39000      58.56000
67                       126.70000       9.34100      55.82000      18.50000     178.80000      56.09000      29.66000
68                       127.30000       8.94900      55.34000      39.99000     171.60000      57.69000      64.25000
69                       128.40000       8.66600      57.52000      28.46000     177.30000      57.27000      29.74000
70                       128.20000       8.31200      49.77000      18.85000     174.10000      53.28000      44.47000
71                       127.90000       8.47100      53.18000             -     174.90000      63.62000      63.36000
72                       127.70000       8.67700      56.70000      33.87000     175.00000      60.19000      41.72000
74                       126.70000       8.83400      55.65000      36.96000     174.20000      56.35000      40.17000
78                       127.30000       8.51100      54.20000      42.06000     176.60000      52.71000      39.79000
79                       126.90000       8.56300      59.31000      39.42000     175.30000      54.21000      30.57000
81                       126.40000       8.51000      56.82000      27.86000     178.20000      52.45000      17.88000
85                       126.40000       8.58500      55.39000      40.47000     174.20000      54.07000      22.89000
86                       125.60000       9.00600      60.47000      28.42000     181.60000      58.21000             -
87                       124.10000       9.29400      54.48000      29.35000     175.90000      52.44000      43.45000
88                       124.70000       8.60500      65.63000      37.24000     181.20000      59.16000      18.76000
90                       121.80000       9.33000      51.60000      38.41000     177.70000      58.51000      33.43000
92                       122.00000       9.11300      57.10000      39.82000     178.80000      55.70000      37.53000
93                       123.30000       8.96800      56.49000      40.29000     174.60000      58.18000             -
94                       123.40000       8.94400      55.44000             -     177.30000      55.56000             -
95                       123.20000       8.88000      54.05000      43.95000     175.30000      53.79000      41.79000
98                       123.80000       8.81900      56.12000      29.60000     173.80000      52.28000      25.01000
99                       123.80000       8.77600      59.00000      30.88000     179.70000      59.31000             -
100                      124.00000       8.77500      55.93000      30.63000     176.50000      56.07000      41.17000
102                      122.60000       8.67300      54.93000      31.97000     176.50000      56.06000             -
103                      121.90000       8.96200      59.02000      33.87000     175.70000      53.82000      40.74000
104                      126.70000       8.16400      55.71000      27.80000     172.60000      62.25000      31.21000
107                      125.10000       8.12300      57.99000      40.66000     177.60000      62.21000             -
109                      125.00000       8.22900      53.90000      40.30000     176.30000      62.48000      31.68000
111                      125.40000       7.79400      54.37000      40.31000     174.60000      57.32000      38.01000
113                      124.40000       7.73500      51.87000      18.67000     175.70000      54.01000      40.43000
115                      125.00000       8.43300      61.34000      36.13000     174.20000             -      31.22000
117                      120.00000       9.11600      61.70000             -     178.80000             -             -
119                      120.40000       8.88800      59.64000      24.16000     177.80000      61.58000             -
121                      121.90000       8.71100      54.87000      29.39000     176.20000      53.45000             -
123                      122.60000       8.61600             -      37.56000     172.70000      55.59000      63.46000
124                      122.70000       8.54300      59.22000      28.64000     179.30000      57.64000             -
127                      122.00000       8.55900      60.25000      22.25000             -      49.51000             -
129                      122.60000       8.45500             -             -     177.10000      62.61000             -
134                      120.90000       8.68200      57.28000             -     180.80000      47.41000             -
136                      119.90000       8.69100      66.61000             -     180.40000      57.32000             -
139                      118.80000       8.87600      54.92000      34.66000     173.20000             -             -
140                      117.90000       9.12500      57.62000      44.62000     172.40000             -             -
142                      115.90000       9.15400      54.53000             -     176.10000             -             -
143                      117.40000       9.03800             -             -     173.00000      56.46000             -
144                      118.00000       8.97000      57.22000             -     177.50000             -             -
148                      117.40000       8.68900      55.60000      36.56000     178.40000      60.00000             -
151                      116.10000       8.72400      54.04000             -     174.80000      57.66000             -
153                      115.90000       8.56200      53.97000             -     175.40000      57.53000      43.03000
154                      117.10000       8.61500      57.31000      40.02000     177.50000      56.37000      40.42000
158                      116.20000       8.32000      58.14000      43.51000     177.30000             -      32.33000
159                      117.10000       8.31300      52.69000      41.18000     173.90000      54.48000      36.87000
160                      117.00000       8.36200      55.61000      40.26000     174.00000      56.11000             -
161                      117.50000       8.38800      53.77000      32.51000             -      55.77000      31.20000
164                      118.30000       8.33000      53.56000      33.14000     173.60000      56.05000             -
165                      118.50000       8.28600      58.97000      28.47000     178.60000      59.22000      70.39000
166                      118.80000       8.59100      59.04000             -     175.30000             -             -
169                      119.40000       8.43300             -             -             -             -             -
170                      119.80000       8.45400      59.16000      33.33000     174.20000      68.34000      30.14000
171                      119.90000       8.46400      58.27000      31.07000     177.70000      54.29000             -
173                      118.80000       8.33500      59.37000      30.35000     182.00000      54.73000      64.95000
175                      112.90000       8.85100      57.53000      68.16000     174.00000      57.91000      36.45000
176                      112.40000       8.77600      56.43000      65.79000     175.30000      55.38000      33.13000
180                      113.70000       8.16600      57.01000      29.57000     177.10000      61.28000      54.48000
183                      114.50000       8.05800      42.91000             -     173.50000      59.06000      32.87000
187                      115.30000       7.81500      62.91000      27.41000     179.90000      70.19000      51.76000
188                      114.80000       7.80100      60.84000      62.10000     179.80000      59.52000      30.48000
193                      113.20000       7.77900      64.62000      30.69000     178.40000      58.06000             -
197                      110.60000       8.24000      43.74000             -     176.40000      55.96000      29.59000
199                      133.50000       8.28200             -             -     176.00000             -             -
205                      109.50000       7.77900      46.66000             -     174.90000      57.41000      31.35000
207                      109.40000       7.65500      45.19000             -     175.40000      52.55000      38.44000
208                      108.90000       7.55700             -             -     175.30000             -             -
209                      108.40000       7.46700      61.37000             -     177.50000      57.49000             -
211                      108.80000       7.07700             -      47.44000             -             -             -
212                      109.20000       6.97700      44.64000             -     174.40000      57.69000      34.94000
229                      112.10000       6.59400             -             -     179.80000             -             -
240                      111.90000       7.16200      59.62000      72.11000     173.00000      60.77000      38.30000
244                      120.00000       7.44200      58.62000      26.92000     179.90000      57.95000      71.23000
245                      120.50000       7.47900      53.81000      40.24000     175.50000      53.43000      38.93000
246                      121.00000       7.53300      54.03000      33.66000     172.90000      44.88000      29.60000
249                      122.20000       7.49900      54.38000      17.54000     178.50000      58.70000      21.82000
251                      123.30000       7.53500      51.74000      18.72000     175.00000      53.00000      18.42000
252                      122.80000       7.57200      58.10000      28.36000     178.00000      59.24000      29.52000
255                      123.60000       7.89200      54.88000      41.30000     175.10000      55.77000      29.06000
260                      122.30000       7.62200             -             -     176.90000             -             -
263                      123.60000       7.71500      58.62000      28.48000     176.70000      54.91000      41.09000
264                      121.90000       8.45400      56.25000      29.39000     177.10000      62.62000      31.25000
265                      121.80000       8.44800      52.93000             -     175.10000      59.24000             -
266                      122.80000       8.41000      56.01000      29.60000     176.20000      55.86000      29.61000
269                      123.50000       8.25200      63.50000             -     178.60000      52.57000             -
273                      123.60000       8.13400      65.50000             -     175.50000      57.55000             -
274                      123.00000       8.01900      54.06000      30.55000     174.40000      59.01000      33.82000
279                      123.10000       8.12800             -      42.11000     174.40000      54.01000      33.62000
281                      122.70000       8.30200      55.88000      29.64000     176.50000      56.22000      29.36000
288                      113.00000       7.66200      62.72000      27.51000     180.30000      62.74000      27.48000
292                      117.00000       7.31500      60.83000      27.80000     173.60000      45.91000      40.32000
294                      116.90000       7.36900      56.17000             -     177.90000             -             -
295                      117.90000       7.39500      58.49000      27.24000     177.50000             -             -
305                      118.30000       7.97800      53.88000      40.41000     177.20000      52.42000      18.30000
306                      118.10000       7.86000      59.50000      30.48000     177.10000      64.17000      30.77000
307                      117.80000       7.65900      50.18000      27.54000     176.70000      61.28000             -
313                      120.50000       7.64700      54.01000      17.31000     180.20000             -             -
315                      121.10000       7.59400      61.03000             -     178.40000      70.24000             -
319                      120.00000       7.74300      58.14000      17.26000     180.20000      53.89000      40.34000
321                      118.40000       7.83400      58.15000      26.91000     176.50000      63.70000      18.32000
323                      118.80000       8.01600      53.79000      40.54000     177.20000      52.24000      18.41000
325                      118.90000       8.17800      61.70000      32.94000     171.80000      54.43000      37.44000
329                      119.60000       8.14000      50.95000      36.08000     170.90000      44.68000             -
330                      119.60000       8.05800      57.05000      37.17000     177.00000      59.76000      37.26000
331                      119.50000       7.96800      54.06000      17.07000     180.00000      54.96000      18.23000
332                      119.90000       7.95600      57.89000      28.87000     178.70000      58.11000      31.55000
335                      120.40000       8.30900      66.76000             -     178.70000      56.71000             -
339                      121.50000       8.26300      54.34000      40.50000     175.80000      55.51000      28.47000
342                      121.30000       8.16800      53.95000      40.61000     176.20000      56.17000      29.40000
347                      120.20000       8.05200      55.55000      28.55000     174.20000      45.17000             -
350                      122.00000       8.14300      60.01000      38.04000     175.40000      61.76000             -
352                      121.40000       8.09800      54.18000      40.53000     176.60000      56.00000      31.73000
354                      121.80000       8.05000      56.83000      29.32000     175.80000      53.21000      38.35000
355                      121.70000       8.01400      58.65000      40.73000     175.40000      53.33000      40.71000
357                      121.40000       8.00400      62.05000             -     176.30000      55.38000      29.86000
359                      121.60000       7.93700      62.51000      40.70000     176.80000      56.69000      29.27000
363                      120.70000       7.92300      52.45000      43.13000     175.20000      61.50000             -
365                      120.90000       7.85200      53.40000      40.67000     175.90000      54.56000      40.35000
367                      120.00000       7.78700      60.20000             -     178.80000             -             -
368                      120.10000       7.85300      55.39000      40.49000     174.50000      51.99000      40.47000
369                      120.30000       7.71400      55.12000             -     177.80000      55.82000             -
373                      122.00000       7.73600      57.55000             -     178.50000      58.14000             -
380                      120.70000       7.71000      56.30000      29.27000     177.70000      55.02000      41.04000
1000                     115.30000       6.73000      56.18000             -     174.90000             -             -
1003                     126.20000       8.23400      52.39000             -     174.50000      57.90000             -
1004                     124.60000       8.35200      52.05000             -     175.70000      55.04000      29.85000
1005                     115.50000       6.89300             -      72.67000     171.10000             -             -
1006                     117.30000       8.51500             -             -     172.00000             -             -
1007                     118.50000       8.21500      59.13000             -     179.00000      50.81000             -
1009                     122.00000       8.21400      62.71000             -     176.60000      62.76000      41.85000
1010                     120.70000       8.08600      54.08000             -     176.30000      56.76000             -
1011                     108.40000       7.48300      50.66000      69.41000     177.40000             -      32.38000
1015                     110.30000       8.24900      44.97000             -     177.00000      59.19000      40.90000
1018                     122.10000       8.09700      60.72000             -     178.50000             -             -
1020                     106.50000       8.12100      48.34000             -     178.20000      58.34000      29.45000
1021                     122.20000       8.23400             -             -     175.00000             -             -
1027                     121.10000       7.91000             -             -     178.70000             -             -
1028                     120.80000       7.81500      56.75000      30.01000     174.00000      44.94000             -
1029                     121.30000       7.87400      66.29000             -     179.80000      59.07000             -
1031                     122.00000       7.84900      59.55000             -     177.40000      51.98000      70.44000
1034                     122.10000       8.03400      57.38000      18.28000     173.80000      57.89000      63.13000
1036                     122.00000       7.92000      57.63000             -     179.10000             -             -
1038                     122.40000       8.12800             -      44.45000     177.20000             -             -
1041                     114.20000       7.93900      56.26000      28.15000     178.20000      66.22000             -
1043                     123.80000       8.25900      52.10000             -     175.70000      54.96000      28.50000
1044                     115.80000       7.62100      57.54000      31.03000     178.60000             -             -
1045                     124.70000       8.44400             -             -     175.70000             -      31.28000
1046                     124.10000       8.18900      54.60000      29.20000     177.00000      62.43000      40.71000
1047                     121.60000       8.86900      53.48000      42.14000     175.30000      54.31000      29.35000
1048                     116.00000       7.55200      44.63000             -     171.60000             -             -
1049                     114.90000       7.30800      61.10000             -     176.60000             -             -
1050                     117.30000       7.49500      54.09000      32.33000     177.20000      57.13000      18.59000
1051                     132.10000       7.85500      53.39000      19.33000     173.10000      57.75000      63.20000
1054                     128.50000       7.89300      56.62000      32.94000     173.50000      57.86000      27.48000
1055                     129.00000       7.75000      56.32000      42.28000     176.00000      62.73000      30.96000
1058                     117.50000       8.21900             -             -     177.10000             -             -
1060                     123.50000       8.28400             -             -     176.80000             -      31.40000
1061                     124.20000       7.74400      56.53000      32.87000     175.10000      44.76000             -
1062                     127.40000       7.85600      55.72000      41.52000     175.30000      55.87000      29.68000
1063                     121.20000       8.22600      57.85000      32.23000     177.80000      52.56000      40.50000
1064                     123.40000       8.30200             -             -     176.50000      56.24000             -
1067                     123.20000       7.65800      59.22000      39.12000     176.10000      54.45000      18.27000
1068                     123.30000       7.70000      57.63000      64.18000     175.60000             -             -
1071                     124.30000       7.89200      54.91000             -     175.10000      55.81000             -
1072                     115.90000       7.19800      43.32000             -             -      65.84000      15.91000
1073                     116.50000       8.17100      53.10000      38.46000     177.00000      58.23000      31.63000
1079                     120.50000       8.10200             -             -             -      54.41000      40.46000
1080                     119.40000       8.06700      53.83000             -             -      57.04000      18.28000
1081                     120.10000       7.86100      58.61000             -     178.30000      54.08000             -
1083                     122.10000       7.94100      61.20000             -     176.30000      59.04000             -
1085                     121.80000       7.74800      53.86000      63.97000     179.50000      58.52000      40.56000
1087                     122.90000       8.10200      55.66000      38.06000     176.60000             -             -
1088                     122.50000       8.08700      55.12000      41.38000     176.60000      55.39000             -
1089                     123.10000       8.07700             -      42.63000     175.50000      57.52000      42.98000
1090                     122.90000       8.30400             -      33.17000     175.70000      62.24000             -
1093                     122.60000       8.28800      54.03000      40.46000     175.90000      61.62000      31.93000
1096                     112.00000       7.33700      62.17000      27.36000     180.10000      62.17000      27.40000
1097                     111.90000       7.10000      61.83000      26.76000     179.80000      61.82000      26.86000
1098                     110.70000       8.34600      43.88000             -     176.80000      56.33000      29.57000
2001                     125.90000       7.82200      52.06000             -     174.70000      54.04000      41.77000
2033                     121.30000       7.34100             -             -             -             -      18.62000
5011                     118.30000       7.69900      56.60000      38.38000     176.50000             -             -
