iterations:1000, temp:1000000.0, exponent:0.7, eif:300.0
time taken (sec): 1.0000088214874268
number of iterations: 1000
og index list: [(0, 5), (1, 57), (2, 17), (3, 71), (4, 59), (5, 20), (6, 64), (7, 77), (8, 18), (9, 55), (10, 8), (11, 6), (12, 50), (13, 7), (79, 67), (14, 31), (15, 79), (16, 49), (78, 23), (17, 78), (18, 68), (19, 14), (20, 26), (21, 25), (22, 41), (23, 36), (24, 3), (25, 74), (26, 0), (27, 24), (28, 10), (29, 9), (30, 46), (31, 61), (32, 37), (77, 11), (33, 38), (34, 29), (35, 43), (36, 30), (37, 35), (38, 53), (39, 73), (40, 15), (41, 2), (76, 69), (42, 28), (43, 22), (44, 12), (45, 42), (46, 16), (47, 47), (48, 76), (49, 63), (50, 56), (51, 33), (52, 51), (53, 21), (54, 65), (55, 44), (56, 13), (57, 40), (58, 70), (75, 52), (59, 62), (60, 72), (61, 34), (62, 48), (63, 19), (64, 45), (65, 66), (66, 58), (67, 39), (68, 54), (69, 1), (70, 32), (71, 75), (74, 27), (72, 60), (73, 4)]
og index list energy: 116139367.35559455
index_list: [(0, 28), (1, 72), (2, 37), (3, 71), (4, 40), (5, 19), (6, 25), (7, 26), (8, 18), (9, 1), (10, 30), (11, 77), (12, 22), (13, 23), (79, 59), (14, 57), (15, 45), (16, 39), (78, 5), (17, 41), (18, 65), (19, 15), (20, 35), (21, 58), (22, 64), (23, 51), (24, 10), (25, 42), (26, 70), (27, 16), (28, 66), (29, 56), (30, 60), (31, 55), (32, 24), (77, 49), (33, 48), (34, 78), (35, 13), (36, 46), (37, 44), (38, 67), (39, 14), (40, 43), (41, 9), (76, 76), (42, 8), (43, 33), (44, 62), (45, 63), (46, 34), (47, 31), (48, 54), (49, 47), (50, 6), (51, 68), (52, 53), (53, 11), (54, 21), (55, 0), (56, 32), (57, 50), (58, 3), (75, 4), (59, 38), (60, 73), (61, 20), (62, 79), (63, 12), (64, 52), (65, 7), (66, 2), (67, 36), (68, 69), (69, 17), (70, 74), (71, 29), (74, 27), (72, 75), (73, 61)]
index list: [28, 72, 37, 71, 40, 19, 25, 26, 18, 1, 30, 77, 22, 23, 59, 57, 45, 39, 5, 41, 65, 15, 35, 58, 64, 51, 10, 42, 70, 16, 66, 56, 60, 55, 24, 49, 48, 78, 13, 46, 44, 67, 14, 43, 9, 76, 8, 33, 62, 63, 34, 31, 54, 47, 6, 68, 53, 11, 21, 0, 32, 50, 3, 4, 38, 73, 20, 79, 12, 52, 7, 2, 36, 69, 17, 74, 29, 27, 75, 61]
index list energy: 10744364.709190823Done

iterations:1000, temp:1000000.0, exponent:0.7, eif:300.0
time taken (sec): 0.5243070125579834
number of iterations: 1000
og index list: [(0, 36), (1, 59), (2, 79), (3, 33), (4, 74), (5, 64), (6, 51), (7, 0), (8, 25), (9, 8), (10, 71), (11, 38), (12, 39), (13, 66), (79, 47), (14, 41), (15, 1), (16, 26), (78, 42), (17, 46), (18, 53), (19, 17), (20, 21), (21, 45), (22, 15), (23, 57), (24, 22), (25, 31), (26, 63), (27, 3), (28, 34), (29, 9), (30, 58), (31, 23), (32, 54), (77, 24), (33, 65), (34, 30), (35, 19), (36, 77), (37, 20), (38, 76), (39, 35), (40, 40), (41, 18), (76, 61), (42, 44), (43, 2), (44, 56), (45, 68), (46, 48), (47, 70), (48, 37), (49, 5), (50, 75), (51, 32), (52, 67), (53, 27), (54, 78), (55, 73), (56, 7), (57, 43), (58, 10), (75, 29), (59, 12), (60, 16), (61, 6), (62, 60), (63, 13), (64, 69), (65, 50), (66, 55), (67, 11), (68, 28), (69, 72), (70, 62), (71, 4), (74, 49), (72, 52), (73, 14)]
og index list energy: 144273123.79714158
index_list: [(0, 23), (1, 29), (2, 2), (3, 63), (4, 62), (5, 42), (6, 24), (7, 26), (8, 27), (9, 8), (10, 78), (11, 58), (12, 74), (13, 72), (79, 73), (14, 57), (15, 5), (16, 45), (78, 11), (17, 13), (18, 41), (19, 12), (20, 21), (21, 76), (22, 40), (23, 32), (24, 56), (25, 66), (26, 60), (27, 61), (28, 22), (29, 75), (30, 18), (31, 35), (32, 3), (77, 43), (33, 70), (34, 52), (35, 67), (36, 48), (37, 37), (38, 25), (39, 20), (40, 47), (41, 19), (76, 68), (42, 0), (43, 36), (44, 64), (45, 49), (46, 34), (47, 6), (48, 33), (49, 71), (50, 69), (51, 54), (52, 79), (53, 30), (54, 31), (55, 55), (56, 17), (57, 77), (58, 16), (75, 50), (59, 7), (60, 28), (61, 44), (62, 9), (63, 38), (64, 39), (65, 4), (66, 14), (67, 65), (68, 15), (69, 46), (70, 51), (71, 10), (74, 53), (72, 59), (73, 1)]
index list: [23, 29, 2, 63, 62, 42, 24, 26, 27, 8, 78, 58, 74, 72, 73, 57, 5, 45, 11, 13, 41, 12, 21, 76, 40, 32, 56, 66, 60, 61, 22, 75, 18, 35, 3, 43, 70, 52, 67, 48, 37, 25, 20, 47, 19, 68, 0, 36, 64, 49, 34, 6, 33, 71, 69, 54, 79, 30, 31, 55, 17, 77, 16, 50, 7, 28, 44, 9, 38, 39, 4, 14, 65, 15, 46, 51, 10, 53, 59, 1]
index list energy: 12411308.892845053Done

iterations:1000, temp:1000000.0, exponent:0.7, eif:300.0
time taken (sec): 0.4656069278717041
number of iterations: 1000
og index list: [(0, 78), (1, 77), (2, 60), (3, 26), (4, 16), (5, 62), (6, 36), (7, 41), (8, 76), (9, 43), (10, 74), (11, 39), (12, 57), (13, 79), (79, 48), (14, 30), (15, 61), (16, 0), (78, 6), (17, 56), (18, 8), (19, 44), (20, 37), (21, 18), (22, 64), (23, 7), (24, 45), (25, 10), (26, 22), (27, 24), (28, 55), (29, 29), (30, 20), (31, 1), (32, 70), (77, 38), (33, 47), (34, 35), (35, 67), (36, 13), (37, 15), (38, 46), (39, 73), (40, 52), (41, 75), (76, 58), (42, 11), (43, 17), (44, 27), (45, 51), (46, 3), (47, 21), (48, 59), (49, 4), (50, 72), (51, 68), (52, 5), (53, 42), (54, 71), (55, 12), (56, 25), (57, 40), (58, 53), (75, 69), (59, 63), (60, 50), (61, 2), (62, 33), (63, 65), (64, 34), (65, 54), (66, 23), (67, 32), (68, 28), (69, 9), (70, 66), (71, 49), (74, 14), (72, 19), (73, 31)]
og index list energy: 102039503.5830429
index_list: [(0, 42), (1, 29), (2, 18), (3, 11), (4, 65), (5, 66), (6, 75), (7, 23), (8, 70), (9, 4), (10, 12), (11, 13), (12, 16), (13, 48), (79, 22), (14, 28), (15, 33), (16, 55), (78, 47), (17, 1), (18, 30), (19, 37), (20, 38), (21, 58), (22, 62), (23, 43), (24, 73), (25, 10), (26, 9), (27, 49), (28, 68), (29, 69), (30, 72), (31, 6), (32, 15), (77, 39), (33, 60), (34, 54), (35, 34), (36, 35), (37, 41), (38, 26), (39, 50), (40, 24), (41, 25), (76, 7), (42, 0), (43, 17), (44, 27), (45, 8), (46, 31), (47, 14), (48, 46), (49, 44), (50, 63), (51, 61), (52, 57), (53, 3), (54, 40), (55, 78), (56, 2), (57, 19), (58, 20), (75, 71), (59, 51), (60, 79), (61, 45), (62, 76), (63, 36), (64, 64), (65, 74), (66, 59), (67, 21), (68, 77), (69, 67), (70, 5), (71, 32), (74, 56), (72, 52), (73, 53)]
index list: [42, 29, 18, 11, 65, 66, 75, 23, 70, 4, 12, 13, 16, 48, 22, 28, 33, 55, 47, 1, 30, 37, 38, 58, 62, 43, 73, 10, 9, 49, 68, 69, 72, 6, 15, 39, 60, 54, 34, 35, 41, 26, 50, 24, 25, 7, 0, 17, 27, 8, 31, 14, 46, 44, 63, 61, 57, 3, 40, 78, 2, 19, 20, 71, 51, 79, 45, 76, 36, 64, 74, 59, 21, 77, 67, 5, 32, 56, 52, 53]
index list energy: 12673254.849764688Done

iterations:1000, temp:1000000.0, exponent:0.7, eif:300.0
time taken (sec): 0.5170741081237793
number of iterations: 1000
og index list: [(0, 8), (1, 78), (2, 22), (3, 1), (4, 46), (5, 56), (6, 41), (7, 35), (8, 57), (9, 30), (10, 36), (11, 31), (12, 29), (13, 5), (79, 13), (14, 72), (15, 68), (16, 27), (78, 21), (17, 16), (18, 69), (19, 73), (20, 64), (21, 70), (22, 59), (23, 0), (24, 54), (25, 15), (26, 55), (27, 61), (28, 65), (29, 40), (30, 58), (31, 44), (32, 37), (77, 11), (33, 18), (34, 76), (35, 14), (36, 43), (37, 10), (38, 66), (39, 20), (40, 79), (41, 12), (76, 49), (42, 45), (43, 33), (44, 26), (45, 51), (46, 23), (47, 63), (48, 28), (49, 3), (50, 42), (51, 75), (52, 24), (53, 39), (54, 77), (55, 2), (56, 32), (57, 48), (58, 50), (75, 34), (59, 9), (60, 4), (61, 62), (62, 52), (63, 6), (64, 53), (65, 19), (66, 71), (67, 7), (68, 60), (69, 38), (70, 17), (71, 67), (74, 74), (72, 47), (73, 25)]
og index list energy: 99382989.9972033
index_list: [(0, 65), (1, 40), (2, 1), (3, 50), (4, 17), (5, 27), (6, 23), (7, 73), (8, 77), (9, 30), (10, 31), (11, 54), (12, 37), (13, 55), (79, 56), (14, 4), (15, 38), (16, 57), (78, 59), (17, 24), (18, 12), (19, 52), (20, 43), (21, 6), (22, 33), (23, 34), (24, 35), (25, 46), (26, 36), (27, 61), (28, 74), (29, 67), (30, 13), (31, 44), (32, 19), (77, 15), (33, 51), (34, 16), (35, 41), (36, 64), (37, 60), (38, 0), (39, 9), (40, 66), (41, 14), (76, 53), (42, 45), (43, 3), (44, 68), (45, 49), (46, 26), (47, 2), (48, 63), (49, 62), (50, 42), (51, 72), (52, 11), (53, 48), (54, 78), (55, 75), (56, 69), (57, 70), (58, 25), (75, 5), (59, 7), (60, 18), (61, 20), (62, 71), (63, 39), (64, 47), (65, 76), (66, 10), (67, 79), (68, 29), (69, 8), (70, 32), (71, 21), (74, 22), (72, 28), (73, 58)]
index list: [65, 40, 1, 50, 17, 27, 23, 73, 77, 30, 31, 54, 37, 55, 56, 4, 38, 57, 59, 24, 12, 52, 43, 6, 33, 34, 35, 46, 36, 61, 74, 67, 13, 44, 19, 15, 51, 16, 41, 64, 60, 0, 9, 66, 14, 53, 45, 3, 68, 49, 26, 2, 63, 62, 42, 72, 11, 48, 78, 75, 69, 70, 25, 5, 7, 18, 20, 71, 39, 47, 76, 10, 79, 29, 8, 32, 21, 22, 28, 58]
index list energy: 11923764.372833107Done

iterations:1000, temp:1000000.0, exponent:0.7, eif:300.0
time taken (sec): 0.2208421230316162
number of iterations: 1000
og index list: [(0, 16), (1, 11), (2, 50), (3, 46), (4, 5), (5, 14), (6, 28), (7, 72), (8, 32), (9, 77), (10, 29), (11, 44), (12, 64), (13, 45), (79, 35), (14, 19), (15, 30), (16, 71), (78, 18), (17, 61), (18, 59), (19, 53), (20, 41), (21, 70), (22, 38), (23, 74), (24, 55), (25, 57), (26, 42), (27, 9), (28, 75), (29, 56), (30, 48), (31, 52), (32, 22), (77, 67), (33, 27), (34, 6), (35, 63), (36, 2), (37, 65), (38, 3), (39, 79), (40, 24), (41, 21), (76, 73), (42, 25), (43, 40), (44, 37), (45, 62), (46, 76), (47, 15), (48, 8), (49, 36), (50, 43), (51, 33), (52, 1), (53, 0), (54, 39), (55, 31), (56, 12), (57, 17), (58, 13), (75, 60), (59, 47), (60, 54), (61, 23), (62, 4), (63, 7), (64, 49), (65, 10), (66, 68), (67, 78), (68, 51), (69, 58), (70, 66), (71, 34), (74, 20), (72, 26), (73, 69)]
og index list energy: 99571226.9115779
index_list: [(0, 61), (1, 37), (2, 72), (3, 3), (4, 57), (5, 73), (6, 4), (7, 26), (8, 28), (9, 43), (10, 9), (11, 5), (12, 59), (13, 56), (79, 38), (14, 41), (15, 20), (16, 78), (78, 18), (17, 39), (18, 40), (19, 46), (20, 15), (21, 65), (22, 0), (23, 1), (24, 76), (25, 34), (26, 32), (27, 47), (28, 53), (29, 31), (30, 62), (31, 29), (32, 23), (77, 11), (33, 68), (34, 63), (35, 35), (36, 77), (37, 54), (38, 64), (39, 19), (40, 66), (41, 17), (76, 50), (42, 45), (43, 44), (44, 24), (45, 10), (46, 6), (47, 48), (48, 52), (49, 42), (50, 14), (51, 33), (52, 74), (53, 27), (54, 2), (55, 51), (56, 12), (57, 75), (58, 60), (75, 22), (59, 30), (60, 49), (61, 67), (62, 21), (63, 13), (64, 36), (65, 8), (66, 7), (67, 79), (68, 69), (69, 58), (70, 55), (71, 70), (74, 71), (72, 16), (73, 25)]
index list: [61, 37, 72, 3, 57, 73, 4, 26, 28, 43, 9, 5, 59, 56, 38, 41, 20, 78, 18, 39, 40, 46, 15, 65, 0, 1, 76, 34, 32, 47, 53, 31, 62, 29, 23, 11, 68, 63, 35, 77, 54, 64, 19, 66, 17, 50, 45, 44, 24, 10, 6, 48, 52, 42, 14, 33, 74, 27, 2, 51, 12, 75, 60, 22, 30, 49, 67, 21, 13, 36, 8, 7, 79, 69, 58, 55, 70, 71, 16, 25]
index list energy: 16625272.65757016Done

iterations:1000, temp:1000000.0, exponent:0.7, eif:300.0
time taken (sec): 0.35791802406311035
number of iterations: 1000
og index list: [(0, 12), (1, 53), (2, 5), (3, 19), (4, 13), (5, 6), (6, 79), (7, 18), (8, 2), (9, 67), (10, 30), (11, 17), (12, 31), (13, 65), (79, 16), (14, 55), (15, 52), (16, 64), (78, 10), (17, 66), (18, 72), (19, 46), (20, 9), (21, 43), (22, 34), (23, 68), (24, 70), (25, 48), (26, 23), (27, 57), (28, 73), (29, 11), (30, 75), (31, 3), (32, 69), (77, 36), (33, 15), (34, 7), (35, 38), (36, 78), (37, 1), (38, 22), (39, 60), (40, 62), (41, 42), (76, 61), (42, 28), (43, 27), (44, 51), (45, 37), (46, 58), (47, 20), (48, 25), (49, 8), (50, 63), (51, 45), (52, 35), (53, 44), (54, 21), (55, 54), (56, 24), (57, 33), (58, 29), (75, 71), (59, 49), (60, 41), (61, 32), (62, 4), (63, 76), (64, 59), (65, 40), (66, 56), (67, 74), (68, 77), (69, 26), (70, 14), (71, 50), (74, 0), (72, 39), (73, 47)]
og index list energy: 110271144.3651954
index_list: [(0, 52), (1, 72), (2, 53), (3, 46), (4, 65), (5, 15), (6, 54), (7, 55), (8, 77), (9, 59), (10, 68), (11, 11), (12, 40), (13, 73), (79, 20), (14, 4), (15, 26), (16, 8), (78, 49), (17, 35), (18, 33), (19, 62), (20, 63), (21, 76), (22, 27), (23, 2), (24, 24), (25, 47), (26, 58), (27, 31), (28, 67), (29, 17), (30, 18), (31, 41), (32, 64), (77, 10), (33, 79), (34, 1), (35, 37), (36, 13), (37, 32), (38, 69), (39, 14), (40, 57), (41, 9), (76, 75), (42, 60), (43, 61), (44, 22), (45, 23), (46, 21), (47, 34), (48, 78), (49, 39), (50, 12), (51, 5), (52, 6), (53, 44), (54, 45), (55, 51), (56, 25), (57, 66), (58, 29), (75, 30), (59, 50), (60, 16), (61, 38), (62, 48), (63, 0), (64, 19), (65, 56), (66, 7), (67, 28), (68, 42), (69, 43), (70, 3), (71, 70), (74, 71), (72, 74), (73, 36)]
index list: [52, 72, 53, 46, 65, 15, 54, 55, 77, 59, 68, 11, 40, 73, 20, 4, 26, 8, 49, 35, 33, 62, 63, 76, 27, 2, 24, 47, 58, 31, 67, 17, 18, 41, 64, 10, 79, 1, 37, 13, 32, 69, 14, 57, 9, 75, 60, 61, 22, 23, 21, 34, 78, 39, 12, 5, 6, 44, 45, 51, 25, 66, 29, 30, 50, 16, 38, 48, 0, 19, 56, 7, 28, 42, 43, 3, 70, 71, 74, 36]
index list energy: 12242480.349819556Done

iterations:1000, temp:1000000.0, exponent:0.7, eif:300.0
time taken (sec): 0.3814549446105957
number of iterations: 1000
og index list: [(0, 23), (1, 3), (2, 28), (3, 57), (4, 53), (5, 70), (6, 55), (7, 61), (8, 54), (9, 37), (10, 48), (11, 13), (12, 58), (13, 63), (79, 60), (14, 22), (15, 5), (16, 33), (78, 21), (17, 68), (18, 40), (19, 20), (20, 64), (21, 15), (22, 7), (23, 6), (24, 36), (25, 42), (26, 8), (27, 1), (28, 18), (29, 59), (30, 43), (31, 27), (32, 29), (77, 10), (33, 56), (34, 12), (35, 44), (36, 67), (37, 50), (38, 25), (39, 19), (40, 45), (41, 52), (76, 69), (42, 77), (43, 14), (44, 2), (45, 72), (46, 0), (47, 16), (48, 76), (49, 4), (50, 51), (51, 26), (52, 46), (53, 66), (54, 73), (55, 65), (56, 49), (57, 74), (58, 62), (75, 75), (59, 34), (60, 41), (61, 32), (62, 31), (63, 79), (64, 11), (65, 38), (66, 35), (67, 9), (68, 47), (69, 24), (70, 78), (71, 39), (74, 71), (72, 17), (73, 30)]
og index list energy: 88369848.92342918
index_list: [(0, 2), (1, 16), (2, 49), (3, 63), (4, 50), (5, 59), (6, 4), (7, 43), (8, 54), (9, 55), (10, 13), (11, 51), (12, 24), (13, 25), (79, 68), (14, 69), (15, 45), (16, 32), (78, 36), (17, 21), (18, 34), (19, 79), (20, 28), (21, 72), (22, 53), (23, 6), (24, 42), (25, 33), (26, 64), (27, 7), (28, 18), (29, 76), (30, 22), (31, 27), (32, 77), (77, 35), (33, 44), (34, 41), (35, 40), (36, 46), (37, 3), (38, 15), (39, 19), (40, 5), (41, 47), (76, 73), (42, 66), (43, 78), (44, 23), (45, 48), (46, 62), (47, 14), (48, 20), (49, 65), (50, 60), (51, 31), (52, 67), (53, 26), (54, 75), (55, 0), (56, 1), (57, 74), (58, 70), (75, 71), (59, 29), (60, 8), (61, 9), (62, 10), (63, 11), (64, 12), (65, 38), (66, 58), (67, 61), (68, 37), (69, 39), (70, 52), (71, 56), (74, 57), (72, 17), (73, 30)]
index list: [2, 16, 49, 63, 50, 59, 4, 43, 54, 55, 13, 51, 24, 25, 68, 69, 45, 32, 36, 21, 34, 79, 28, 72, 53, 6, 42, 33, 64, 7, 18, 76, 22, 27, 77, 35, 44, 41, 40, 46, 3, 15, 19, 5, 47, 73, 66, 78, 23, 48, 62, 14, 20, 65, 60, 31, 67, 26, 75, 0, 1, 74, 70, 71, 29, 8, 9, 10, 11, 12, 38, 58, 61, 37, 39, 52, 56, 57, 17, 30]
index list energy: 13844003.268089084Done

iterations:1000, temp:1000000.0, exponent:0.7, eif:300.0
