iterations:1, temp:100, exponent:0.33, eif:10.0
time taken (sec): 0.0019838809967041016
number of iterations: 1
og index list: [19, 44, 69, 0, 24, 29, 34, 39, 1, 49, 54, 59, 64, 2, 74, 79, 17, 18, 3, 20, 21, 22, 23, 4, 25, 26, 27, 28, 5, 30, 31, 32, 33, 6, 35, 36, 37, 38, 7, 40, 41, 42, 43, 8, 45, 46, 47, 48, 9, 50, 51, 52, 53, 10, 55, 56, 57, 58, 11, 60, 61, 62, 63, 12, 65, 66, 67, 68, 13, 70, 71, 72, 73, 14, 75, 76, 77, 78, 15, 16]
og index list energy: 64773862.67237637
index list: [19, 44, 69, 0, 24, 29, 34, 39, 1, 49, 54, 59, 48, 2, 74, 79, 17, 18, 3, 20, 21, 22, 23, 4, 25, 26, 27, 28, 5, 30, 31, 32, 33, 6, 35, 36, 37, 38, 7, 40, 41, 42, 43, 8, 45, 46, 47, 64, 9, 50, 51, 52, 53, 10, 55, 56, 57, 58, 11, 60, 61, 62, 63, 12, 65, 66, 67, 68, 13, 70, 71, 72, 73, 14, 75, 76, 77, 78, 15, 16]
index list energy: 62258258.21393285Done

iterations:1, temp:100, exponent:0.33, eif:10.0
time taken (sec): 0.0017499923706054688
number of iterations: 1
og index list: [19, 44, 69, 0, 24, 29, 34, 39, 1, 49, 54, 59, 64, 2, 74, 79, 17, 18, 3, 20, 21, 22, 23, 4, 25, 26, 27, 28, 5, 30, 31, 32, 33, 6, 35, 36, 37, 38, 7, 40, 41, 42, 43, 8, 45, 46, 47, 48, 9, 50, 51, 52, 53, 10, 55, 56, 57, 58, 11, 60, 61, 62, 63, 12, 65, 66, 67, 68, 13, 70, 71, 72, 73, 14, 75, 76, 77, 78, 15, 16]
og index list energy: 64773862.67237637
index list: [19, 44, 69, 0, 24, 29, 34, 39, 1, 49, 54, 59, 64, 2, 74, 79, 17, 18, 3, 20, 21, 22, 23, 4, 25, 26, 27, 28, 5, 30, 31, 32, 33, 6, 35, 36, 37, 38, 7, 40, 41, 42, 43, 8, 45, 46, 47, 48, 9, 50, 51, 52, 53, 10, 55, 56, 57, 58, 78, 60, 61, 62, 63, 12, 65, 66, 67, 68, 13, 70, 71, 72, 73, 14, 75, 76, 77, 11, 15, 16]
index list energy: 62250593.996517695Done

iterations:1, temp:100, exponent:0.33, eif:10.0
time taken (sec): 0.004227161407470703
number of iterations: 1
og index list: [19, 44, 69, 0, 24, 29, 34, 39, 1, 49, 54, 59, 64, 2, 74, 79, 17, 18, 3, 20, 21, 22, 23, 4, 25, 26, 27, 28, 5, 30, 31, 32, 33, 6, 35, 36, 37, 38, 7, 40, 41, 42, 43, 8, 45, 46, 47, 48, 9, 50, 51, 52, 53, 10, 55, 56, 57, 58, 11, 60, 61, 62, 63, 12, 65, 66, 67, 68, 13, 70, 71, 72, 73, 14, 75, 76, 77, 78, 15, 16]
og index list energy: 64773862.67237637
index list: [19, 44, 69, 0, 24, 29, 34, 39, 1, 49, 54, 59, 64, 2, 74, 79, 17, 18, 3, 20, 21, 22, 23, 4, 25, 26, 27, 28, 5, 30, 31, 32, 33, 6, 35, 36, 37, 38, 7, 40, 41, 42, 43, 8, 45, 46, 47, 48, 9, 50, 51, 52, 53, 10, 55, 56, 57, 58, 11, 60, 61, 62, 63, 12, 65, 66, 67, 68, 13, 70, 71, 72, 73, 14, 75, 76, 77, 78, 15, 16]
index list energy: 64773862.67237637Done

iterations:1, temp:100, exponent:0.33, eif:10.0
time taken (sec): 0.008291006088256836
number of iterations: 1
og index list: [19, 44, 69, 0, 24, 29, 34, 39, 1, 49, 54, 59, 64, 2, 74, 79, 17, 18, 3, 20, 21, 22, 23, 4, 25, 26, 27, 28, 5, 30, 31, 32, 33, 6, 35, 36, 37, 38, 7, 40, 41, 42, 43, 8, 45, 46, 47, 48, 9, 50, 51, 52, 53, 10, 55, 56, 57, 58, 11, 60, 61, 62, 63, 12, 65, 66, 67, 68, 13, 70, 71, 72, 73, 14, 75, 76, 77, 78, 15, 16]
og index list energy: 64773862.67237637
index list: [19, 44, 69, 0, 24, 14, 34, 39, 1, 49, 54, 59, 64, 2, 74, 79, 17, 18, 3, 20, 21, 22, 23, 4, 25, 26, 27, 28, 5, 30, 31, 32, 33, 6, 35, 36, 37, 38, 7, 40, 41, 42, 43, 8, 45, 46, 47, 48, 9, 50, 51, 52, 53, 10, 55, 56, 57, 58, 11, 60, 61, 62, 63, 12, 65, 66, 67, 68, 13, 70, 71, 72, 73, 29, 75, 76, 77, 78, 15, 16]
index list energy: 64455977.56477123Done

iterations:1, temp:100, exponent:0.33, eif:10.0
time taken (sec): 0.026633024215698242
number of iterations: 1
og index list: [19, 44, 69, 0, 24, 29, 34, 39, 1, 49, 54, 59, 64, 2, 74, 79, 17, 18, 3, 20, 21, 22, 23, 4, 25, 26, 27, 28, 5, 30, 31, 32, 33, 6, 35, 36, 37, 38, 7, 40, 41, 42, 43, 8, 45, 46, 47, 48, 9, 50, 51, 52, 53, 10, 55, 56, 57, 58, 11, 60, 61, 62, 63, 12, 65, 66, 67, 68, 13, 70, 71, 72, 73, 14, 75, 76, 77, 78, 15, 16]
og index list energy: 64773862.67237637
index list: [19, 44, 69, 0, 24, 29, 34, 39, 1, 49, 54, 59, 64, 2, 74, 79, 17, 18, 3, 20, 21, 22, 23, 4, 14, 75, 76, 77, 5, 30, 31, 32, 33, 6, 35, 36, 37, 38, 7, 40, 41, 42, 43, 8, 45, 46, 47, 48, 9, 50, 51, 52, 53, 10, 55, 56, 57, 58, 11, 60, 61, 62, 63, 12, 65, 66, 67, 68, 13, 70, 71, 72, 73, 25, 26, 27, 28, 78, 15, 16]
index list energy: 62972279.4556777Done

iterations:1, temp:100, exponent:0.33, eif:10.0
time taken (sec): 0.020486116409301758
number of iterations: 1
og index list: [19, 44, 69, 0, 24, 29, 34, 39, 1, 49, 54, 59, 64, 2, 74, 79, 17, 18, 3, 20, 21, 22, 23, 4, 25, 26, 27, 28, 5, 30, 31, 32, 33, 6, 35, 36, 37, 38, 7, 40, 41, 42, 43, 8, 45, 46, 47, 48, 9, 50, 51, 52, 53, 10, 55, 56, 57, 58, 11, 60, 61, 62, 63, 12, 65, 66, 67, 68, 13, 70, 71, 72, 73, 14, 75, 76, 77, 78, 15, 16]
og index list energy: 64773862.67237637
index list: [19, 44, 69, 0, 24, 29, 34, 39, 1, 49, 54, 59, 64, 2, 74, 79, 17, 18, 3, 20, 21, 22, 23, 4, 25, 26, 27, 28, 5, 30, 31, 32, 33, 6, 35, 36, 37, 38, 7, 40, 41, 42, 43, 8, 45, 46, 47, 48, 9, 50, 51, 52, 53, 10, 55, 56, 57, 58, 11, 60, 61, 62, 63, 12, 65, 66, 67, 68, 13, 70, 71, 72, 73, 14, 75, 76, 77, 78, 15, 16]
index list energy: 64773862.67237637Done

iterations:1, temp:100, exponent:0.33, eif:10.0
time taken (sec): 0.006927013397216797
number of iterations: 1
og index list: [19, 44, 69, 0, 24, 29, 34, 39, 1, 49, 54, 59, 64, 2, 74, 79, 17, 18, 3, 20, 21, 22, 23, 4, 25, 26, 27, 28, 5, 30, 31, 32, 33, 6, 35, 36, 37, 38, 7, 40, 41, 42, 43, 8, 45, 46, 47, 48, 9, 50, 51, 52, 53, 10, 55, 56, 57, 58, 11, 60, 61, 62, 63, 12, 65, 66, 67, 68, 13, 70, 71, 72, 73, 14, 75, 76, 77, 78, 15, 16]
og index list energy: 64773862.67237637
index list: [19, 44, 69, 0, 24, 29, 34, 39, 1, 49, 54, 59, 64, 2, 74, 79, 17, 18, 3, 20, 21, 22, 23, 4, 25, 26, 27, 28, 5, 30, 31, 32, 33, 6, 35, 36, 37, 38, 7, 40, 41, 42, 43, 8, 45, 46, 47, 48, 9, 50, 51, 52, 53, 10, 55, 56, 57, 58, 11, 60, 61, 62, 63, 12, 65, 66, 67, 68, 13, 70, 71, 72, 73, 14, 75, 76, 77, 78, 15, 16]
index list energy: 64773862.67237637Done

iterations:1, temp:100, exponent:0.33, eif:10.0
time taken (sec): 0.002585172653198242
number of iterations: 1
og index list: [19, 44, 69, 0, 24, 29, 34, 39, 1, 49, 54, 59, 64, 2, 74, 79, 17, 18, 3, 20, 21, 22, 23, 4, 25, 26, 27, 28, 5, 30, 31, 32, 33, 6, 35, 36, 37, 38, 7, 40, 41, 42, 43, 8, 45, 46, 47, 48, 9, 50, 51, 52, 53, 10, 55, 56, 57, 58, 11, 60, 61, 62, 63, 12, 65, 66, 67, 68, 13, 70, 71, 72, 73, 14, 75, 76, 77, 78, 15, 16]
og index list energy: 64773862.67237637
index list: [19, 44, 69, 0, 24, 29, 34, 39, 1, 49, 54, 59, 64, 2, 74, 79, 17, 18, 3, 20, 21, 22, 23, 4, 25, 26, 27, 28, 5, 30, 31, 32, 33, 6, 35, 36, 37, 38, 7, 40, 41, 42, 43, 8, 45, 46, 47, 48, 9, 50, 51, 52, 53, 10, 55, 56, 57, 58, 11, 60, 61, 62, 63, 12, 65, 66, 67, 68, 13, 70, 71, 72, 73, 14, 75, 76, 77, 78, 15, 16]
index list energy: 64773862.67237637Done

iterations:1, temp:100, exponent:0.33, eif:10.0
time taken (sec): 0.002332925796508789
number of iterations: 1
og index list: [19, 44, 69, 0, 24, 29, 34, 39, 1, 49, 54, 59, 64, 2, 74, 79, 17, 18, 3, 20, 21, 22, 23, 4, 25, 26, 27, 28, 5, 30, 31, 32, 33, 6, 35, 36, 37, 38, 7, 40, 41, 42, 43, 8, 45, 46, 47, 48, 9, 50, 51, 52, 53, 10, 55, 56, 57, 58, 11, 60, 61, 62, 63, 12, 65, 66, 67, 68, 13, 70, 71, 72, 73, 14, 75, 76, 77, 78, 15, 16]
og index list energy: 64773862.67237637
index list: [19, 44, 69, 0, 24, 29, 34, 39, 1, 49, 54, 59, 64, 2, 70, 79, 17, 18, 3, 20, 21, 22, 23, 4, 25, 26, 27, 28, 5, 30, 31, 32, 33, 6, 35, 36, 37, 38, 7, 40, 41, 42, 43, 8, 45, 46, 47, 48, 9, 50, 51, 52, 53, 10, 55, 56, 57, 58, 11, 60, 61, 62, 63, 12, 65, 66, 67, 68, 13, 74, 71, 72, 73, 14, 75, 76, 77, 78, 15, 16]
index list energy: 64112180.95934686Done

iterations:1, temp:100, exponent:0.33, eif:10.0
time taken (sec): 0.003203868865966797
number of iterations: 1
og index list: [19, 44, 69, 0, 24, 29, 34, 39, 1, 49, 54, 59, 64, 2, 74, 79, 17, 18, 3, 20, 21, 22, 23, 4, 25, 26, 27, 28, 5, 30, 31, 32, 33, 6, 35, 36, 37, 38, 7, 40, 41, 42, 43, 8, 45, 46, 47, 48, 9, 50, 51, 52, 53, 10, 55, 56, 57, 58, 11, 60, 61, 62, 63, 12, 65, 66, 67, 68, 13, 70, 71, 72, 73, 14, 75, 76, 77, 78, 15, 16]
og index list energy: 64773862.67237637
index list: [19, 44, 69, 0, 24, 29, 34, 39, 1, 49, 54, 59, 64, 2, 74, 79, 17, 18, 3, 20, 21, 22, 23, 4, 25, 26, 27, 28, 5, 30, 31, 32, 33, 6, 35, 36, 37, 38, 7, 40, 41, 42, 43, 8, 45, 46, 47, 48, 9, 50, 51, 52, 53, 10, 55, 56, 57, 58, 11, 60, 61, 62, 63, 12, 65, 66, 67, 68, 13, 70, 71, 72, 73, 14, 75, 76, 77, 78, 15, 16]
index list energy: 64773862.67237637Done

iterations:1, temp:100, exponent:0.33, eif:10.0
time taken (sec): 0.008528947830200195
number of iterations: 1
og index list: [19, 44, 69, 0, 24, 29, 34, 39, 1, 49, 54, 59, 64, 2, 74, 79, 17, 18, 3, 20, 21, 22, 23, 4, 25, 26, 27, 28, 5, 30, 31, 32, 33, 6, 35, 36, 37, 38, 7, 40, 41, 42, 43, 8, 45, 46, 47, 48, 9, 50, 51, 52, 53, 10, 55, 56, 57, 58, 11, 60, 61, 62, 63, 12, 65, 66, 67, 68, 13, 70, 71, 72, 73, 14, 75, 76, 77, 78, 15, 16]
og index list energy: 64773862.67237637
index list: [19, 44, 69, 0, 24, 29, 34, 39, 1, 55, 54, 59, 64, 2, 74, 79, 17, 18, 3, 20, 21, 22, 23, 4, 25, 26, 27, 28, 5, 30, 31, 32, 33, 6, 35, 36, 37, 38, 7, 40, 41, 42, 43, 8, 45, 46, 47, 48, 9, 50, 51, 52, 53, 10, 49, 56, 57, 58, 11, 60, 61, 62, 63, 12, 65, 66, 67, 68, 13, 70, 71, 72, 73, 14, 75, 76, 77, 78, 15, 16]
index list energy: 64721906.924448274Done

iterations:1, temp:100, exponent:0.33, eif:10.0
time taken (sec): 0.010066032409667969
number of iterations: 1
og index list: [19, 44, 69, 0, 24, 29, 34, 39, 1, 49, 54, 59, 64, 2, 74, 79, 17, 18, 3, 20, 21, 22, 23, 4, 25, 26, 27, 28, 5, 30, 31, 32, 33, 6, 35, 36, 37, 38, 7, 40, 41, 42, 43, 8, 45, 46, 47, 48, 9, 50, 51, 52, 53, 10, 55, 56, 57, 58, 11, 60, 61, 62, 63, 12, 65, 66, 67, 68, 13, 70, 71, 72, 73, 14, 75, 76, 77, 78, 15, 16]
og index list energy: 64773862.67237637
index list: [19, 44, 69, 0, 24, 29, 34, 39, 1, 49, 54, 59, 64, 2, 74, 79, 17, 18, 3, 20, 21, 22, 23, 4, 25, 26, 27, 28, 5, 30, 31, 32, 33, 6, 35, 36, 37, 38, 7, 40, 41, 42, 43, 8, 45, 46, 47, 48, 9, 50, 51, 52, 53, 10, 55, 56, 57, 58, 11, 60, 61, 62, 63, 12, 65, 66, 67, 68, 13, 70, 71, 72, 73, 14, 75, 76, 77, 78, 15, 16]
index list energy: 64773862.67237637Done

iterations:1, temp:100, exponent:0.33, eif:10.0
time taken (sec): 0.003564119338989258
number of iterations: 1
og index list: [19, 44, 69, 0, 24, 29, 34, 39, 1, 49, 54, 59, 64, 2, 74, 79, 17, 18, 3, 20, 21, 22, 23, 4, 25, 26, 27, 28, 5, 30, 31, 32, 33, 6, 35, 36, 37, 38, 7, 40, 41, 42, 43, 8, 45, 46, 47, 48, 9, 50, 51, 52, 53, 10, 55, 56, 57, 58, 11, 60, 61, 62, 63, 12, 65, 66, 67, 68, 13, 70, 71, 72, 73, 14, 75, 76, 77, 78, 15, 16]
og index list energy: 64773862.67237637
index list: [19, 44, 69, 0, 24, 29, 34, 39, 4, 49, 54, 59, 64, 2, 74, 79, 17, 18, 3, 20, 21, 22, 23, 1, 25, 26, 27, 28, 5, 30, 31, 32, 33, 6, 35, 36, 37, 38, 7, 40, 41, 42, 43, 8, 45, 46, 47, 48, 9, 50, 51, 52, 53, 10, 55, 56, 57, 58, 11, 60, 61, 62, 63, 12, 65, 66, 67, 68, 13, 70, 71, 72, 73, 14, 75, 76, 77, 78, 15, 16]
index list energy: 64314809.43898884Done

iterations:1, temp:100, exponent:0.33, eif:10.0
time taken (sec): 0.004369020462036133
number of iterations: 1
og index list: [19, 44, 69, 0, 24, 29, 34, 39, 1, 49, 54, 59, 64, 2, 74, 79, 17, 18, 3, 20, 21, 22, 23, 4, 25, 26, 27, 28, 5, 30, 31, 32, 33, 6, 35, 36, 37, 38, 7, 40, 41, 42, 43, 8, 45, 46, 47, 48, 9, 50, 51, 52, 53, 10, 55, 56, 57, 58, 11, 60, 61, 62, 63, 12, 65, 66, 67, 68, 13, 70, 71, 72, 73, 14, 75, 76, 77, 78, 15, 16]
og index list energy: 64773862.67237637
index list: [19, 44, 69, 0, 24, 29, 34, 39, 1, 49, 54, 59, 64, 2, 74, 79, 17, 18, 3, 20, 21, 22, 23, 4, 25, 26, 27, 28, 5, 30, 31, 32, 33, 6, 35, 36, 37, 38, 7, 40, 41, 42, 43, 8, 45, 46, 47, 48, 9, 50, 51, 52, 53, 10, 55, 56, 57, 58, 11, 60, 61, 62, 63, 12, 65, 66, 67, 68, 13, 70, 71, 72, 73, 14, 75, 76, 77, 78, 15, 16]
index list energy: 64773862.67237637Done

iterations:1, temp:100, exponent:0.33, eif:10.0
time taken (sec): 0.0057718753814697266
number of iterations: 1
og index list: [19, 44, 69, 0, 24, 29, 34, 39, 1, 49, 54, 59, 64, 2, 74, 79, 17, 18, 3, 20, 21, 22, 23, 4, 25, 26, 27, 28, 5, 30, 31, 32, 33, 6, 35, 36, 37, 38, 7, 40, 41, 42, 43, 8, 45, 46, 47, 48, 9, 50, 51, 52, 53, 10, 55, 56, 57, 58, 11, 60, 61, 62, 63, 12, 65, 66, 67, 68, 13, 70, 71, 72, 73, 14, 75, 76, 77, 78, 15, 16]
og index list energy: 64773862.67237637
index list: [19, 44, 69, 0, 24, 29, 34, 39, 1, 49, 54, 59, 64, 2, 74, 79, 17, 18, 3, 20, 21, 22, 23, 4, 25, 26, 27, 28, 5, 30, 31, 32, 33, 6, 35, 36, 37, 38, 7, 40, 41, 42, 43, 8, 45, 46, 47, 48, 9, 50, 51, 52, 53, 10, 55, 56, 57, 58, 11, 60, 61, 62, 63, 12, 65, 66, 67, 68, 13, 70, 71, 72, 73, 14, 75, 76, 77, 78, 15, 16]
index list energy: 64773862.67237637Done

iterations:1, temp:100, exponent:0.33, eif:10.0
time taken (sec): 0.0016510486602783203
number of iterations: 1
og index list: [19, 44, 69, 0, 24, 29, 34, 39, 1, 49, 54, 59, 64, 2, 74, 79, 17, 18, 3, 20, 21, 22, 23, 4, 25, 26, 27, 28, 5, 30, 31, 32, 33, 6, 35, 36, 37, 38, 7, 40, 41, 42, 43, 8, 45, 46, 47, 48, 9, 50, 51, 52, 53, 10, 55, 56, 57, 58, 11, 60, 61, 62, 63, 12, 65, 66, 67, 68, 13, 70, 71, 72, 73, 14, 75, 76, 77, 78, 15, 16]
og index list energy: 64773862.67237637
index list: [19, 44, 69, 0, 24, 29, 34, 39, 1, 49, 54, 59, 64, 2, 74, 79, 17, 18, 3, 20, 21, 22, 23, 4, 25, 26, 27, 28, 5, 30, 31, 32, 33, 6, 35, 36, 37, 38, 7, 40, 41, 42, 43, 8, 45, 46, 47, 48, 9, 50, 51, 52, 53, 10, 55, 56, 57, 58, 11, 60, 61, 62, 63, 12, 65, 66, 67, 68, 13, 70, 71, 72, 73, 14, 75, 76, 77, 78, 15, 16]
index list energy: 64773862.67237637Done

iterations:1, temp:100, exponent:0.33, eif:10.0
time taken (sec): 0.0009789466857910156
number of iterations: 1
og index list: [19, 44, 69, 0, 24, 29, 34, 39, 1, 49, 54, 59, 64, 2, 74, 79, 17, 18, 3, 20, 21, 22, 23, 4, 25, 26, 27, 28, 5, 30, 31, 32, 33, 6, 35, 36, 37, 38, 7, 40, 41, 42, 43, 8, 45, 46, 47, 48, 9, 50, 51, 52, 53, 10, 55, 56, 57, 58, 11, 60, 61, 62, 63, 12, 65, 66, 67, 68, 13, 70, 71, 72, 73, 14, 75, 76, 77, 78, 15, 16]
og index list energy: 64773862.67237637
index list: [19, 44, 69, 0, 24, 29, 34, 39, 1, 49, 54, 59, 64, 2, 74, 79, 17, 18, 3, 20, 21, 22, 23, 4, 25, 26, 27, 28, 5, 30, 31, 32, 33, 6, 35, 36, 8, 38, 7, 40, 41, 42, 43, 37, 45, 46, 47, 48, 9, 50, 51, 52, 53, 10, 55, 56, 57, 58, 11, 60, 61, 62, 63, 12, 65, 66, 67, 68, 13, 70, 71, 72, 73, 14, 75, 76, 77, 78, 15, 16]
index list energy: 58785500.28717115Done

iterations:1, temp:100, exponent:0.33, eif:10.0
time taken (sec): 0.0050351619720458984
number of iterations: 1
og index list: [19, 44, 69, 0, 24, 29, 34, 39, 1, 49, 54, 59, 64, 2, 74, 79, 17, 18, 3, 20, 21, 22, 23, 4, 25, 26, 27, 28, 5, 30, 31, 32, 33, 6, 35, 36, 37, 38, 7, 40, 41, 42, 43, 8, 45, 46, 47, 48, 9, 50, 51, 52, 53, 10, 55, 56, 57, 58, 11, 60, 61, 62, 63, 12, 65, 66, 67, 68, 13, 70, 71, 72, 73, 14, 75, 76, 77, 78, 15, 16]
og index list energy: 64773862.67237637
index list: [19, 25, 69, 0, 24, 29, 34, 39, 1, 49, 54, 59, 64, 2, 74, 79, 17, 18, 3, 20, 21, 22, 23, 4, 44, 26, 27, 28, 5, 30, 31, 32, 33, 6, 35, 36, 37, 38, 7, 40, 41, 42, 43, 8, 45, 46, 47, 48, 9, 50, 51, 52, 53, 10, 55, 56, 57, 58, 11, 60, 61, 62, 63, 12, 65, 66, 67, 68, 13, 70, 71, 72, 73, 14, 75, 76, 77, 78, 15, 16]
index list energy: 63368393.88961031Done

iterations:1, temp:100, exponent:0.33, eif:10.0
time taken (sec): 0.002371072769165039
number of iterations: 1
og index list: [19, 44, 69, 0, 24, 29, 34, 39, 1, 49, 54, 59, 64, 2, 74, 79, 17, 18, 3, 20, 21, 22, 23, 4, 25, 26, 27, 28, 5, 30, 31, 32, 33, 6, 35, 36, 37, 38, 7, 40, 41, 42, 43, 8, 45, 46, 47, 48, 9, 50, 51, 52, 53, 10, 55, 56, 57, 58, 11, 60, 61, 62, 63, 12, 65, 66, 67, 68, 13, 70, 71, 72, 73, 14, 75, 76, 77, 78, 15, 16]
og index list energy: 64773862.67237637
index list: [19, 44, 69, 0, 24, 29, 34, 39, 1, 49, 54, 59, 64, 2, 74, 79, 17, 18, 3, 20, 21, 22, 23, 4, 25, 26, 27, 28, 5, 30, 31, 32, 33, 6, 35, 36, 37, 38, 7, 40, 41, 42, 43, 8, 45, 46, 47, 48, 9, 50, 51, 52, 53, 10, 55, 56, 57, 58, 11, 60, 61, 62, 63, 12, 65, 66, 67, 68, 13, 70, 71, 72, 73, 14, 75, 76, 77, 78, 15, 16]
index list energy: 64773862.67237637Done

iterations:1, temp:100, exponent:0.33, eif:10.0
time taken (sec): 0.0011610984802246094
number of iterations: 1
og index list: [19, 44, 69, 0, 24, 29, 34, 39, 1, 49, 54, 59, 64, 2, 74, 79, 17, 18, 3, 20, 21, 22, 23, 4, 25, 26, 27, 28, 5, 30, 31, 32, 33, 6, 35, 36, 37, 38, 7, 40, 41, 42, 43, 8, 45, 46, 47, 48, 9, 50, 51, 52, 53, 10, 55, 56, 57, 58, 11, 60, 61, 62, 63, 12, 65, 66, 67, 68, 13, 70, 71, 72, 73, 14, 75, 76, 77, 78, 15, 16]
og index list energy: 64773862.67237637
index list: [19, 30, 69, 0, 24, 29, 34, 39, 1, 49, 54, 59, 64, 2, 74, 79, 17, 18, 3, 20, 21, 22, 23, 4, 25, 26, 27, 28, 5, 44, 31, 32, 33, 6, 35, 36, 37, 38, 7, 40, 41, 42, 43, 8, 45, 46, 47, 48, 9, 50, 51, 52, 53, 10, 55, 56, 57, 58, 11, 60, 61, 62, 63, 12, 65, 66, 67, 68, 13, 70, 71, 72, 73, 14, 75, 76, 77, 78, 15, 16]
index list energy: 62707370.52797155Done

iterations:1, temp:100, exponent:0.33, eif:10.0
time taken (sec): 0.0019769668579101562
number of iterations: 1
og index list: [19, 44, 69, 0, 24, 29, 34, 39, 1, 49, 54, 59, 64, 2, 74, 79, 17, 18, 3, 20, 21, 22, 23, 4, 25, 26, 27, 28, 5, 30, 31, 32, 33, 6, 35, 36, 37, 38, 7, 40, 41, 42, 43, 8, 45, 46, 47, 48, 9, 50, 51, 52, 53, 10, 55, 56, 57, 58, 11, 60, 61, 62, 63, 12, 65, 66, 67, 68, 13, 70, 71, 72, 73, 14, 75, 76, 77, 78, 15, 16]
og index list energy: 64773862.67237637
index list: [19, 44, 69, 0, 24, 29, 34, 39, 25, 49, 54, 59, 64, 2, 74, 79, 17, 18, 3, 20, 21, 22, 23, 4, 1, 26, 27, 28, 5, 30, 31, 32, 33, 6, 35, 36, 37, 38, 7, 40, 41, 42, 43, 8, 45, 46, 47, 48, 9, 50, 51, 52, 53, 10, 55, 56, 57, 58, 11, 60, 61, 62, 63, 12, 65, 66, 67, 68, 13, 70, 71, 72, 73, 14, 75, 76, 77, 78, 15, 16]
index list energy: 64408686.883446835Done

iterations:1, temp:100, exponent:0.33, eif:10.0
time taken (sec): 0.006457090377807617
number of iterations: 1
og index list: [19, 44, 69, 0, 24, 29, 34, 39, 1, 49, 54, 59, 64, 2, 74, 79, 17, 18, 3, 20, 21, 22, 23, 4, 25, 26, 27, 28, 5, 30, 31, 32, 33, 6, 35, 36, 37, 38, 7, 40, 41, 42, 43, 8, 45, 46, 47, 48, 9, 50, 51, 52, 53, 10, 55, 56, 57, 58, 11, 60, 61, 62, 63, 12, 65, 66, 67, 68, 13, 70, 71, 72, 73, 14, 75, 76, 77, 78, 15, 16]
og index list energy: 64773862.67237637
index list: [19, 44, 69, 0, 24, 29, 34, 39, 1, 49, 54, 59, 64, 2, 74, 79, 17, 18, 3, 20, 21, 22, 23, 4, 25, 26, 27, 28, 5, 30, 31, 32, 33, 6, 35, 36, 37, 38, 7, 40, 41, 42, 43, 8, 45, 46, 47, 48, 9, 50, 51, 52, 53, 10, 55, 56, 57, 58, 11, 60, 61, 62, 63, 12, 65, 66, 67, 68, 13, 70, 71, 72, 73, 14, 75, 76, 77, 78, 15, 16]
index list energy: 64773862.67237637Done

iterations:1, temp:100, exponent:0.33, eif:10.0
time taken (sec): 0.004312992095947266
number of iterations: 1
og index list: [19, 44, 69, 0, 24, 29, 34, 39, 1, 49, 54, 59, 64, 2, 74, 79, 17, 18, 3, 20, 21, 22, 23, 4, 25, 26, 27, 28, 5, 30, 31, 32, 33, 6, 35, 36, 37, 38, 7, 40, 41, 42, 43, 8, 45, 46, 47, 48, 9, 50, 51, 52, 53, 10, 55, 56, 57, 58, 11, 60, 61, 62, 63, 12, 65, 66, 67, 68, 13, 70, 71, 72, 73, 14, 75, 76, 77, 78, 15, 16]
og index list energy: 64773862.67237637
index list: [19, 44, 69, 0, 24, 29, 34, 39, 1, 49, 54, 59, 64, 2, 74, 79, 17, 18, 3, 20, 21, 22, 23, 4, 25, 28, 5, 26, 27, 30, 31, 32, 33, 6, 35, 36, 37, 38, 7, 40, 41, 42, 43, 8, 45, 46, 47, 48, 9, 50, 51, 52, 53, 10, 55, 56, 57, 58, 11, 60, 61, 62, 63, 12, 65, 66, 67, 68, 13, 70, 71, 72, 73, 14, 75, 76, 77, 78, 15, 16]
index list energy: 61690397.240375236Done

iterations:1, temp:100, exponent:0.33, eif:10.0
time taken (sec): 0.0016200542449951172
number of iterations: 1
og index list: [19, 44, 69, 0, 24, 29, 34, 39, 1, 49, 54, 59, 64, 2, 74, 79, 17, 18, 3, 20, 21, 22, 23, 4, 25, 26, 27, 28, 5, 30, 31, 32, 33, 6, 35, 36, 37, 38, 7, 40, 41, 42, 43, 8, 45, 46, 47, 48, 9, 50, 51, 52, 53, 10, 55, 56, 57, 58, 11, 60, 61, 62, 63, 12, 65, 66, 67, 68, 13, 70, 71, 72, 73, 14, 75, 76, 77, 78, 15, 16]
og index list energy: 64773862.67237637
index list: [19, 44, 69, 0, 24, 29, 34, 39, 1, 49, 54, 59, 64, 2, 74, 79, 17, 18, 3, 20, 21, 22, 23, 4, 25, 26, 27, 28, 5, 30, 31, 32, 33, 6, 35, 36, 37, 38, 7, 40, 41, 42, 43, 8, 45, 46, 47, 48, 9, 50, 51, 52, 53, 10, 55, 56, 57, 58, 11, 60, 61, 62, 63, 12, 65, 66, 67, 68, 13, 70, 71, 72, 73, 14, 75, 76, 77, 78, 15, 16]
index list energy: 64773862.67237637Done

iterations:1, temp:100, exponent:0.33, eif:10.0
time taken (sec): 0.0006120204925537109
number of iterations: 1
og index list: [19, 44, 69, 0, 24, 29, 34, 39, 1, 49, 54, 59, 64, 2, 74, 79, 17, 18, 3, 20, 21, 22, 23, 4, 25, 26, 27, 28, 5, 30, 31, 32, 33, 6, 35, 36, 37, 38, 7, 40, 41, 42, 43, 8, 45, 46, 47, 48, 9, 50, 51, 52, 53, 10, 55, 56, 57, 58, 11, 60, 61, 62, 63, 12, 65, 66, 67, 68, 13, 70, 71, 72, 73, 14, 75, 76, 77, 78, 15, 16]
og index list energy: 64773862.67237637
index list: [19, 12, 69, 0, 24, 29, 34, 39, 1, 49, 54, 59, 64, 2, 74, 79, 17, 18, 3, 20, 21, 22, 23, 4, 25, 26, 27, 28, 5, 30, 31, 32, 33, 6, 35, 36, 37, 38, 7, 40, 41, 42, 43, 8, 45, 46, 47, 48, 9, 50, 51, 52, 53, 10, 55, 56, 57, 58, 11, 60, 61, 62, 63, 44, 65, 66, 67, 68, 13, 70, 71, 72, 73, 14, 75, 76, 77, 78, 15, 16]
index list energy: 62775817.42743121Done

iterations:1, temp:100, exponent:0.33, eif:10.0
time taken (sec): 0.001750946044921875
number of iterations: 1
og index list: [19, 44, 69, 0, 24, 29, 34, 39, 1, 49, 54, 59, 64, 2, 74, 79, 17, 18, 3, 20, 21, 22, 23, 4, 25, 26, 27, 28, 5, 30, 31, 32, 33, 6, 35, 36, 37, 38, 7, 40, 41, 42, 43, 8, 45, 46, 47, 48, 9, 50, 51, 52, 53, 10, 55, 56, 57, 58, 11, 60, 61, 62, 63, 12, 65, 66, 67, 68, 13, 70, 71, 72, 73, 14, 75, 76, 77, 78, 15, 16]
og index list energy: 64773862.67237637
index list: [19, 44, 69, 0, 24, 29, 34, 39, 1, 49, 54, 59, 64, 2, 74, 79, 17, 18, 3, 20, 21, 22, 23, 4, 25, 26, 27, 28, 5, 30, 31, 32, 33, 6, 35, 36, 37, 38, 7, 40, 41, 42, 43, 8, 45, 46, 47, 48, 9, 50, 51, 52, 53, 10, 55, 56, 57, 58, 11, 60, 61, 62, 63, 12, 65, 66, 67, 68, 13, 70, 71, 72, 73, 14, 75, 76, 77, 78, 15, 16]
index list energy: 64773862.67237637Done

iterations:1, temp:100, exponent:0.33, eif:10.0
time taken (sec): 0.0015411376953125
number of iterations: 1
og index list: [19, 44, 69, 0, 24, 29, 34, 39, 1, 49, 54, 59, 64, 2, 74, 79, 17, 18, 3, 20, 21, 22, 23, 4, 25, 26, 27, 28, 5, 30, 31, 32, 33, 6, 35, 36, 37, 38, 7, 40, 41, 42, 43, 8, 45, 46, 47, 48, 9, 50, 51, 52, 53, 10, 55, 56, 57, 58, 11, 60, 61, 62, 63, 12, 65, 66, 67, 68, 13, 70, 71, 72, 73, 14, 75, 76, 77, 78, 15, 16]
og index list energy: 64773862.67237637
index list: [19, 44, 69, 0, 24, 29, 34, 39, 1, 49, 54, 59, 64, 2, 74, 79, 17, 18, 3, 20, 21, 22, 23, 4, 25, 26, 27, 28, 5, 30, 31, 32, 33, 6, 35, 36, 37, 38, 7, 40, 41, 42, 43, 8, 45, 46, 47, 48, 9, 50, 51, 52, 53, 10, 55, 56, 57, 58, 11, 60, 61, 62, 63, 12, 65, 66, 67, 68, 13, 70, 71, 72, 73, 14, 75, 76, 77, 78, 15, 16]
index list energy: 64773862.67237637Done

iterations:1, temp:100, exponent:0.33, eif:10.0
time taken (sec): 0.0024750232696533203
number of iterations: 1
og index list: [19, 44, 69, 0, 24, 29, 34, 39, 1, 49, 54, 59, 64, 2, 74, 79, 17, 18, 3, 20, 21, 22, 23, 4, 25, 26, 27, 28, 5, 30, 31, 32, 33, 6, 35, 36, 37, 38, 7, 40, 41, 42, 43, 8, 45, 46, 47, 48, 9, 50, 51, 52, 53, 10, 55, 56, 57, 58, 11, 60, 61, 62, 63, 12, 65, 66, 67, 68, 13, 70, 71, 72, 73, 14, 75, 76, 77, 78, 15, 16]
og index list energy: 64773862.67237637
index list: [19, 44, 69, 0, 24, 29, 34, 39, 1, 49, 54, 59, 64, 2, 74, 79, 17, 18, 3, 20, 21, 22, 23, 4, 25, 26, 27, 28, 5, 30, 31, 32, 33, 6, 35, 36, 37, 38, 7, 40, 41, 42, 43, 8, 45, 46, 47, 48, 9, 50, 51, 52, 53, 10, 55, 56, 57, 58, 11, 60, 61, 62, 63, 12, 65, 66, 67, 68, 13, 70, 71, 72, 73, 14, 75, 76, 77, 78, 15, 16]
index list energy: 64773862.67237637Done

iterations:1, temp:100, exponent:0.33, eif:10.0
time taken (sec): 0.0015730857849121094
number of iterations: 1
og index list: [19, 44, 69, 0, 24, 29, 34, 39, 1, 49, 54, 59, 64, 2, 74, 79, 17, 18, 3, 20, 21, 22, 23, 4, 25, 26, 27, 28, 5, 30, 31, 32, 33, 6, 35, 36, 37, 38, 7, 40, 41, 42, 43, 8, 45, 46, 47, 48, 9, 50, 51, 52, 53, 10, 55, 56, 57, 58, 11, 60, 61, 62, 63, 12, 65, 66, 67, 68, 13, 70, 71, 72, 73, 14, 75, 76, 77, 78, 15, 16]
og index list energy: 64773862.67237637
index list: [19, 44, 69, 0, 24, 29, 34, 39, 1, 49, 54, 59, 64, 2, 74, 79, 17, 18, 3, 20, 21, 22, 23, 4, 25, 26, 27, 28, 5, 30, 31, 32, 33, 6, 35, 36, 37, 38, 7, 40, 41, 42, 43, 8, 45, 46, 47, 48, 9, 50, 51, 52, 53, 10, 55, 56, 57, 58, 11, 60, 61, 62, 63, 12, 65, 66, 67, 68, 13, 70, 71, 72, 73, 14, 75, 76, 77, 78, 15, 16]
index list energy: 64773862.67237637Done

iterations:1, temp:100, exponent:0.33, eif:10.0
time taken (sec): 0.0014159679412841797
number of iterations: 1
og index list: [19, 44, 69, 0, 24, 29, 34, 39, 1, 49, 54, 59, 64, 2, 74, 79, 17, 18, 3, 20, 21, 22, 23, 4, 25, 26, 27, 28, 5, 30, 31, 32, 33, 6, 35, 36, 37, 38, 7, 40, 41, 42, 43, 8, 45, 46, 47, 48, 9, 50, 51, 52, 53, 10, 55, 56, 57, 58, 11, 60, 61, 62, 63, 12, 65, 66, 67, 68, 13, 70, 71, 72, 73, 14, 75, 76, 77, 78, 15, 16]
og index list energy: 64773862.67237637
index list: [19, 44, 69, 0, 24, 29, 34, 59, 1, 49, 54, 39, 64, 2, 74, 79, 17, 18, 3, 20, 21, 22, 23, 4, 25, 26, 27, 28, 5, 30, 31, 32, 33, 6, 35, 36, 37, 38, 7, 40, 41, 42, 43, 8, 45, 46, 47, 48, 9, 50, 51, 52, 53, 10, 55, 56, 57, 58, 11, 60, 61, 62, 63, 12, 65, 66, 67, 68, 13, 70, 71, 72, 73, 14, 75, 76, 77, 78, 15, 16]
index list energy: 63391358.07629652Done

iterations:1, temp:100, exponent:0.33, eif:10.0
time taken (sec): 0.005797147750854492
number of iterations: 1
og index list: [19, 44, 69, 0, 24, 29, 34, 39, 1, 49, 54, 59, 64, 2, 74, 79, 17, 18, 3, 20, 21, 22, 23, 4, 25, 26, 27, 28, 5, 30, 31, 32, 33, 6, 35, 36, 37, 38, 7, 40, 41, 42, 43, 8, 45, 46, 47, 48, 9, 50, 51, 52, 53, 10, 55, 56, 57, 58, 11, 60, 61, 62, 63, 12, 65, 66, 67, 68, 13, 70, 71, 72, 73, 14, 75, 76, 77, 78, 15, 16]
og index list energy: 64773862.67237637
index list: [19, 44, 69, 0, 24, 29, 34, 39, 1, 49, 54, 59, 64, 2, 74, 79, 17, 18, 3, 20, 21, 22, 23, 4, 25, 26, 27, 28, 5, 30, 31, 32, 33, 6, 35, 36, 37, 38, 7, 40, 41, 42, 43, 8, 45, 46, 47, 48, 9, 50, 51, 52, 53, 10, 55, 56, 57, 58, 11, 60, 61, 62, 63, 12, 65, 66, 67, 68, 13, 70, 71, 72, 73, 14, 75, 76, 77, 78, 15, 16]
index list energy: 64773862.67237637Done

iterations:1, temp:100, exponent:0.33, eif:10.0
time taken (sec): 0.00203704833984375
number of iterations: 1
og index list: [19, 44, 69, 0, 24, 29, 34, 39, 1, 49, 54, 59, 64, 2, 74, 79, 17, 18, 3, 20, 21, 22, 23, 4, 25, 26, 27, 28, 5, 30, 31, 32, 33, 6, 35, 36, 37, 38, 7, 40, 41, 42, 43, 8, 45, 46, 47, 48, 9, 50, 51, 52, 53, 10, 55, 56, 57, 58, 11, 60, 61, 62, 63, 12, 65, 66, 67, 68, 13, 70, 71, 72, 73, 14, 75, 76, 77, 78, 15, 16]
og index list energy: 64773862.67237637
index list: [19, 44, 69, 0, 24, 29, 34, 39, 1, 49, 54, 59, 64, 2, 74, 79, 17, 18, 3, 20, 21, 22, 23, 4, 25, 26, 27, 28, 5, 30, 31, 32, 33, 6, 35, 36, 37, 38, 7, 40, 41, 42, 43, 8, 45, 46, 47, 48, 9, 50, 51, 52, 53, 10, 55, 56, 57, 58, 11, 60, 61, 62, 63, 12, 65, 66, 67, 68, 13, 70, 71, 72, 73, 14, 75, 76, 77, 78, 15, 16]
index list energy: 64773862.67237637Done

iterations:1, temp:100, exponent:0.33, eif:10.0
time taken (sec): 0.0017819404602050781
number of iterations: 1
og index list: [19, 44, 69, 0, 24, 29, 34, 39, 1, 49, 54, 59, 64, 2, 74, 79, 17, 18, 3, 20, 21, 22, 23, 4, 25, 26, 27, 28, 5, 30, 31, 32, 33, 6, 35, 36, 37, 38, 7, 40, 41, 42, 43, 8, 45, 46, 47, 48, 9, 50, 51, 52, 53, 10, 55, 56, 57, 58, 11, 60, 61, 62, 63, 12, 65, 66, 67, 68, 13, 70, 71, 72, 73, 14, 75, 76, 77, 78, 15, 16]
og index list energy: 64773862.67237637
index list: [19, 44, 69, 0, 24, 29, 34, 39, 1, 49, 54, 59, 64, 2, 74, 79, 17, 18, 3, 20, 21, 22, 23, 4, 25, 26, 27, 28, 5, 30, 31, 32, 33, 6, 35, 36, 37, 38, 7, 40, 41, 42, 43, 8, 45, 46, 47, 48, 9, 50, 51, 52, 53, 10, 55, 56, 57, 58, 11, 60, 61, 62, 63, 12, 65, 66, 67, 68, 13, 70, 71, 72, 73, 14, 75, 76, 77, 78, 15, 16]
index list energy: 64773862.67237637Done

iterations:1, temp:100, exponent:0.33, eif:10.0
time taken (sec): 0.0017561912536621094
number of iterations: 1
og index list: [19, 44, 69, 0, 24, 29, 34, 39, 1, 49, 54, 59, 64, 2, 74, 79, 17, 18, 3, 20, 21, 22, 23, 4, 25, 26, 27, 28, 5, 30, 31, 32, 33, 6, 35, 36, 37, 38, 7, 40, 41, 42, 43, 8, 45, 46, 47, 48, 9, 50, 51, 52, 53, 10, 55, 56, 57, 58, 11, 60, 61, 62, 63, 12, 65, 66, 67, 68, 13, 70, 71, 72, 73, 14, 75, 76, 77, 78, 15, 16]
og index list energy: 64773862.67237637
index list: [19, 44, 69, 0, 24, 29, 34, 39, 1, 49, 54, 59, 64, 2, 74, 79, 17, 18, 3, 20, 21, 22, 23, 4, 25, 26, 27, 28, 5, 30, 31, 32, 33, 6, 35, 36, 37, 38, 7, 40, 41, 42, 43, 8, 45, 46, 47, 48, 9, 50, 51, 52, 53, 10, 55, 56, 57, 78, 11, 60, 61, 62, 63, 12, 65, 66, 67, 68, 13, 70, 71, 72, 73, 14, 75, 76, 77, 58, 15, 16]
index list energy: 64640076.621401064Done

iterations:1, temp:100, exponent:0.33, eif:10.0
time taken (sec): 0.0017478466033935547
number of iterations: 1
og index list: [19, 44, 69, 0, 24, 29, 34, 39, 1, 49, 54, 59, 64, 2, 74, 79, 17, 18, 3, 20, 21, 22, 23, 4, 25, 26, 27, 28, 5, 30, 31, 32, 33, 6, 35, 36, 37, 38, 7, 40, 41, 42, 43, 8, 45, 46, 47, 48, 9, 50, 51, 52, 53, 10, 55, 56, 57, 58, 11, 60, 61, 62, 63, 12, 65, 66, 67, 68, 13, 70, 71, 72, 73, 14, 75, 76, 77, 78, 15, 16]
og index list energy: 64773862.67237637
index list: [19, 44, 69, 0, 24, 29, 34, 39, 1, 49, 54, 59, 64, 2, 74, 79, 17, 18, 3, 20, 21, 22, 23, 4, 25, 26, 27, 28, 5, 30, 31, 32, 33, 6, 35, 36, 37, 38, 7, 40, 41, 42, 43, 8, 45, 46, 47, 48, 9, 50, 51, 52, 53, 10, 55, 56, 57, 58, 11, 60, 61, 62, 63, 12, 65, 66, 67, 68, 13, 70, 71, 72, 73, 14, 75, 76, 77, 78, 15, 16]
index list energy: 64773862.67237637Done

iterations:1, temp:100, exponent:0.33, eif:10.0
time taken (sec): 0.0015058517456054688
number of iterations: 1
og index list: [19, 44, 69, 0, 24, 29, 34, 39, 1, 49, 54, 59, 64, 2, 74, 79, 17, 18, 3, 20, 21, 22, 23, 4, 25, 26, 27, 28, 5, 30, 31, 32, 33, 6, 35, 36, 37, 38, 7, 40, 41, 42, 43, 8, 45, 46, 47, 48, 9, 50, 51, 52, 53, 10, 55, 56, 57, 58, 11, 60, 61, 62, 63, 12, 65, 66, 67, 68, 13, 70, 71, 72, 73, 14, 75, 76, 77, 78, 15, 16]
og index list energy: 64773862.67237637
index list: [19, 44, 69, 0, 24, 29, 34, 39, 1, 49, 54, 59, 64, 2, 74, 79, 17, 18, 3, 20, 21, 22, 23, 4, 25, 26, 27, 28, 5, 30, 31, 32, 33, 6, 35, 36, 37, 38, 7, 40, 41, 42, 43, 8, 45, 46, 47, 48, 9, 50, 51, 52, 53, 10, 55, 56, 57, 58, 11, 60, 61, 62, 63, 12, 65, 66, 67, 68, 13, 70, 71, 72, 73, 14, 75, 76, 77, 78, 15, 16]
index list energy: 64773862.67237637Done

iterations:1, temp:100, exponent:0.33, eif:10.0
time taken (sec): 0.002610921859741211
number of iterations: 1
og index list: [19, 44, 69, 0, 24, 29, 34, 39, 1, 49, 54, 59, 64, 2, 74, 79, 17, 18, 3, 20, 21, 22, 23, 4, 25, 26, 27, 28, 5, 30, 31, 32, 33, 6, 35, 36, 37, 38, 7, 40, 41, 42, 43, 8, 45, 46, 47, 48, 9, 50, 51, 52, 53, 10, 55, 56, 57, 58, 11, 60, 61, 62, 63, 12, 65, 66, 67, 68, 13, 70, 71, 72, 73, 14, 75, 76, 77, 78, 15, 16]
og index list energy: 64773862.67237637
index list: [0, 44, 69, 19, 24, 29, 34, 39, 1, 49, 54, 59, 64, 2, 74, 79, 17, 18, 3, 20, 21, 22, 23, 4, 25, 26, 27, 28, 5, 30, 31, 32, 33, 6, 35, 36, 37, 38, 7, 40, 41, 42, 43, 8, 45, 46, 47, 48, 9, 50, 51, 52, 53, 10, 55, 56, 57, 58, 11, 60, 61, 62, 63, 12, 65, 66, 67, 68, 13, 70, 71, 72, 73, 14, 75, 76, 77, 78, 15, 16]
index list energy: 64510471.01752173Done

iterations:1, temp:100, exponent:0.33, eif:10.0
time taken (sec): 0.007292985916137695
number of iterations: 1
og index list: [19, 44, 69, 0, 24, 29, 34, 39, 1, 49, 54, 59, 64, 2, 74, 79, 17, 18, 3, 20, 21, 22, 23, 4, 25, 26, 27, 28, 5, 30, 31, 32, 33, 6, 35, 36, 37, 38, 7, 40, 41, 42, 43, 8, 45, 46, 47, 48, 9, 50, 51, 52, 53, 10, 55, 56, 57, 58, 11, 60, 61, 62, 63, 12, 65, 66, 67, 68, 13, 70, 71, 72, 73, 14, 75, 76, 77, 78, 15, 16]
og index list energy: 64773862.67237637
index list: [19, 44, 69, 0, 24, 29, 34, 39, 1, 49, 54, 59, 64, 2, 74, 79, 17, 18, 3, 20, 21, 22, 23, 4, 25, 26, 27, 28, 5, 30, 31, 32, 33, 6, 35, 36, 37, 38, 7, 40, 41, 42, 43, 8, 45, 46, 47, 48, 9, 50, 51, 52, 53, 10, 55, 56, 57, 58, 11, 60, 61, 62, 63, 12, 65, 66, 67, 68, 13, 70, 71, 72, 73, 14, 75, 76, 77, 78, 15, 16]
index list energy: 64773862.67237637Done

iterations:1, temp:100, exponent:0.33, eif:10.0
time taken (sec): 0.0009989738464355469
number of iterations: 1
og index list: [19, 44, 69, 0, 24, 29, 34, 39, 1, 49, 54, 59, 64, 2, 74, 79, 17, 18, 3, 20, 21, 22, 23, 4, 25, 26, 27, 28, 5, 30, 31, 32, 33, 6, 35, 36, 37, 38, 7, 40, 41, 42, 43, 8, 45, 46, 47, 48, 9, 50, 51, 52, 53, 10, 55, 56, 57, 58, 11, 60, 61, 62, 63, 12, 65, 66, 67, 68, 13, 70, 71, 72, 73, 14, 75, 76, 77, 78, 15, 16]
og index list energy: 64773862.67237637
index list: [19, 44, 69, 0, 24, 29, 34, 39, 1, 49, 54, 59, 64, 2, 74, 79, 17, 18, 3, 20, 21, 22, 23, 4, 25, 26, 27, 28, 5, 30, 31, 32, 33, 6, 35, 36, 37, 38, 7, 78, 15, 42, 43, 8, 45, 46, 47, 48, 9, 50, 51, 52, 53, 10, 55, 56, 57, 58, 11, 60, 61, 62, 63, 12, 65, 66, 67, 68, 13, 70, 71, 72, 73, 14, 75, 76, 77, 40, 41, 16]
index list energy: 56820948.45317448Done

iterations:1, temp:100, exponent:0.33, eif:10.0
time taken (sec): 0.0011250972747802734
number of iterations: 1
og index list: [19, 44, 69, 0, 24, 29, 34, 39, 1, 49, 54, 59, 64, 2, 74, 79, 17, 18, 3, 20, 21, 22, 23, 4, 25, 26, 27, 28, 5, 30, 31, 32, 33, 6, 35, 36, 37, 38, 7, 40, 41, 42, 43, 8, 45, 46, 47, 48, 9, 50, 51, 52, 53, 10, 55, 56, 57, 58, 11, 60, 61, 62, 63, 12, 65, 66, 67, 68, 13, 70, 71, 72, 73, 14, 75, 76, 77, 78, 15, 16]
og index list energy: 64773862.67237637
index list: [19, 44, 69, 0, 24, 29, 34, 39, 1, 49, 54, 59, 64, 2, 74, 79, 17, 18, 3, 20, 21, 22, 23, 4, 25, 26, 27, 28, 5, 30, 31, 32, 33, 6, 35, 36, 37, 38, 7, 40, 41, 42, 43, 8, 45, 46, 47, 48, 9, 50, 51, 52, 53, 10, 55, 56, 57, 58, 11, 60, 61, 62, 63, 12, 65, 66, 67, 68, 13, 70, 71, 72, 73, 14, 75, 76, 77, 78, 15, 16]
index list energy: 64773862.67237637Done

iterations:1, temp:100, exponent:0.33, eif:10.0
time taken (sec): 0.001013040542602539
number of iterations: 1
og index list: [19, 44, 69, 0, 24, 29, 34, 39, 1, 49, 54, 59, 64, 2, 74, 79, 17, 18, 3, 20, 21, 22, 23, 4, 25, 26, 27, 28, 5, 30, 31, 32, 33, 6, 35, 36, 37, 38, 7, 40, 41, 42, 43, 8, 45, 46, 47, 48, 9, 50, 51, 52, 53, 10, 55, 56, 57, 58, 11, 60, 61, 62, 63, 12, 65, 66, 67, 68, 13, 70, 71, 72, 73, 14, 75, 76, 77, 78, 15, 16]
og index list energy: 64773862.67237637
index list: [19, 44, 69, 0, 24, 29, 34, 39, 1, 49, 54, 59, 64, 2, 74, 79, 17, 18, 3, 20, 21, 22, 23, 4, 25, 26, 27, 28, 5, 30, 31, 32, 33, 6, 35, 36, 37, 38, 7, 40, 41, 42, 43, 8, 45, 46, 47, 48, 9, 50, 51, 52, 53, 10, 55, 56, 57, 58, 11, 60, 61, 62, 63, 12, 65, 66, 67, 68, 13, 70, 71, 72, 73, 14, 75, 76, 77, 78, 15, 16]
index list energy: 64773862.67237637Done

iterations:1, temp:100, exponent:0.33, eif:10.0
time taken (sec): 0.0031518936157226562
number of iterations: 1
og index list: [19, 44, 69, 0, 24, 29, 34, 39, 1, 49, 54, 59, 64, 2, 74, 79, 17, 18, 3, 20, 21, 22, 23, 4, 25, 26, 27, 28, 5, 30, 31, 32, 33, 6, 35, 36, 37, 38, 7, 40, 41, 42, 43, 8, 45, 46, 47, 48, 9, 50, 51, 52, 53, 10, 55, 56, 57, 58, 11, 60, 61, 62, 63, 12, 65, 66, 67, 68, 13, 70, 71, 72, 73, 14, 75, 76, 77, 78, 15, 16]
og index list energy: 64773862.67237637
index list: [19, 44, 69, 0, 24, 29, 34, 39, 1, 49, 54, 59, 64, 2, 74, 79, 17, 18, 3, 20, 21, 22, 23, 4, 25, 26, 27, 28, 5, 30, 31, 32, 33, 6, 35, 36, 37, 38, 7, 40, 41, 42, 43, 8, 45, 46, 47, 48, 9, 50, 51, 52, 53, 10, 55, 56, 57, 58, 11, 60, 61, 62, 63, 12, 65, 66, 67, 68, 13, 70, 71, 72, 73, 16, 75, 76, 77, 78, 15, 14]
index list energy: 64672240.806614906Done

iterations:1, temp:100, exponent:0.33, eif:10.0
time taken (sec): 0.001168966293334961
number of iterations: 1
og index list: [19, 44, 69, 0, 24, 29, 34, 39, 1, 49, 54, 59, 64, 2, 74, 79, 17, 18, 3, 20, 21, 22, 23, 4, 25, 26, 27, 28, 5, 30, 31, 32, 33, 6, 35, 36, 37, 38, 7, 40, 41, 42, 43, 8, 45, 46, 47, 48, 9, 50, 51, 52, 53, 10, 55, 56, 57, 58, 11, 60, 61, 62, 63, 12, 65, 66, 67, 68, 13, 70, 71, 72, 73, 14, 75, 76, 77, 78, 15, 16]
og index list energy: 64773862.67237637
index list: [19, 44, 69, 0, 24, 29, 34, 39, 1, 49, 54, 59, 64, 2, 74, 79, 17, 18, 3, 20, 21, 22, 23, 4, 25, 26, 27, 28, 5, 30, 31, 32, 33, 6, 35, 36, 37, 38, 7, 40, 41, 42, 43, 8, 45, 46, 47, 48, 9, 50, 51, 52, 53, 10, 55, 56, 57, 58, 11, 60, 61, 62, 63, 12, 65, 66, 67, 68, 13, 70, 71, 72, 73, 14, 75, 76, 77, 78, 15, 16]
index list energy: 64773862.67237637Done

iterations:1, temp:100, exponent:0.33, eif:10.0
time taken (sec): 0.0007069110870361328
number of iterations: 1
og index list: [19, 44, 69, 0, 24, 29, 34, 39, 1, 49, 54, 59, 64, 2, 74, 79, 17, 18, 3, 20, 21, 22, 23, 4, 25, 26, 27, 28, 5, 30, 31, 32, 33, 6, 35, 36, 37, 38, 7, 40, 41, 42, 43, 8, 45, 46, 47, 48, 9, 50, 51, 52, 53, 10, 55, 56, 57, 58, 11, 60, 61, 62, 63, 12, 65, 66, 67, 68, 13, 70, 71, 72, 73, 14, 75, 76, 77, 78, 15, 16]
og index list energy: 64773862.67237637
index list: [19, 44, 69, 0, 24, 29, 34, 39, 1, 49, 54, 59, 64, 2, 74, 79, 17, 18, 3, 20, 21, 22, 23, 4, 25, 26, 27, 28, 5, 30, 31, 32, 33, 6, 35, 36, 37, 38, 7, 40, 41, 42, 43, 8, 45, 46, 47, 48, 9, 50, 51, 52, 53, 10, 55, 56, 57, 58, 11, 60, 61, 62, 63, 12, 65, 66, 67, 68, 13, 70, 71, 72, 73, 14, 75, 76, 77, 78, 15, 16]
index list energy: 64773862.67237637Done

iterations:1, temp:100, exponent:0.33, eif:10.0
time taken (sec): 0.0007259845733642578
number of iterations: 1
og index list: [19, 44, 69, 0, 24, 29, 34, 39, 1, 49, 54, 59, 64, 2, 74, 79, 17, 18, 3, 20, 21, 22, 23, 4, 25, 26, 27, 28, 5, 30, 31, 32, 33, 6, 35, 36, 37, 38, 7, 40, 41, 42, 43, 8, 45, 46, 47, 48, 9, 50, 51, 52, 53, 10, 55, 56, 57, 58, 11, 60, 61, 62, 63, 12, 65, 66, 67, 68, 13, 70, 71, 72, 73, 14, 75, 76, 77, 78, 15, 16]
og index list energy: 64773862.67237637
index list: [19, 44, 69, 0, 24, 29, 34, 39, 1, 49, 54, 59, 64, 2, 74, 79, 17, 18, 3, 20, 21, 22, 23, 4, 25, 26, 27, 28, 5, 30, 31, 32, 33, 6, 35, 36, 37, 38, 7, 40, 41, 42, 43, 8, 45, 46, 47, 48, 9, 50, 51, 52, 53, 10, 55, 56, 57, 58, 11, 60, 61, 62, 63, 12, 65, 66, 67, 68, 13, 70, 71, 72, 73, 14, 75, 76, 77, 78, 15, 16]
index list energy: 64773862.67237637Done

iterations:1, temp:100, exponent:0.33, eif:10.0
time taken (sec): 0.0011639595031738281
number of iterations: 1
og index list: [19, 44, 69, 0, 24, 29, 34, 39, 1, 49, 54, 59, 64, 2, 74, 79, 17, 18, 3, 20, 21, 22, 23, 4, 25, 26, 27, 28, 5, 30, 31, 32, 33, 6, 35, 36, 37, 38, 7, 40, 41, 42, 43, 8, 45, 46, 47, 48, 9, 50, 51, 52, 53, 10, 55, 56, 57, 58, 11, 60, 61, 62, 63, 12, 65, 66, 67, 68, 13, 70, 71, 72, 73, 14, 75, 76, 77, 78, 15, 16]
og index list energy: 64773862.67237637
index list: [19, 44, 69, 0, 24, 29, 34, 39, 1, 49, 54, 59, 64, 2, 74, 79, 17, 18, 3, 20, 21, 22, 23, 4, 25, 26, 27, 28, 5, 30, 31, 32, 33, 6, 35, 36, 37, 38, 7, 40, 41, 42, 43, 8, 45, 46, 47, 48, 9, 50, 51, 52, 53, 10, 55, 56, 57, 58, 11, 60, 61, 62, 63, 12, 65, 66, 67, 68, 13, 70, 71, 72, 73, 14, 75, 76, 77, 78, 15, 16]
index list energy: 64773862.67237637Done

iterations:1, temp:100, exponent:0.33, eif:10.0
time taken (sec): 0.0010149478912353516
number of iterations: 1
og index list: [19, 44, 69, 0, 24, 29, 34, 39, 1, 49, 54, 59, 64, 2, 74, 79, 17, 18, 3, 20, 21, 22, 23, 4, 25, 26, 27, 28, 5, 30, 31, 32, 33, 6, 35, 36, 37, 38, 7, 40, 41, 42, 43, 8, 45, 46, 47, 48, 9, 50, 51, 52, 53, 10, 55, 56, 57, 58, 11, 60, 61, 62, 63, 12, 65, 66, 67, 68, 13, 70, 71, 72, 73, 14, 75, 76, 77, 78, 15, 16]
og index list energy: 64773862.67237637
index list: [19, 44, 69, 0, 24, 29, 34, 39, 1, 49, 54, 59, 64, 2, 74, 35, 36, 18, 3, 20, 21, 22, 23, 4, 25, 26, 27, 28, 5, 30, 31, 32, 33, 6, 79, 17, 37, 38, 7, 40, 41, 42, 43, 8, 45, 46, 47, 48, 9, 50, 51, 52, 53, 10, 55, 56, 57, 58, 11, 60, 61, 62, 63, 12, 65, 66, 67, 68, 13, 70, 71, 72, 73, 14, 75, 76, 77, 78, 15, 16]
index list energy: 64159822.790848896Done

iterations:1, temp:100, exponent:0.33, eif:10.0
time taken (sec): 0.0012240409851074219
number of iterations: 1
og index list: [19, 44, 69, 0, 24, 29, 34, 39, 1, 49, 54, 59, 64, 2, 74, 79, 17, 18, 3, 20, 21, 22, 23, 4, 25, 26, 27, 28, 5, 30, 31, 32, 33, 6, 35, 36, 37, 38, 7, 40, 41, 42, 43, 8, 45, 46, 47, 48, 9, 50, 51, 52, 53, 10, 55, 56, 57, 58, 11, 60, 61, 62, 63, 12, 65, 66, 67, 68, 13, 70, 71, 72, 73, 14, 75, 76, 77, 78, 15, 16]
og index list energy: 64773862.67237637
index list: [19, 44, 69, 0, 24, 29, 34, 39, 1, 49, 54, 59, 64, 2, 77, 79, 17, 18, 3, 20, 21, 22, 23, 4, 25, 26, 27, 28, 5, 30, 31, 32, 33, 6, 35, 36, 37, 38, 7, 40, 41, 42, 43, 8, 45, 46, 47, 48, 9, 50, 51, 52, 53, 10, 55, 56, 57, 58, 11, 60, 61, 62, 63, 12, 65, 66, 67, 68, 13, 70, 71, 72, 73, 14, 75, 76, 74, 78, 15, 16]
index list energy: 64773862.67237637Done

iterations:1, temp:100, exponent:0.33, eif:10.0
time taken (sec): 0.001987934112548828
number of iterations: 1
og index list: [19, 44, 69, 0, 24, 29, 34, 39, 1, 49, 54, 59, 64, 2, 74, 79, 17, 18, 3, 20, 21, 22, 23, 4, 25, 26, 27, 28, 5, 30, 31, 32, 33, 6, 35, 36, 37, 38, 7, 40, 41, 42, 43, 8, 45, 46, 47, 48, 9, 50, 51, 52, 53, 10, 55, 56, 57, 58, 11, 60, 61, 62, 63, 12, 65, 66, 67, 68, 13, 70, 71, 72, 73, 14, 75, 76, 77, 78, 15, 16]
og index list energy: 64773862.67237637
index list: [19, 44, 69, 0, 24, 29, 34, 39, 1, 49, 54, 59, 64, 2, 74, 79, 17, 18, 3, 20, 21, 22, 23, 4, 25, 26, 27, 28, 5, 30, 31, 32, 33, 6, 35, 36, 37, 38, 7, 40, 41, 42, 43, 8, 45, 46, 47, 48, 9, 50, 51, 52, 53, 10, 55, 56, 57, 58, 11, 60, 61, 62, 63, 12, 65, 66, 67, 68, 13, 70, 71, 72, 73, 14, 75, 76, 77, 78, 15, 16]
index list energy: 64773862.67237637Done

iterations:1, temp:100, exponent:0.33, eif:10.0
time taken (sec): 0.0010881423950195312
number of iterations: 1
og index list: [19, 44, 69, 0, 24, 29, 34, 39, 1, 49, 54, 59, 64, 2, 74, 79, 17, 18, 3, 20, 21, 22, 23, 4, 25, 26, 27, 28, 5, 30, 31, 32, 33, 6, 35, 36, 37, 38, 7, 40, 41, 42, 43, 8, 45, 46, 47, 48, 9, 50, 51, 52, 53, 10, 55, 56, 57, 58, 11, 60, 61, 62, 63, 12, 65, 66, 67, 68, 13, 70, 71, 72, 73, 14, 75, 76, 77, 78, 15, 16]
og index list energy: 64773862.67237637
index list: [19, 44, 69, 0, 24, 29, 34, 39, 1, 49, 54, 59, 64, 2, 74, 79, 17, 18, 3, 20, 21, 22, 23, 4, 25, 26, 27, 28, 5, 30, 31, 32, 33, 6, 35, 36, 37, 38, 7, 40, 41, 42, 43, 48, 45, 46, 47, 8, 9, 50, 51, 52, 53, 10, 55, 56, 57, 58, 11, 60, 61, 62, 63, 12, 65, 66, 67, 68, 13, 70, 71, 72, 73, 14, 75, 76, 77, 78, 15, 16]
index list energy: 62001136.79582772Done

