iterations:1000, temp:1000000.0, exponent:0.7, eif:300.0
time taken (sec): 1.5265700817108154
number of iterations: 1000
og index list: [35, 72, 77, 13, 23, 2, 53, 26, 76, 19, 37, 12, 47, 57, 34, 8, 63, 3, 62, 21, 55, 32, 36, 20, 50, 44, 75, 14, 46, 78, 48, 43, 51, 74, 58, 7, 68, 54, 49, 65, 4, 73, 11, 61, 66, 39, 33, 38, 71, 41, 18, 1, 28, 9, 40, 42, 5, 52, 29, 30, 10, 60, 64, 0, 59, 79, 67, 16, 6, 25, 45, 56, 24, 17, 22, 27, 31, 69, 15, 70]
og index list energy: 106251436.60264556
index list: [48, 36, 0, 47, 74, 22, 18, 7, 8, 43, 6, 53, 69, 14, 67, 66, 63, 55, 51, 33, 62, 3, 5, 32, 71, 25, 26, 28, 42, 79, 35, 17, 30, 75, 56, 57, 58, 31, 78, 54, 65, 13, 46, 44, 45, 16, 20, 68, 72, 9, 38, 1, 2, 41, 12, 21, 64, 60, 61, 34, 50, 15, 59, 40, 19, 4, 49, 39, 77, 73, 10, 11, 76, 24, 29, 27, 23, 70, 37, 52]
index list energy: 8993575.565371787Done

iterations:1000, temp:1000000.0, exponent:0.7, eif:300.0
time taken (sec): 0.5104539394378662
number of iterations: 1000
og index list: [20, 62, 38, 14, 66, 41, 78, 26, 8, 44, 2, 72, 5, 10, 40, 23, 70, 75, 32, 52, 57, 27, 76, 46, 36, 60, 47, 51, 29, 34, 4, 35, 37, 54, 15, 33, 21, 69, 24, 13, 64, 55, 68, 30, 16, 22, 11, 1, 39, 9, 73, 77, 50, 49, 7, 19, 28, 17, 61, 48, 0, 65, 63, 45, 25, 42, 3, 31, 43, 59, 74, 71, 12, 67, 58, 79, 6, 53, 56, 18]
og index list energy: 123373380.58216687
index list: [24, 66, 14, 15, 54, 34, 79, 26, 38, 52, 5, 9, 10, 11, 60, 50, 51, 22, 8, 72, 44, 29, 75, 23, 19, 68, 46, 21, 0, 32, 17, 18, 7, 77, 36, 61, 76, 35, 78, 37, 20, 65, 40, 47, 48, 1, 27, 28, 59, 3, 39, 4, 53, 16, 25, 56, 74, 30, 31, 6, 73, 13, 63, 64, 69, 70, 71, 12, 57, 33, 55, 49, 2, 41, 58, 62, 43, 45, 42, 67]
index list energy: 14568895.470668701Done

iterations:1000, temp:1000000.0, exponent:0.7, eif:300.0
time taken (sec): 0.6619968414306641
number of iterations: 1000
og index list: [12, 13, 28, 29, 27, 66, 15, 46, 35, 39, 6, 34, 17, 64, 61, 48, 75, 8, 79, 63, 40, 38, 21, 76, 5, 14, 57, 55, 45, 11, 37, 56, 30, 44, 16, 73, 72, 41, 20, 67, 77, 1, 3, 69, 59, 9, 18, 7, 58, 43, 33, 0, 24, 25, 71, 52, 54, 70, 68, 65, 53, 10, 31, 60, 2, 78, 62, 49, 23, 47, 42, 50, 22, 36, 19, 74, 51, 4, 26, 32]
og index list energy: 128593589.17947133
index list: [67, 60, 74, 22, 76, 11, 4, 56, 20, 25, 75, 23, 5, 62, 16, 33, 55, 77, 43, 41, 21, 71, 10, 54, 48, 49, 32, 66, 15, 9, 57, 6, 72, 44, 36, 37, 70, 34, 35, 58, 64, 59, 12, 13, 69, 24, 14, 50, 1, 28, 29, 0, 53, 46, 63, 52, 78, 27, 30, 61, 79, 8, 3, 26, 2, 19, 68, 17, 18, 31, 45, 47, 73, 40, 39, 65, 38, 51, 42, 7]
index list energy: 12270528.806606835Done

iterations:1000, temp:1000000.0, exponent:0.7, eif:300.0
time taken (sec): 0.5396058559417725
number of iterations: 1000
og index list: [79, 12, 52, 17, 33, 35, 36, 49, 26, 8, 2, 62, 23, 41, 11, 63, 0, 29, 10, 7, 57, 44, 4, 61, 3, 50, 43, 22, 64, 25, 72, 13, 66, 6, 5, 75, 67, 59, 9, 19, 24, 14, 54, 76, 16, 39, 18, 65, 1, 71, 60, 78, 31, 40, 48, 77, 47, 15, 38, 51, 56, 37, 70, 28, 46, 32, 30, 74, 53, 69, 58, 73, 27, 34, 20, 45, 21, 42, 55, 68]
og index list energy: 99095399.13697311
index list: [47, 51, 52, 53, 7, 79, 42, 77, 56, 15, 46, 58, 61, 65, 10, 74, 29, 78, 1, 18, 41, 13, 9, 38, 43, 50, 3, 63, 64, 62, 72, 6, 14, 26, 8, 75, 23, 19, 71, 40, 45, 36, 55, 24, 66, 67, 68, 73, 57, 39, 60, 76, 30, 16, 25, 17, 27, 2, 44, 31, 11, 21, 22, 28, 59, 20, 48, 34, 35, 69, 70, 49, 37, 5, 54, 0, 32, 12, 4, 33]
index list energy: 17673335.97379985Done

iterations:1000, temp:1000000.0, exponent:0.7, eif:300.0
time taken (sec): 0.4474301338195801
number of iterations: 1000
og index list: [31, 50, 3, 70, 21, 27, 22, 61, 41, 15, 25, 46, 19, 0, 18, 53, 24, 56, 40, 23, 78, 52, 13, 54, 74, 68, 10, 17, 72, 35, 2, 9, 75, 48, 1, 14, 57, 28, 55, 30, 58, 38, 67, 7, 51, 47, 16, 5, 6, 69, 44, 43, 34, 33, 36, 26, 8, 20, 59, 49, 64, 65, 62, 42, 39, 79, 71, 76, 45, 73, 37, 66, 29, 63, 77, 60, 12, 4, 11, 32]
og index list energy: 137766910.26432005
index list: [37, 13, 41, 34, 76, 32, 78, 11, 65, 10, 29, 27, 74, 42, 14, 25, 50, 69, 9, 38, 12, 0, 6, 33, 75, 44, 35, 72, 63, 47, 73, 66, 7, 8, 1, 18, 36, 2, 26, 77, 48, 22, 30, 79, 31, 39, 40, 46, 15, 45, 49, 23, 56, 71, 57, 17, 28, 59, 20, 21, 62, 43, 3, 60, 61, 64, 54, 51, 58, 55, 70, 16, 52, 24, 4, 5, 19, 68, 67, 53]
index list energy: 12343921.525395028Done

iterations:1000, temp:1000000.0, exponent:0.7, eif:300.0
time taken (sec): 0.21474099159240723
number of iterations: 1000
og index list: [11, 63, 65, 64, 62, 15, 9, 32, 69, 75, 16, 39, 34, 4, 48, 52, 2, 31, 36, 72, 56, 41, 37, 14, 57, 7, 17, 20, 24, 43, 79, 55, 71, 27, 66, 49, 59, 29, 3, 8, 50, 13, 38, 58, 70, 33, 74, 26, 54, 78, 10, 40, 76, 35, 30, 77, 22, 12, 0, 19, 61, 25, 53, 23, 60, 73, 5, 44, 21, 51, 67, 1, 18, 6, 42, 28, 68, 47, 46, 45]
og index list energy: 128265003.49022889
index list: [28, 33, 62, 19, 60, 22, 30, 79, 38, 47, 51, 42, 70, 10, 43, 44, 45, 46, 50, 54, 34, 61, 37, 13, 41, 49, 31, 73, 57, 14, 25, 48, 77, 27, 78, 26, 18, 17, 23, 53, 75, 2, 16, 39, 32, 56, 15, 58, 55, 5, 36, 52, 67, 4, 21, 35, 11, 12, 64, 74, 29, 76, 72, 6, 24, 20, 68, 9, 40, 3, 7, 8, 63, 71, 65, 66, 59, 69, 0, 1]
index list energy: 11802394.975868115Done

iterations:1000, temp:1000000.0, exponent:0.7, eif:300.0
time taken (sec): 0.2809481620788574
number of iterations: 1000
og index list: [55, 56, 65, 41, 8, 40, 75, 21, 31, 32, 34, 61, 20, 30, 49, 28, 9, 18, 53, 57, 51, 78, 37, 2, 10, 48, 3, 68, 5, 33, 1, 67, 17, 25, 47, 69, 43, 50, 63, 79, 62, 39, 14, 73, 22, 15, 52, 71, 64, 58, 59, 38, 46, 77, 54, 44, 27, 36, 23, 11, 45, 0, 6, 13, 4, 24, 16, 12, 26, 35, 66, 60, 42, 7, 76, 19, 29, 70, 72, 74]
og index list energy: 96726468.77573885
index list: [4, 56, 37, 10, 11, 12, 64, 59, 15, 53, 54, 48, 65, 13, 79, 39, 16, 47, 66, 33, 18, 73, 75, 42, 50, 3, 71, 72, 43, 51, 1, 30, 61, 22, 23, 78, 62, 19, 5, 36, 55, 69, 14, 68, 70, 25, 60, 31, 41, 57, 32, 26, 76, 29, 2, 67, 20, 49, 21, 34, 35, 24, 52, 9, 38, 44, 45, 46, 40, 77, 6, 17, 8, 7, 74, 58, 0, 63, 27, 28]
index list energy: 12901558.329114737Done

iterations:1000, temp:1000000.0, exponent:0.7, eif:300.0
time taken (sec): 0.1841728687286377
number of iterations: 1000
og index list: [9, 19, 26, 60, 63, 2, 27, 35, 11, 32, 43, 57, 78, 77, 8, 22, 40, 70, 14, 47, 73, 45, 5, 24, 58, 52, 33, 28, 10, 18, 56, 72, 65, 30, 23, 1, 38, 71, 59, 3, 41, 31, 37, 51, 74, 68, 34, 25, 7, 29, 0, 12, 36, 54, 69, 42, 79, 67, 76, 48, 4, 39, 46, 21, 6, 17, 55, 13, 50, 66, 53, 20, 15, 44, 49, 62, 75, 16, 61, 64]
og index list energy: 123232669.4016916
index list: [55, 24, 12, 13, 3, 5, 17, 2, 41, 4, 42, 7, 75, 31, 67, 56, 10, 70, 53, 36, 18, 39, 68, 33, 16, 52, 29, 28, 43, 45, 9, 76, 26, 27, 23, 59, 65, 0, 19, 20, 71, 63, 50, 51, 74, 62, 11, 79, 22, 77, 72, 66, 14, 32, 60, 35, 48, 58, 61, 57, 47, 73, 15, 46, 21, 34, 78, 8, 44, 54, 64, 37, 38, 6, 25, 40, 69, 1, 49, 30]
index list energy: 12174022.529519556Done

iterations:1000, temp:1000000.0, exponent:0.7, eif:300.0
time taken (sec): 0.24019885063171387
number of iterations: 1000
og index list: [2, 46, 45, 70, 50, 10, 28, 3, 64, 24, 7, 36, 42, 25, 37, 20, 26, 5, 44, 67, 75, 53, 57, 8, 0, 12, 14, 23, 13, 41, 6, 65, 34, 61, 54, 79, 77, 48, 78, 16, 17, 56, 15, 66, 1, 73, 43, 21, 27, 18, 38, 76, 40, 11, 60, 30, 39, 62, 71, 33, 31, 72, 9, 22, 49, 4, 55, 32, 63, 52, 74, 58, 59, 51, 35, 69, 29, 68, 47, 19]
og index list energy: 101400890.1093362
index list: [2, 46, 39, 79, 63, 22, 18, 9, 40, 6, 7, 23, 42, 33, 55, 69, 26, 77, 70, 71, 10, 58, 61, 76, 43, 3, 20, 12, 57, 14, 56, 38, 53, 45, 16, 49, 30, 64, 4, 25, 75, 34, 19, 5, 1, 8, 59, 21, 27, 28, 17, 37, 15, 35, 48, 62, 29, 50, 11, 0, 73, 24, 60, 31, 52, 72, 51, 36, 78, 47, 44, 74, 54, 13, 32, 65, 66, 67, 68, 41]
index list energy: 14252559.495646931Done

iterations:1000, temp:1000000.0, exponent:0.7, eif:300.0
time taken (sec): 0.12794804573059082
number of iterations: 1000
og index list: [28, 53, 6, 8, 33, 46, 0, 54, 27, 5, 10, 68, 51, 72, 44, 35, 77, 37, 17, 78, 29, 30, 32, 41, 48, 50, 64, 73, 62, 63, 47, 79, 45, 7, 38, 75, 56, 36, 25, 61, 16, 71, 58, 34, 43, 4, 2, 52, 70, 12, 31, 57, 39, 24, 49, 9, 42, 59, 67, 69, 65, 15, 3, 20, 19, 26, 22, 60, 21, 40, 11, 74, 13, 23, 76, 1, 55, 66, 18, 14]
og index list energy: 100209737.25551994
index list: [28, 43, 6, 59, 26, 2, 32, 25, 56, 70, 15, 61, 22, 30, 44, 35, 45, 16, 20, 21, 34, 76, 5, 63, 19, 40, 11, 13, 46, 4, 3, 24, 79, 23, 0, 39, 10, 17, 78, 33, 49, 18, 54, 62, 36, 52, 42, 53, 31, 67, 57, 41, 65, 37, 55, 12, 75, 38, 47, 69, 7, 8, 51, 58, 64, 73, 50, 48, 71, 66, 29, 77, 9, 60, 1, 27, 74, 14, 68, 72]
index list energy: 14211504.536738662Done

iterations:1000, temp:1000000.0, exponent:0.7, eif:300.0
time taken (sec): 0.19880294799804688
number of iterations: 1000
og index list: [8, 6, 33, 16, 46, 41, 36, 29, 75, 68, 76, 38, 53, 0, 17, 43, 18, 19, 67, 3, 4, 62, 32, 30, 28, 58, 39, 11, 12, 35, 56, 66, 50, 60, 26, 42, 15, 40, 57, 79, 47, 59, 52, 1, 64, 20, 63, 70, 45, 7, 44, 9, 21, 34, 10, 78, 2, 48, 61, 71, 54, 37, 24, 74, 5, 31, 77, 27, 23, 14, 22, 69, 51, 73, 13, 25, 72, 49, 65, 55]
og index list energy: 101730164.06217864
index list: [65, 60, 61, 62, 72, 32, 47, 73, 26, 64, 38, 9, 71, 19, 68, 7, 18, 3, 74, 45, 63, 34, 0, 77, 27, 75, 12, 10, 11, 25, 56, 66, 43, 39, 4, 78, 30, 31, 50, 41, 57, 67, 20, 52, 24, 13, 54, 48, 76, 2, 1, 8, 49, 44, 69, 17, 28, 14, 51, 6, 15, 33, 22, 23, 42, 53, 70, 21, 79, 35, 36, 37, 58, 55, 5, 59, 40, 46, 16, 29]
index list energy: 10620359.006064575Done

iterations:1000, temp:1000000.0, exponent:0.7, eif:300.0
time taken (sec): 0.14173197746276855
number of iterations: 1000
og index list: [1, 14, 17, 3, 18, 52, 61, 29, 43, 38, 6, 78, 54, 12, 2, 75, 49, 15, 4, 48, 27, 59, 73, 40, 36, 26, 77, 20, 50, 45, 28, 32, 8, 34, 70, 19, 79, 24, 41, 9, 60, 72, 46, 74, 42, 5, 31, 57, 13, 30, 56, 10, 69, 0, 71, 67, 22, 16, 37, 65, 62, 25, 68, 39, 76, 51, 47, 63, 55, 33, 23, 64, 11, 35, 7, 21, 66, 44, 53, 58]
og index list energy: 114893457.44736052
index list: [22, 0, 36, 61, 65, 52, 14, 29, 49, 28, 6, 42, 69, 12, 79, 31, 19, 56, 60, 77, 16, 38, 4, 40, 78, 43, 26, 18, 5, 73, 13, 32, 21, 55, 15, 41, 71, 25, 20, 68, 63, 34, 54, 50, 3, 66, 72, 48, 27, 30, 35, 51, 33, 37, 10, 59, 17, 64, 57, 7, 23, 1, 2, 45, 46, 53, 9, 47, 58, 74, 62, 11, 39, 76, 24, 75, 8, 44, 67, 70]
index list energy: 14875404.627316728Done

iterations:1000, temp:1000000.0, exponent:0.7, eif:300.0
time taken (sec): 0.1550290584564209
number of iterations: 1000
og index list: [56, 77, 8, 47, 11, 40, 65, 72, 14, 15, 9, 68, 0, 61, 24, 2, 51, 76, 70, 26, 73, 3, 37, 12, 35, 52, 63, 20, 78, 7, 43, 31, 71, 16, 57, 17, 23, 29, 49, 21, 62, 50, 5, 67, 60, 34, 1, 44, 46, 19, 42, 32, 30, 58, 28, 69, 38, 79, 25, 48, 33, 4, 59, 27, 55, 66, 36, 54, 53, 10, 18, 39, 13, 75, 74, 45, 41, 6, 64, 22]
og index list energy: 95730927.48059426
index list: [40, 63, 37, 78, 13, 3, 20, 22, 28, 72, 15, 7, 8, 51, 59, 68, 44, 50, 19, 0, 73, 57, 46, 48, 61, 52, 24, 47, 54, 6, 67, 25, 56, 65, 76, 10, 11, 49, 2, 39, 26, 23, 5, 4, 21, 34, 74, 18, 58, 55, 42, 33, 62, 17, 75, 9, 38, 32, 77, 66, 14, 70, 71, 29, 27, 30, 36, 79, 60, 16, 69, 43, 53, 31, 35, 45, 41, 64, 12, 1]
index list energy: 13529359.130009005Done

iterations:1000, temp:1000000.0, exponent:0.7, eif:300.0
time taken (sec): 0.10260605812072754
number of iterations: 1000
og index list: [0, 19, 24, 22, 14, 78, 5, 18, 64, 59, 54, 32, 45, 52, 33, 38, 25, 29, 79, 31, 72, 7, 10, 39, 65, 3, 1, 36, 43, 9, 16, 55, 75, 62, 58, 66, 69, 57, 49, 50, 27, 6, 51, 41, 12, 76, 28, 34, 35, 71, 2, 11, 56, 77, 21, 68, 13, 20, 48, 61, 26, 60, 17, 4, 37, 40, 63, 44, 30, 46, 67, 70, 23, 47, 42, 8, 73, 15, 53, 74]
og index list energy: 110306284.71636075
index list: [41, 21, 48, 27, 2, 46, 51, 5, 63, 6, 56, 4, 20, 52, 33, 10, 45, 39, 57, 32, 15, 29, 74, 70, 49, 30, 78, 62, 47, 19, 66, 68, 67, 26, 28, 53, 54, 55, 24, 58, 22, 23, 59, 25, 60, 31, 16, 1, 0, 9, 13, 3, 40, 76, 12, 71, 37, 75, 18, 17, 50, 72, 14, 38, 73, 69, 43, 36, 34, 35, 7, 77, 8, 42, 79, 61, 64, 44, 11, 65]
index list energy: 14568805.16830061Done

iterations:1000, temp:1000000.0, exponent:0.7, eif:300.0
time taken (sec): 0.13668608665466309
number of iterations: 1000
og index list: [19, 76, 27, 20, 44, 64, 23, 77, 72, 57, 10, 34, 60, 17, 38, 3, 53, 30, 32, 36, 6, 40, 43, 37, 26, 52, 8, 1, 56, 31, 73, 69, 35, 75, 70, 28, 22, 18, 25, 58, 71, 42, 39, 4, 55, 16, 61, 45, 7, 29, 15, 48, 46, 50, 12, 9, 21, 78, 54, 67, 2, 63, 49, 62, 79, 11, 0, 33, 51, 66, 14, 74, 13, 59, 24, 68, 47, 5, 41, 65]
og index list energy: 89541992.22783071
index list: [44, 1, 30, 50, 32, 29, 23, 77, 72, 47, 9, 38, 51, 26, 27, 0, 3, 40, 6, 42, 43, 16, 10, 70, 22, 28, 69, 11, 49, 54, 65, 66, 17, 18, 67, 4, 5, 37, 41, 71, 12, 13, 19, 56, 53, 59, 39, 52, 7, 79, 21, 34, 64, 75, 61, 62, 46, 48, 74, 31, 58, 35, 36, 55, 60, 76, 2, 63, 45, 78, 14, 68, 33, 8, 24, 25, 20, 57, 15, 73]
index list energy: 10819750.565154424Done

iterations:1000, temp:1000000.0, exponent:0.7, eif:300.0
time taken (sec): 0.12453985214233398
number of iterations: 1000
og index list: [35, 16, 31, 76, 63, 52, 50, 57, 34, 18, 8, 26, 37, 13, 42, 19, 77, 74, 58, 41, 5, 66, 69, 56, 60, 46, 11, 53, 29, 72, 15, 14, 51, 33, 10, 1, 54, 75, 2, 71, 25, 70, 27, 45, 20, 28, 32, 79, 0, 49, 36, 4, 17, 3, 30, 78, 9, 22, 23, 47, 6, 39, 61, 68, 64, 67, 40, 24, 55, 12, 62, 73, 7, 43, 65, 48, 21, 59, 44, 38]
og index list energy: 106508768.47284262
index list: [21, 35, 78, 28, 63, 52, 60, 76, 22, 8, 73, 26, 30, 45, 54, 55, 20, 65, 71, 47, 48, 46, 67, 32, 74, 3, 51, 38, 17, 2, 16, 79, 23, 56, 5, 1, 18, 6, 14, 43, 9, 10, 11, 68, 72, 44, 69, 59, 37, 27, 77, 19, 57, 7, 0, 70, 13, 41, 12, 66, 50, 36, 31, 58, 34, 61, 64, 39, 40, 49, 33, 62, 29, 75, 4, 24, 25, 15, 53, 42]
index list energy: 13624216.446421817Done

iterations:1000, temp:1000000.0, exponent:0.7, eif:300.0
time taken (sec): 0.10547804832458496
number of iterations: 1000
og index list: [59, 29, 33, 35, 1, 26, 64, 48, 68, 66, 10, 55, 79, 49, 42, 74, 56, 15, 58, 52, 62, 70, 5, 67, 2, 50, 37, 13, 63, 6, 16, 31, 22, 12, 53, 47, 39, 7, 61, 4, 71, 45, 76, 28, 24, 30, 65, 19, 73, 25, 60, 69, 27, 23, 72, 44, 54, 38, 43, 17, 21, 41, 11, 9, 40, 8, 18, 36, 75, 46, 77, 3, 32, 51, 34, 0, 57, 78, 14, 20]
og index list energy: 125217524.02760804
index list: [18, 66, 33, 62, 4, 26, 52, 53, 24, 60, 37, 40, 36, 64, 9, 57, 51, 27, 23, 0, 44, 19, 14, 74, 58, 50, 67, 70, 15, 72, 11, 5, 3, 10, 45, 32, 59, 71, 56, 21, 12, 68, 69, 31, 1, 28, 43, 6, 7, 8, 41, 55, 42, 29, 30, 79, 54, 38, 63, 35, 16, 47, 75, 17, 78, 20, 48, 49, 61, 22, 77, 2, 73, 13, 39, 25, 65, 76, 46, 34]
index list energy: 16631956.980339631Done

iterations:1000, temp:1000000.0, exponent:0.7, eif:300.0
time taken (sec): 0.13782191276550293
number of iterations: 1000
og index list: [8, 59, 10, 54, 77, 5, 40, 31, 69, 50, 12, 0, 22, 26, 67, 33, 75, 7, 29, 53, 1, 30, 19, 36, 13, 2, 3, 28, 16, 42, 9, 35, 46, 23, 79, 25, 48, 18, 17, 60, 78, 45, 58, 76, 64, 47, 61, 62, 4, 56, 49, 27, 43, 70, 51, 63, 20, 74, 34, 55, 72, 39, 73, 66, 68, 44, 32, 11, 6, 21, 57, 24, 15, 38, 41, 71, 52, 14, 37, 65]
og index list energy: 82237545.22056934
index list: [8, 65, 13, 41, 64, 32, 26, 79, 27, 23, 33, 22, 0, 74, 43, 58, 61, 55, 14, 24, 52, 53, 63, 35, 59, 40, 16, 46, 39, 4, 57, 7, 77, 18, 45, 44, 51, 36, 3, 60, 31, 5, 72, 1, 30, 75, 34, 76, 29, 28, 67, 12, 10, 54, 38, 73, 66, 11, 48, 62, 69, 70, 71, 25, 68, 42, 78, 19, 21, 50, 17, 37, 2, 47, 49, 9, 15, 6, 56, 20]
index list energy: 10813848.442937871Done

iterations:1000, temp:1000000.0, exponent:0.7, eif:300.0
time taken (sec): 0.13714313507080078
number of iterations: 1000
og index list: [10, 47, 36, 31, 6, 55, 34, 18, 28, 71, 13, 76, 70, 5, 39, 53, 8, 11, 30, 75, 9, 69, 65, 2, 22, 51, 41, 57, 58, 33, 20, 17, 45, 43, 40, 77, 42, 0, 44, 59, 21, 62, 79, 74, 29, 67, 23, 49, 54, 50, 56, 3, 27, 64, 72, 48, 38, 66, 60, 7, 32, 35, 37, 68, 52, 12, 24, 25, 1, 4, 15, 19, 26, 78, 63, 14, 46, 61, 73, 16]
og index list energy: 121119706.96173047
index list: [12, 60, 61, 62, 36, 74, 29, 18, 32, 25, 10, 3, 66, 75, 37, 64, 56, 57, 73, 40, 46, 16, 5, 76, 19, 68, 67, 26, 27, 23, 14, 7, 8, 42, 17, 34, 35, 58, 31, 63, 78, 28, 72, 50, 11, 24, 13, 44, 54, 65, 38, 41, 20, 21, 52, 53, 39, 4, 43, 6, 15, 47, 48, 55, 59, 77, 70, 0, 79, 45, 1, 30, 49, 2, 9, 71, 51, 69, 33, 22]
index list energy: 9349844.684051948Done

iterations:1000, temp:1000000.0, exponent:0.7, eif:300.0
time taken (sec): 0.11545109748840332
number of iterations: 1000
og index list: [15, 79, 1, 30, 7, 37, 8, 71, 10, 5, 12, 45, 40, 9, 48, 72, 52, 42, 60, 41, 43, 27, 34, 49, 51, 57, 62, 14, 67, 32, 50, 29, 70, 61, 55, 23, 19, 66, 68, 35, 26, 16, 58, 33, 69, 65, 11, 73, 39, 4, 21, 47, 59, 75, 78, 20, 31, 25, 0, 36, 6, 2, 63, 28, 54, 76, 44, 18, 17, 22, 13, 24, 74, 53, 3, 64, 56, 38, 77, 46]
og index list energy: 92929244.48336838
index list: [61, 34, 35, 53, 9, 10, 11, 25, 0, 3, 65, 4, 75, 38, 26, 79, 31, 58, 55, 70, 50, 33, 62, 46, 73, 68, 42, 43, 54, 77, 59, 29, 23, 5, 32, 15, 19, 52, 14, 56, 66, 17, 18, 48, 64, 39, 13, 69, 24, 71, 60, 78, 44, 36, 37, 12, 21, 22, 30, 51, 27, 28, 49, 2, 72, 67, 40, 41, 16, 47, 63, 74, 8, 6, 7, 76, 20, 57, 45, 1]
index list energy: 10503728.880795605Done

iterations:1000, temp:1000000.0, exponent:0.7, eif:300.0
time taken (sec): 0.12230587005615234
number of iterations: 1000
og index list: [30, 61, 34, 18, 70, 50, 25, 11, 51, 73, 59, 42, 60, 46, 7, 3, 63, 26, 48, 5, 39, 53, 55, 71, 16, 32, 43, 62, 29, 76, 24, 21, 19, 13, 14, 2, 10, 38, 74, 72, 15, 56, 41, 31, 65, 57, 9, 78, 0, 35, 1, 69, 52, 6, 8, 77, 67, 33, 45, 66, 17, 36, 40, 28, 20, 75, 79, 68, 49, 22, 27, 64, 23, 44, 37, 58, 12, 54, 4, 47]
og index list energy: 104573413.1855415
index list: [30, 61, 34, 55, 26, 50, 41, 53, 54, 48, 64, 47, 44, 49, 31, 32, 70, 12, 10, 72, 37, 59, 51, 36, 57, 16, 24, 21, 22, 75, 2, 19, 20, 15, 29, 18, 9, 71, 38, 67, 69, 33, 62, 73, 68, 14, 39, 4, 60, 35, 1, 8, 78, 45, 11, 65, 52, 43, 46, 79, 3, 25, 13, 6, 42, 7, 74, 58, 0, 77, 27, 23, 5, 56, 40, 63, 76, 66, 17, 28]
index list energy: 11555737.037229367Done

iterations:1000, temp:1000000.0, exponent:0.7, eif:300.0
time taken (sec): 0.11172890663146973
number of iterations: 1000
og index list: [0, 26, 6, 77, 39, 13, 35, 5, 18, 55, 11, 52, 68, 10, 53, 1, 65, 41, 69, 30, 4, 43, 21, 44, 47, 60, 40, 48, 33, 37, 14, 70, 61, 58, 54, 51, 66, 3, 34, 36, 50, 29, 56, 7, 75, 78, 74, 19, 32, 24, 2, 76, 28, 38, 73, 59, 20, 31, 8, 17, 46, 71, 72, 57, 22, 25, 9, 27, 49, 15, 79, 63, 62, 12, 42, 45, 64, 67, 23, 16]
og index list energy: 101459635.67642166
index list: [37, 26, 27, 28, 43, 73, 5, 77, 63, 62, 67, 4, 7, 2, 9, 71, 56, 10, 1, 18, 70, 47, 44, 41, 0, 19, 79, 30, 45, 76, 68, 69, 53, 6, 17, 34, 50, 58, 61, 64, 22, 23, 24, 13, 16, 20, 65, 25, 60, 31, 42, 33, 49, 29, 74, 35, 11, 21, 75, 54, 55, 57, 46, 14, 52, 51, 48, 38, 36, 78, 8, 3, 15, 72, 39, 66, 59, 12, 40, 32]
index list energy: 10535078.884466844Done

iterations:1000, temp:1000000.0, exponent:0.7, eif:300.0
time taken (sec): 0.14344096183776855
number of iterations: 1000
og index list: [38, 50, 67, 66, 48, 9, 26, 28, 2, 46, 79, 19, 29, 44, 33, 10, 1, 68, 58, 34, 72, 20, 0, 22, 77, 27, 42, 31, 32, 57, 49, 64, 76, 74, 69, 39, 5, 24, 47, 65, 15, 36, 12, 17, 70, 75, 21, 52, 37, 55, 18, 13, 4, 23, 35, 30, 51, 63, 56, 60, 41, 59, 25, 45, 3, 54, 7, 78, 43, 40, 62, 71, 73, 11, 14, 6, 16, 53, 61, 8]
og index list energy: 96847125.91344838
index list: [65, 79, 35, 72, 39, 68, 7, 8, 11, 71, 26, 27, 23, 60, 49, 52, 19, 69, 70, 76, 73, 66, 33, 55, 36, 41, 51, 10, 43, 14, 5, 67, 77, 28, 9, 22, 0, 1, 75, 18, 16, 12, 25, 40, 3, 4, 29, 78, 64, 24, 15, 6, 63, 62, 42, 17, 30, 31, 45, 46, 59, 20, 21, 13, 54, 57, 58, 37, 56, 74, 2, 47, 50, 53, 44, 32, 38, 48, 34, 61]
index list energy: 11953821.853209516Done

iterations:1000, temp:1000000.0, exponent:0.7, eif:300.0
time taken (sec): 0.10804891586303711
number of iterations: 1000
og index list: [29, 41, 67, 57, 13, 59, 26, 22, 18, 54, 66, 76, 28, 1, 15, 53, 14, 30, 72, 27, 73, 40, 39, 79, 42, 19, 71, 0, 68, 45, 9, 24, 64, 51, 2, 32, 70, 60, 46, 17, 74, 61, 10, 8, 35, 44, 47, 36, 25, 43, 52, 50, 62, 6, 23, 63, 31, 78, 37, 4, 55, 65, 49, 12, 16, 56, 5, 34, 38, 7, 21, 58, 48, 3, 77, 20, 69, 75, 11, 33]
og index list energy: 92856869.04590598
index list: [55, 24, 25, 5, 31, 19, 75, 1, 18, 59, 66, 54, 34, 74, 23, 70, 26, 30, 51, 27, 2, 21, 62, 50, 36, 37, 13, 48, 16, 14, 79, 69, 67, 20, 49, 71, 63, 0, 46, 39, 60, 61, 64, 47, 17, 76, 65, 4, 7, 77, 28, 6, 52, 73, 12, 10, 72, 9, 57, 29, 8, 32, 15, 45, 11, 78, 56, 38, 58, 35, 44, 3, 40, 53, 42, 43, 41, 68, 33, 22]
index list energy: 13371152.437752604Done

iterations:1000, temp:1000000.0, exponent:0.7, eif:300.0
time taken (sec): 0.10041594505310059
number of iterations: 1000
og index list: [60, 0, 71, 53, 39, 77, 19, 61, 44, 30, 13, 29, 55, 12, 41, 35, 25, 28, 18, 42, 46, 24, 64, 36, 79, 43, 11, 78, 65, 31, 76, 73, 38, 6, 52, 17, 66, 50, 7, 63, 34, 2, 57, 20, 26, 72, 15, 67, 69, 27, 1, 33, 49, 23, 21, 4, 45, 8, 59, 9, 75, 3, 51, 56, 54, 22, 70, 47, 68, 40, 10, 16, 14, 74, 62, 58, 32, 48, 5, 37]
og index list energy: 127966821.97190244
index list: [59, 60, 61, 65, 24, 66, 67, 50, 53, 19, 15, 26, 75, 22, 23, 7, 76, 28, 11, 39, 68, 3, 13, 16, 79, 42, 33, 34, 35, 32, 12, 52, 70, 58, 77, 14, 0, 36, 78, 18, 41, 57, 47, 9, 10, 72, 69, 44, 51, 27, 30, 49, 38, 37, 21, 62, 29, 8, 63, 74, 5, 54, 71, 4, 43, 48, 31, 17, 2, 73, 40, 46, 45, 6, 1, 64, 55, 20, 56, 25]
index list energy: 13280536.02851465Done

iterations:1000, temp:1000000.0, exponent:0.7, eif:300.0
time taken (sec): 0.13240599632263184
number of iterations: 1000
og index list: [33, 35, 51, 78, 29, 57, 28, 60, 9, 8, 21, 52, 4, 67, 23, 26, 64, 53, 13, 12, 17, 42, 24, 5, 65, 45, 15, 75, 70, 32, 66, 37, 38, 44, 54, 31, 40, 22, 63, 27, 0, 2, 18, 56, 76, 58, 72, 11, 69, 7, 25, 14, 68, 74, 20, 36, 10, 19, 1, 43, 49, 34, 48, 77, 41, 55, 39, 59, 3, 16, 62, 47, 46, 6, 30, 50, 61, 79, 71, 73]
og index list energy: 107939841.7362193
index list: [67, 13, 47, 39, 68, 29, 28, 14, 5, 6, 49, 22, 75, 40, 58, 35, 73, 4, 20, 66, 70, 37, 64, 44, 31, 79, 27, 23, 1, 2, 11, 12, 48, 78, 18, 51, 72, 59, 24, 21, 50, 76, 15, 45, 41, 60, 61, 34, 3, 71, 56, 25, 57, 19, 10, 46, 63, 26, 74, 65, 7, 0, 17, 8, 36, 55, 43, 32, 38, 9, 52, 69, 42, 77, 30, 54, 62, 16, 53, 33]
index list energy: 14059249.891012365Done

iterations:1000, temp:1000000.0, exponent:0.7, eif:300.0
time taken (sec): 0.15829992294311523
number of iterations: 1000
og index list: [49, 45, 54, 1, 52, 22, 39, 78, 29, 18, 67, 27, 69, 6, 48, 12, 53, 74, 15, 31, 10, 32, 73, 76, 46, 8, 62, 56, 19, 23, 26, 77, 25, 63, 38, 17, 72, 40, 4, 24, 57, 34, 68, 14, 3, 58, 79, 33, 0, 43, 28, 13, 7, 47, 44, 42, 51, 37, 36, 21, 41, 2, 71, 50, 65, 35, 59, 11, 30, 61, 20, 55, 9, 5, 70, 16, 66, 75, 64, 60]
og index list energy: 91420857.75467244
index list: [33, 55, 6, 58, 77, 22, 23, 69, 17, 18, 45, 19, 68, 29, 78, 56, 60, 37, 57, 31, 43, 14, 72, 41, 79, 8, 53, 1, 2, 51, 70, 20, 15, 63, 38, 71, 47, 44, 54, 64, 73, 5, 46, 34, 61, 62, 11, 4, 40, 32, 74, 59, 21, 39, 52, 42, 67, 12, 76, 35, 48, 50, 36, 0, 3, 66, 24, 10, 75, 9, 13, 16, 65, 25, 26, 27, 30, 49, 28, 7]
index list energy: 10428658.280976199Done

iterations:1000, temp:1000000.0, exponent:0.7, eif:300.0
time taken (sec): 0.1364269256591797
number of iterations: 1000
og index list: [61, 68, 4, 38, 33, 0, 7, 15, 10, 77, 76, 14, 59, 79, 23, 50, 34, 65, 57, 20, 48, 42, 58, 13, 45, 16, 17, 32, 75, 24, 8, 2, 55, 69, 11, 30, 47, 6, 51, 66, 3, 40, 21, 39, 63, 74, 64, 41, 31, 72, 49, 62, 37, 27, 35, 1, 22, 18, 60, 36, 73, 70, 5, 29, 54, 28, 53, 12, 25, 43, 52, 9, 71, 44, 46, 19, 56, 78, 26, 67]
og index list energy: 104137878.85793486
index list: [53, 54, 62, 73, 40, 59, 56, 50, 3, 71, 74, 27, 18, 25, 76, 35, 11, 65, 66, 33, 31, 42, 7, 79, 9, 10, 41, 48, 64, 4, 24, 12, 78, 21, 22, 30, 47, 6, 70, 15, 32, 52, 69, 75, 8, 44, 45, 19, 20, 5, 63, 57, 58, 77, 28, 29, 2, 16, 60, 61, 34, 1, 23, 43, 67, 68, 72, 51, 13, 39, 49, 17, 37, 38, 46, 36, 55, 14, 26, 0]
index list energy: 13364032.310032124Done

iterations:1000, temp:1000000.0, exponent:0.7, eif:300.0
time taken (sec): 0.2198169231414795
number of iterations: 1000
og index list: [75, 30, 2, 5, 60, 6, 37, 17, 46, 74, 1, 24, 36, 57, 11, 76, 58, 68, 59, 18, 44, 16, 4, 79, 67, 28, 55, 66, 70, 49, 56, 33, 41, 32, 9, 45, 43, 69, 47, 27, 22, 21, 53, 29, 14, 78, 26, 12, 38, 0, 65, 48, 42, 23, 20, 25, 71, 3, 10, 35, 19, 77, 31, 64, 7, 34, 39, 40, 51, 62, 52, 13, 61, 50, 73, 8, 63, 15, 54, 72]
og index list energy: 127490775.2965702
index list: [64, 32, 39, 57, 25, 20, 52, 17, 2, 19, 15, 9, 10, 3, 26, 27, 28, 74, 66, 42, 43, 6, 7, 30, 61, 34, 16, 47, 36, 55, 5, 73, 4, 0, 1, 18, 41, 13, 46, 44, 50, 24, 71, 29, 23, 76, 8, 72, 69, 11, 65, 40, 77, 35, 14, 59, 60, 31, 54, 58, 37, 21, 22, 49, 38, 51, 56, 78, 33, 62, 63, 75, 48, 79, 53, 45, 70, 12, 68, 67]
index list energy: 7797547.808396999Done

iterations:1000, temp:1000000.0, exponent:0.7, eif:300.0
time taken (sec): 0.10521101951599121
number of iterations: 1000
og index list: [79, 37, 69, 76, 1, 43, 22, 12, 40, 39, 56, 77, 16, 32, 2, 29, 23, 19, 46, 72, 61, 38, 11, 68, 55, 8, 59, 26, 31, 41, 42, 63, 57, 53, 15, 13, 20, 78, 5, 4, 28, 18, 62, 58, 67, 34, 35, 52, 25, 45, 50, 21, 47, 73, 54, 9, 10, 33, 14, 27, 48, 44, 17, 60, 65, 36, 74, 70, 7, 66, 49, 3, 64, 24, 71, 51, 75, 6, 30, 0]
