iterations:500, temp:1000000.0, exponent:0.7, eif:300.0
time taken (sec): 7.418653964996338
number of iterations: 500
og index list: [453, 136, 429, 9, 89, 146, 278, 50, 472, 55, 115, 368, 434, 202, 303, 54, 73, 415, 238, 423, 241, 75, 243, 380, 343, 200, 433, 183, 135, 254, 411, 282, 469, 99, 11, 88, 166, 18, 152, 266, 327, 311, 22, 13, 160, 387, 427, 66, 356, 116, 198, 179, 145, 283, 339, 273, 338, 100, 355, 58, 255, 4, 3, 465, 19, 143, 466, 265, 298, 169, 312, 244, 168, 246, 471, 285, 92, 290, 114, 236, 442, 141, 130, 39, 121, 277, 354, 409, 113, 319, 15, 270, 357, 390, 32, 321, 227, 452, 159, 216, 318, 346, 86, 268, 351, 57, 157, 102, 101, 362, 400, 139, 193, 347, 98, 225, 120, 224, 342, 350, 20, 292, 389, 371, 163, 154, 180, 379, 85, 87, 91, 174, 182, 305, 45, 438, 64, 269, 234, 437, 173, 293, 381, 359, 449, 337, 229, 421, 34, 134, 164, 186, 378, 313, 212, 440, 445, 467, 401, 297, 422, 310, 369, 228, 76, 155, 122, 384, 300, 124, 59, 340, 205, 95, 413, 461, 199, 286, 394, 428, 123, 391, 406, 301, 210, 61, 150, 441, 454, 432, 90, 170, 25, 68, 209, 118, 158, 436, 326, 6, 8, 408, 335, 128, 459, 232, 418, 117, 388, 366, 208, 176, 103, 43, 12, 272, 247, 46, 374, 443, 104, 137, 315, 177, 463, 21, 332, 399, 93, 365, 77, 2, 295, 373, 363, 341, 129, 251, 44, 323, 385, 105, 464, 235, 167, 71, 281, 110, 196, 239, 257, 197, 331, 260, 49, 424, 79, 162, 10, 24, 306, 63, 69, 330, 435, 426, 245, 439, 358, 226, 336, 16, 41, 425, 242, 47, 1, 213, 322, 446, 14, 252, 275, 256, 42, 106, 302, 263, 448, 35, 211, 287, 414, 78, 344, 470, 377, 53, 72, 372, 271, 345, 309, 456, 253, 447, 203, 392, 127, 192, 29, 48, 214, 165, 450, 451, 151, 237, 296, 36, 149, 94, 420, 17, 144, 125, 0, 230, 189, 405, 221, 142, 320, 80, 190, 222, 175, 367, 111, 172, 240, 30, 178, 316, 455, 250, 348, 223, 364, 65, 304, 38, 217, 416, 33, 419, 31, 289, 206, 324, 74, 218, 361, 82, 261, 126, 386, 96, 259, 138, 147, 181, 133, 460, 119, 328, 404, 184, 207, 60, 194, 258, 457, 334, 264, 284, 353, 51, 274, 267, 360, 140, 249, 473, 248, 109, 185, 430, 215, 27, 325, 431, 81, 156, 383, 191, 262, 398, 62, 280, 112, 204, 299, 444, 161, 52, 195, 56, 393, 329, 375, 131, 376, 108, 188, 233, 417, 291, 231, 84, 83, 26, 410, 107, 23, 219, 397, 97, 395, 402, 307, 349, 5, 276, 220, 403, 153, 28, 370, 294, 171, 132, 314, 288, 352, 187, 37, 462, 468, 317, 382, 70, 279, 396, 201, 308, 40, 7, 458, 407, 67, 333, 412, 148]
og index list energy: 148973298.78430876
index list: [29, 136, 283, 419, 299, 175, 233, 228, 472, 103, 329, 368, 434, 151, 139, 308, 156, 442, 238, 195, 302, 421, 313, 346, 343, 200, 60, 183, 135, 296, 389, 281, 469, 320, 408, 21, 162, 94, 152, 341, 235, 5, 22, 384, 172, 387, 72, 16, 64, 294, 372, 179, 145, 123, 178, 340, 269, 82, 355, 147, 332, 425, 349, 392, 19, 143, 466, 356, 90, 112, 373, 9, 263, 246, 270, 321, 92, 290, 114, 236, 199, 222, 130, 39, 429, 89, 273, 441, 113, 101, 439, 133, 465, 15, 32, 418, 230, 244, 159, 376, 192, 457, 403, 268, 214, 252, 157, 221, 319, 362, 79, 461, 57, 149, 437, 225, 120, 13, 459, 359, 20, 292, 97, 369, 163, 154, 180, 295, 374, 87, 91, 115, 194, 351, 45, 280, 265, 226, 234, 98, 182, 37, 471, 350, 316, 23, 277, 105, 141, 134, 164, 36, 272, 25, 132, 440, 109, 342, 229, 360, 26, 386, 51, 338, 148, 348, 122, 381, 300, 260, 59, 55, 293, 95, 198, 447, 337, 286, 394, 428, 102, 212, 406, 48, 210, 61, 150, 56, 413, 196, 266, 347, 363, 68, 209, 38, 158, 63, 414, 365, 8, 452, 335, 128, 467, 314, 278, 438, 404, 276, 248, 176, 443, 43, 187, 204, 247, 46, 161, 155, 304, 137, 315, 227, 110, 88, 305, 357, 93, 6, 77, 2, 454, 393, 49, 217, 129, 251, 44, 323, 253, 354, 224, 388, 202, 71, 282, 166, 312, 174, 53, 197, 382, 124, 289, 167, 146, 18, 116, 24, 306, 367, 69, 330, 287, 426, 245, 239, 203, 371, 336, 99, 390, 4, 339, 47, 184, 213, 3, 379, 14, 193, 275, 256, 42, 400, 67, 168, 358, 35, 211, 240, 104, 78, 12, 310, 40, 220, 427, 118, 395, 345, 205, 361, 385, 218, 257, 399, 127, 318, 453, 446, 206, 165, 450, 451, 424, 237, 254, 186, 298, 284, 420, 17, 144, 96, 0, 216, 189, 405, 334, 142, 66, 80, 190, 34, 125, 410, 160, 41, 242, 30, 117, 449, 436, 250, 353, 223, 364, 138, 62, 181, 397, 243, 33, 74, 370, 326, 121, 324, 208, 322, 331, 100, 456, 126, 173, 119, 111, 52, 366, 58, 106, 460, 432, 328, 464, 1, 207, 352, 231, 108, 380, 377, 264, 435, 378, 259, 468, 267, 391, 28, 249, 417, 303, 445, 85, 430, 215, 27, 11, 431, 81, 73, 383, 191, 262, 398, 177, 422, 153, 470, 170, 444, 285, 86, 423, 327, 140, 333, 375, 131, 185, 301, 188, 317, 473, 171, 255, 84, 83, 31, 416, 65, 415, 219, 291, 411, 271, 402, 307, 232, 311, 463, 325, 70, 169, 455, 297, 279, 458, 409, 75, 288, 201, 344, 309, 462, 274, 107, 261, 50, 10, 396, 433, 54, 407, 7, 401, 448, 241, 258, 412, 76]
index list energy: 39825380.202070035Done

iterations:500, temp:1000000.0, exponent:0.7, eif:300.0
time taken (sec): 7.078248023986816
number of iterations: 500
og index list: [262, 399, 438, 51, 255, 8, 266, 417, 471, 173, 408, 19, 217, 70, 20, 332, 98, 207, 86, 122, 341, 108, 102, 171, 352, 435, 361, 137, 267, 298, 87, 268, 465, 462, 14, 271, 113, 228, 2, 461, 118, 467, 148, 459, 161, 257, 85, 396, 31, 429, 162, 423, 65, 320, 360, 258, 238, 421, 39, 79, 457, 334, 447, 322, 80, 3, 288, 441, 176, 329, 149, 379, 362, 64, 337, 456, 157, 150, 7, 127, 144, 346, 269, 66, 61, 440, 410, 282, 464, 23, 340, 391, 450, 143, 141, 432, 174, 279, 121, 169, 335, 67, 5, 36, 123, 284, 52, 312, 336, 394, 48, 358, 307, 0, 371, 213, 178, 272, 355, 470, 199, 330, 428, 443, 453, 315, 259, 180, 468, 124, 318, 146, 6, 53, 300, 313, 303, 84, 220, 179, 301, 451, 328, 372, 323, 420, 71, 229, 270, 418, 243, 101, 366, 164, 218, 107, 374, 37, 11, 342, 452, 357, 351, 44, 283, 28, 434, 232, 345, 69, 256, 78, 395, 129, 390, 472, 311, 463, 106, 75, 94, 165, 170, 15, 354, 252, 133, 254, 115, 88, 49, 314, 353, 324, 406, 131, 424, 444, 83, 349, 196, 295, 241, 306, 93, 224, 460, 276, 333, 359, 216, 186, 29, 244, 200, 455, 43, 195, 104, 201, 338, 240, 209, 166, 135, 132, 226, 110, 409, 260, 384, 281, 89, 273, 139, 277, 145, 419, 210, 310, 215, 212, 446, 249, 81, 56, 40, 202, 22, 412, 302, 442, 263, 183, 97, 189, 153, 274, 17, 287, 76, 437, 42, 91, 383, 388, 190, 326, 111, 246, 299, 431, 343, 130, 95, 251, 248, 4, 392, 422, 194, 375, 305, 35, 134, 369, 120, 286, 350, 222, 60, 280, 156, 278, 160, 9, 206, 112, 147, 59, 114, 403, 57, 445, 184, 223, 116, 185, 211, 265, 34, 55, 297, 386, 90, 47, 364, 425, 1, 72, 411, 24, 167, 404, 325, 405, 103, 109, 426, 219, 126, 339, 13, 38, 289, 21, 154, 203, 344, 191, 192, 50, 275, 182, 245, 448, 291, 387, 136, 27, 18, 214, 158, 177, 99, 398, 367, 63, 415, 247, 373, 204, 285, 208, 316, 414, 237, 261, 382, 407, 458, 400, 175, 10, 304, 294, 296, 233, 427, 227, 119, 54, 413, 26, 205, 140, 41, 12, 234, 439, 242, 436, 365, 68, 393, 378, 319, 389, 151, 363, 45, 290, 236, 138, 473, 317, 466, 142, 187, 356, 292, 92, 449, 100, 309, 454, 416, 155, 225, 221, 128, 198, 168, 469, 193, 401, 381, 293, 33, 380, 73, 370, 96, 77, 239, 172, 82, 397, 230, 385, 16, 188, 105, 368, 32, 25, 74, 197, 347, 62, 235, 402, 331, 58, 433, 30, 377, 46, 348, 231, 308, 163, 376, 327, 253, 321, 430, 264, 250, 159, 181, 152, 125, 117]
