iterations:1000, temp:1000000.0, exponent:0.7, eif:300.0
time taken (sec): 0.9913640022277832
number of iterations: 1000
og index list: [23, 45, 4, 17, 22, 52, 10, 68, 58, 75, 25, 34, 51, 11, 78, 43, 15, 69, 56, 32, 60, 13, 9, 79, 18, 14, 61, 28, 39, 76, 64, 2, 50, 38, 35, 67, 49, 6, 71, 1, 74, 46, 24, 29, 16, 72, 62, 7, 26, 37, 3, 30, 19, 20, 42, 40, 55, 63, 5, 31, 59, 48, 12, 41, 33, 27, 21, 65, 73, 57, 66, 0, 53, 44, 36, 47, 8, 54, 70, 77]
og index list energy: 87658097.23925446
index list: [33, 48, 47, 32, 22, 8, 43, 49, 26, 79, 31, 6, 73, 68, 72, 7, 18, 19, 56, 57, 4, 78, 58, 61, 34, 0, 75, 28, 17, 27, 23, 59, 15, 3, 65, 20, 13, 44, 45, 41, 64, 10, 70, 1, 2, 51, 14, 24, 40, 16, 36, 46, 9, 52, 53, 63, 55, 42, 76, 35, 69, 39, 50, 67, 60, 74, 30, 77, 21, 62, 11, 12, 71, 38, 25, 5, 54, 37, 66, 29]
index list energy: 8907985.215789968Done

iterations:1000, temp:1000000.0, exponent:0.7, eif:300.0
time taken (sec): 0.5614190101623535
number of iterations: 1000
og index list: [74, 9, 8, 41, 34, 70, 27, 77, 44, 14, 11, 45, 60, 13, 17, 63, 18, 28, 79, 62, 66, 73, 58, 72, 1, 71, 55, 10, 25, 47, 49, 21, 52, 50, 57, 31, 40, 42, 0, 48, 20, 69, 26, 33, 78, 3, 22, 38, 68, 29, 64, 35, 30, 59, 37, 2, 51, 43, 16, 76, 4, 24, 53, 56, 15, 61, 6, 5, 36, 65, 54, 32, 12, 46, 7, 23, 39, 67, 75, 19]
og index list energy: 84926122.15673108
index list: [51, 27, 18, 54, 34, 16, 25, 14, 5, 67, 17, 8, 45, 32, 0, 44, 76, 28, 74, 19, 20, 66, 59, 33, 37, 38, 39, 10, 24, 26, 30, 49, 75, 52, 70, 63, 35, 41, 40, 36, 12, 53, 46, 21, 55, 72, 73, 78, 6, 68, 11, 4, 15, 1, 22, 2, 48, 50, 58, 31, 9, 13, 47, 3, 60, 61, 62, 77, 64, 65, 57, 71, 7, 79, 29, 23, 69, 42, 43, 56]
index list energy: 11974345.727815432Done

iterations:1000, temp:1000000.0, exponent:0.7, eif:300.0
time taken (sec): 0.40055298805236816
number of iterations: 1000
og index list: [57, 6, 30, 54, 41, 66, 60, 55, 13, 3, 46, 71, 31, 15, 24, 4, 35, 18, 49, 25, 50, 40, 21, 8, 23, 64, 11, 65, 78, 10, 39, 73, 42, 2, 14, 62, 19, 16, 5, 37, 72, 48, 77, 59, 33, 44, 76, 28, 43, 12, 0, 69, 79, 53, 68, 63, 9, 74, 22, 70, 34, 20, 61, 7, 56, 45, 1, 52, 51, 27, 38, 29, 17, 67, 58, 75, 36, 32, 26, 47]
og index list energy: 109309619.31632239
index list: [75, 27, 30, 35, 44, 32, 69, 59, 60, 37, 34, 61, 55, 14, 53, 16, 41, 52, 9, 78, 66, 70, 57, 15, 11, 48, 22, 74, 62, 43, 36, 21, 64, 24, 25, 0, 46, 58, 76, 18, 47, 65, 20, 13, 45, 54, 2, 73, 68, 5, 77, 29, 8, 1, 28, 42, 17, 49, 33, 50, 51, 67, 40, 6, 56, 10, 63, 31, 71, 19, 7, 23, 72, 3, 4, 12, 26, 79, 38, 39]
index list energy: 11712213.145355787Done

iterations:1000, temp:1000000.0, exponent:0.7, eif:300.0
time taken (sec): 0.4500408172607422
number of iterations: 1000
og index list: [26, 25, 58, 20, 37, 66, 49, 3, 62, 47, 7, 43, 4, 67, 61, 30, 28, 21, 14, 56, 64, 23, 5, 15, 75, 31, 13, 29, 16, 48, 36, 73, 71, 1, 22, 72, 51, 54, 69, 59, 60, 39, 18, 44, 65, 53, 17, 78, 33, 2, 34, 55, 50, 46, 35, 38, 12, 45, 11, 41, 0, 9, 6, 8, 24, 63, 70, 57, 74, 79, 42, 32, 19, 40, 52, 68, 27, 76, 77, 10]
og index list energy: 105167278.2262078
index list: [42, 43, 58, 37, 78, 39, 66, 69, 74, 72, 24, 76, 2, 63, 71, 7, 49, 62, 50, 67, 57, 1, 23, 77, 47, 41, 65, 13, 19, 12, 10, 11, 48, 34, 35, 46, 44, 54, 61, 64, 40, 4, 0, 6, 5, 59, 17, 8, 60, 75, 33, 55, 53, 32, 51, 68, 70, 15, 3, 21, 22, 18, 36, 38, 16, 14, 56, 25, 20, 79, 28, 29, 30, 31, 45, 73, 52, 9, 26, 27]
index list energy: 10325783.964788118Done

iterations:1000, temp:1000000.0, exponent:0.7, eif:300.0
time taken (sec): 0.3297250270843506
number of iterations: 1000
og index list: [72, 40, 43, 61, 21, 50, 3, 64, 27, 76, 62, 13, 60, 32, 7, 56, 68, 69, 73, 33, 30, 17, 35, 12, 15, 10, 78, 65, 22, 77, 5, 53, 59, 8, 2, 6, 9, 57, 20, 67, 51, 23, 37, 25, 38, 29, 39, 1, 58, 75, 26, 11, 31, 48, 46, 0, 44, 47, 41, 14, 45, 42, 4, 71, 34, 54, 24, 49, 28, 36, 79, 18, 19, 16, 55, 52, 70, 63, 66, 74]
og index list energy: 92577458.27925712
index list: [13, 16, 52, 69, 14, 4, 20, 65, 26, 0, 24, 68, 50, 53, 19, 15, 9, 38, 47, 49, 30, 61, 74, 33, 31, 39, 71, 1, 18, 51, 5, 46, 72, 29, 28, 67, 10, 44, 63, 79, 59, 40, 6, 42, 43, 73, 57, 41, 34, 77, 56, 76, 35, 3, 12, 66, 17, 2, 36, 37, 25, 21, 62, 11, 60, 64, 48, 32, 75, 58, 22, 23, 70, 7, 8, 45, 54, 55, 78, 27]
index list energy: 9201439.332247948Done

iterations:1000, temp:1000000.0, exponent:0.7, eif:300.0
time taken (sec): 0.30335497856140137
number of iterations: 1000
og index list: [69, 17, 15, 39, 3, 78, 56, 43, 27, 6, 59, 66, 24, 48, 12, 49, 34, 36, 75, 10, 35, 8, 32, 44, 28, 18, 7, 54, 13, 71, 45, 19, 46, 21, 62, 42, 4, 9, 25, 65, 31, 37, 14, 74, 57, 11, 60, 22, 53, 16, 40, 76, 79, 26, 51, 70, 68, 20, 5, 73, 52, 47, 61, 77, 30, 33, 23, 55, 38, 50, 29, 58, 63, 2, 72, 41, 67, 0, 1, 64]
og index list energy: 107968681.85707735
index list: [23, 33, 50, 43, 16, 52, 11, 60, 79, 29, 27, 8, 15, 44, 45, 58, 31, 54, 13, 75, 30, 0, 48, 61, 64, 3, 40, 19, 5, 63, 51, 7, 77, 53, 72, 78, 2, 1, 49, 34, 35, 36, 62, 9, 10, 6, 70, 22, 28, 42, 69, 26, 76, 46, 39, 66, 17, 18, 32, 12, 38, 41, 47, 73, 57, 59, 74, 55, 56, 25, 65, 21, 37, 71, 20, 4, 67, 24, 68, 14]
index list energy: 10641030.06476425Done

iterations:1000, temp:1000000.0, exponent:0.7, eif:300.0
time taken (sec): 0.18003296852111816
number of iterations: 1000
og index list: [1, 11, 49, 53, 37, 58, 72, 74, 52, 41, 21, 47, 73, 22, 17, 8, 15, 31, 56, 35, 2, 20, 44, 36, 45, 64, 57, 16, 40, 29, 25, 54, 48, 39, 13, 3, 68, 61, 78, 67, 26, 24, 62, 51, 5, 9, 6, 19, 14, 43, 38, 70, 75, 66, 18, 0, 71, 77, 55, 63, 65, 7, 33, 59, 46, 30, 10, 60, 79, 4, 23, 28, 76, 69, 27, 32, 42, 12, 34, 50]
og index list energy: 109022478.77385056
index list: [61, 34, 64, 6, 59, 77, 18, 32, 56, 7, 37, 70, 0, 44, 17, 8, 41, 10, 58, 22, 30, 76, 42, 51, 5, 45, 46, 79, 33, 62, 78, 27, 49, 14, 57, 15, 11, 12, 13, 24, 26, 23, 29, 50, 16, 47, 3, 69, 31, 9, 52, 63, 55, 43, 48, 21, 38, 36, 2, 54, 71, 72, 39, 60, 35, 73, 40, 19, 20, 4, 74, 25, 68, 53, 1, 75, 28, 67, 65, 66]
index list energy: 14595774.001417845Done

iterations:1000, temp:1000000.0, exponent:0.7, eif:300.0
time taken (sec): 0.2275559902191162
number of iterations: 1000
og index list: [62, 67, 44, 25, 4, 11, 22, 36, 41, 33, 5, 8, 56, 39, 65, 0, 21, 78, 32, 43, 45, 6, 55, 26, 13, 64, 14, 48, 35, 34, 53, 31, 20, 50, 12, 58, 54, 30, 28, 68, 1, 23, 17, 61, 2, 40, 15, 63, 52, 79, 37, 49, 75, 10, 60, 38, 66, 76, 16, 71, 7, 57, 42, 77, 59, 18, 29, 47, 9, 19, 73, 72, 24, 27, 70, 3, 46, 74, 69, 51]
og index list energy: 116234763.69982241
index list: [28, 16, 34, 31, 46, 3, 25, 53, 37, 57, 19, 24, 66, 43, 65, 76, 42, 59, 56, 60, 45, 51, 27, 30, 35, 44, 63, 71, 33, 55, 7, 75, 10, 32, 12, 13, 54, 64, 6, 15, 36, 62, 67, 20, 21, 22, 23, 11, 69, 29, 79, 26, 49, 48, 38, 47, 39, 68, 73, 78, 18, 14, 40, 1, 8, 74, 61, 52, 9, 77, 17, 2, 41, 4, 5, 72, 70, 0, 58, 50]
index list energy: 11331015.899876775Done

iterations:1000, temp:1000000.0, exponent:0.7, eif:300.0
time taken (sec): 0.29834914207458496
number of iterations: 1000
og index list: [3, 54, 34, 15, 52, 48, 25, 45, 58, 16, 74, 63, 33, 31, 22, 69, 13, 0, 51, 77, 72, 18, 4, 2, 27, 9, 37, 79, 19, 41, 35, 56, 29, 67, 39, 46, 36, 73, 24, 75, 12, 8, 11, 21, 40, 10, 23, 53, 78, 32, 62, 1, 68, 60, 66, 71, 17, 14, 30, 26, 5, 50, 61, 76, 42, 28, 47, 65, 44, 43, 20, 6, 57, 55, 70, 7, 38, 59, 64, 49]
og index list energy: 117620213.89767583
index list: [5, 54, 10, 14, 20, 75, 34, 45, 73, 68, 72, 33, 62, 47, 1, 2, 6, 15, 39, 4, 66, 78, 22, 30, 74, 38, 48, 55, 42, 29, 0, 32, 53, 16, 41, 13, 36, 35, 17, 18, 44, 31, 67, 76, 23, 51, 7, 8, 57, 24, 25, 69, 70, 64, 71, 11, 12, 52, 60, 49, 43, 58, 61, 79, 9, 21, 37, 65, 50, 63, 19, 40, 46, 3, 56, 26, 28, 59, 77, 27]
index list energy: 10752041.013569351Done

iterations:1000, temp:1000000.0, exponent:0.7, eif:300.0
time taken (sec): 0.14128708839416504
number of iterations: 1000
og index list: [76, 46, 29, 13, 3, 33, 0, 53, 58, 12, 70, 68, 15, 57, 69, 54, 39, 1, 41, 78, 7, 35, 52, 44, 61, 30, 42, 32, 59, 77, 49, 4, 71, 72, 6, 73, 48, 8, 23, 16, 56, 27, 11, 38, 67, 28, 31, 64, 34, 21, 60, 43, 25, 24, 50, 45, 17, 47, 14, 37, 2, 66, 22, 18, 10, 63, 19, 51, 79, 5, 75, 74, 20, 62, 40, 55, 36, 65, 26, 9]
og index list energy: 113815146.24065249
index list: [34, 77, 30, 32, 57, 14, 68, 17, 2, 46, 24, 40, 45, 6, 59, 47, 39, 56, 75, 9, 79, 33, 35, 72, 7, 18, 36, 62, 51, 20, 12, 52, 63, 71, 64, 38, 48, 55, 16, 13, 0, 76, 29, 49, 26, 23, 3, 66, 42, 67, 60, 50, 70, 19, 15, 43, 73, 4, 5, 74, 44, 1, 27, 28, 69, 58, 61, 37, 21, 22, 8, 54, 78, 25, 53, 31, 41, 65, 10, 11]
index list energy: 10893054.638173167Done

iterations:1000, temp:1000000.0, exponent:0.7, eif:300.0
time taken (sec): 0.14901113510131836
number of iterations: 1000
og index list: [33, 34, 48, 7, 49, 19, 45, 14, 74, 46, 32, 0, 76, 31, 77, 10, 5, 4, 16, 26, 37, 57, 64, 40, 42, 22, 24, 51, 35, 54, 25, 72, 55, 50, 65, 75, 58, 38, 39, 52, 27, 73, 17, 59, 20, 66, 2, 67, 23, 29, 3, 13, 56, 47, 18, 63, 6, 60, 70, 36, 21, 78, 9, 62, 28, 61, 8, 79, 15, 11, 44, 71, 68, 43, 69, 53, 30, 1, 41, 12]
og index list energy: 113487640.31203523
index list: [29, 37, 78, 17, 23, 53, 45, 11, 57, 12, 0, 58, 77, 61, 50, 51, 60, 31, 71, 26, 18, 16, 24, 79, 54, 64, 65, 63, 22, 75, 55, 5, 67, 74, 70, 1, 2, 39, 13, 32, 25, 20, 21, 38, 36, 34, 35, 14, 43, 9, 49, 8, 47, 66, 44, 41, 4, 72, 56, 52, 3, 15, 48, 62, 7, 27, 30, 76, 28, 33, 6, 59, 10, 42, 19, 40, 46, 73, 68, 69]
index list energy: 14784918.503833055Done

iterations:1000, temp:1000000.0, exponent:0.7, eif:300.0
time taken (sec): 0.13901185989379883
number of iterations: 1000
og index list: [68, 50, 4, 75, 66, 56, 18, 52, 11, 51, 76, 28, 0, 44, 78, 21, 29, 70, 24, 40, 30, 45, 62, 71, 55, 74, 61, 35, 58, 13, 41, 6, 16, 47, 7, 2, 33, 25, 34, 32, 49, 1, 67, 69, 63, 42, 31, 46, 10, 38, 27, 12, 64, 5, 60, 14, 59, 77, 73, 54, 20, 8, 15, 72, 17, 65, 22, 9, 36, 79, 53, 26, 19, 43, 39, 37, 48, 23, 3, 57]
og index list energy: 120230223.2900943
index list: [18, 51, 16, 65, 66, 56, 12, 52, 7, 8, 33, 0, 11, 68, 14, 57, 32, 50, 67, 26, 30, 75, 58, 77, 62, 73, 60, 37, 22, 27, 28, 74, 6, 43, 1, 2, 45, 46, 53, 54, 21, 71, 4, 20, 55, 49, 42, 70, 64, 59, 40, 41, 47, 39, 10, 36, 38, 44, 9, 13, 19, 24, 25, 15, 29, 23, 17, 76, 61, 78, 31, 35, 69, 72, 3, 5, 48, 79, 63, 34]
index list energy: 10157161.518546516Done

iterations:1000, temp:1000000.0, exponent:0.7, eif:300.0
time taken (sec): 0.14950299263000488
number of iterations: 1000
og index list: [11, 36, 18, 49, 35, 24, 43, 56, 28, 55, 26, 0, 59, 9, 13, 14, 47, 67, 19, 1, 54, 78, 79, 48, 73, 33, 22, 76, 61, 5, 40, 10, 20, 34, 69, 30, 62, 50, 71, 27, 12, 21, 65, 16, 51, 72, 52, 4, 2, 29, 37, 45, 15, 74, 25, 23, 60, 68, 32, 64, 3, 58, 44, 75, 77, 41, 42, 70, 7, 39, 57, 53, 6, 17, 66, 63, 8, 38, 46, 31]
og index list energy: 83409890.23447774
index list: [43, 1, 2, 15, 24, 65, 25, 4, 17, 77, 29, 0, 19, 26, 27, 18, 46, 57, 59, 56, 16, 73, 40, 63, 62, 33, 37, 66, 69, 9, 10, 11, 68, 67, 76, 30, 32, 48, 38, 39, 12, 22, 79, 23, 75, 42, 70, 13, 44, 78, 28, 51, 58, 35, 60, 61, 64, 55, 5, 6, 72, 47, 36, 71, 52, 14, 20, 21, 74, 45, 7, 8, 53, 54, 34, 50, 41, 49, 31, 3]
index list energy: 10450669.309095763Done

iterations:1000, temp:1000000.0, exponent:0.7, eif:300.0
time taken (sec): 0.2162470817565918
number of iterations: 1000
og index list: [28, 38, 17, 33, 54, 1, 3, 20, 14, 26, 76, 19, 61, 50, 68, 72, 31, 40, 43, 74, 70, 7, 6, 63, 78, 44, 9, 59, 47, 66, 34, 79, 10, 53, 46, 77, 45, 12, 29, 27, 49, 36, 16, 2, 37, 0, 24, 35, 5, 67, 21, 30, 73, 8, 25, 11, 23, 42, 48, 32, 56, 39, 65, 4, 13, 62, 15, 18, 71, 22, 51, 60, 41, 57, 55, 69, 64, 58, 75, 52]
og index list energy: 98924826.42982523
index list: [8, 15, 31, 6, 42, 70, 56, 25, 53, 46, 57, 44, 1, 27, 28, 51, 62, 32, 68, 29, 75, 65, 52, 41, 74, 40, 77, 43, 73, 21, 34, 76, 18, 45, 3, 66, 59, 12, 10, 9, 79, 54, 64, 19, 17, 22, 23, 72, 5, 67, 7, 30, 35, 11, 60, 61, 0, 14, 48, 39, 26, 2, 49, 69, 33, 55, 24, 71, 47, 36, 78, 20, 13, 16, 38, 4, 63, 37, 50, 58]
index list energy: 11203081.148563003Done

iterations:1000, temp:1000000.0, exponent:0.7, eif:300.0
time taken (sec): 0.140516996383667
number of iterations: 1000
og index list: [11, 55, 23, 65, 76, 34, 19, 39, 30, 32, 59, 38, 48, 2, 56, 17, 10, 63, 50, 22, 37, 70, 21, 24, 6, 45, 60, 67, 64, 78, 62, 7, 61, 51, 12, 4, 27, 49, 46, 0, 66, 57, 35, 42, 36, 33, 71, 31, 75, 26, 25, 44, 69, 8, 77, 72, 73, 5, 18, 28, 9, 29, 13, 79, 68, 14, 43, 74, 41, 47, 53, 40, 52, 3, 16, 20, 15, 54, 58, 1]
og index list energy: 114296172.65454589
index list: [27, 75, 2, 9, 55, 60, 35, 17, 28, 29, 30, 50, 19, 74, 18, 43, 32, 68, 70, 22, 76, 61, 71, 6, 15, 45, 42, 67, 5, 3, 4, 56, 72, 73, 25, 57, 12, 78, 24, 13, 36, 38, 37, 40, 14, 7, 23, 53, 11, 66, 77, 8, 79, 39, 26, 49, 46, 48, 64, 20, 65, 21, 34, 54, 52, 69, 51, 44, 41, 58, 31, 59, 10, 33, 62, 16, 47, 63, 0, 1]
index list energy: 15595134.125505991Done

iterations:1000, temp:1000000.0, exponent:0.7, eif:300.0
time taken (sec): 0.12302899360656738
number of iterations: 1000
og index list: [40, 57, 29, 31, 42, 37, 62, 30, 4, 52, 13, 46, 15, 22, 26, 5, 2, 14, 45, 58, 44, 66, 21, 27, 73, 53, 72, 12, 33, 25, 38, 35, 20, 3, 70, 67, 68, 19, 47, 41, 28, 49, 76, 50, 9, 32, 39, 48, 59, 0, 1, 10, 23, 63, 60, 51, 54, 65, 64, 69, 18, 55, 78, 43, 36, 79, 7, 71, 24, 34, 77, 11, 16, 6, 17, 75, 74, 61, 8, 56]
og index list energy: 108682641.6094048
index list: [55, 17, 22, 27, 28, 78, 67, 39, 26, 49, 38, 3, 69, 29, 30, 76, 70, 12, 52, 56, 10, 54, 21, 31, 1, 74, 11, 4, 5, 44, 79, 2, 36, 64, 73, 60, 77, 35, 48, 18, 41, 68, 51, 15, 42, 72, 59, 20, 25, 14, 53, 6, 40, 63, 0, 58, 75, 8, 24, 71, 32, 57, 37, 65, 13, 16, 9, 66, 33, 34, 45, 46, 47, 19, 7, 23, 43, 61, 62, 50]
index list energy: 13922011.084110837Done

iterations:1000, temp:1000000.0, exponent:0.7, eif:300.0
time taken (sec): 0.15938282012939453
number of iterations: 1000
og index list: [47, 41, 22, 25, 12, 8, 61, 39, 53, 11, 1, 71, 6, 70, 10, 3, 2, 9, 79, 13, 62, 52, 54, 76, 48, 26, 55, 32, 63, 31, 66, 23, 42, 4, 69, 14, 27, 49, 77, 18, 40, 72, 0, 29, 59, 35, 5, 24, 28, 64, 44, 73, 45, 7, 37, 51, 74, 15, 58, 75, 67, 57, 17, 30, 38, 20, 21, 36, 46, 56, 19, 50, 16, 68, 34, 60, 78, 43, 65, 33]
og index list energy: 88577046.26414584
index list: [23, 39, 52, 63, 55, 14, 53, 70, 13, 41, 71, 10, 11, 20, 0, 51, 34, 31, 44, 45, 32, 5, 54, 76, 48, 62, 33, 37, 22, 77, 59, 21, 64, 65, 12, 57, 9, 38, 1, 18, 50, 24, 25, 7, 28, 78, 42, 43, 74, 29, 27, 8, 60, 49, 68, 67, 40, 69, 72, 46, 73, 15, 17, 30, 61, 75, 47, 58, 79, 35, 36, 2, 16, 3, 66, 6, 19, 56, 4, 26]
index list energy: 11791425.927606674Done

iterations:1000, temp:1000000.0, exponent:0.7, eif:300.0
time taken (sec): 0.16373801231384277
number of iterations: 1000
og index list: [50, 28, 49, 17, 4, 1, 51, 73, 21, 38, 31, 62, 75, 40, 41, 69, 9, 52, 66, 46, 45, 29, 35, 53, 14, 72, 48, 25, 58, 5, 16, 2, 13, 34, 63, 33, 0, 70, 3, 24, 12, 32, 36, 65, 60, 18, 42, 56, 47, 30, 76, 23, 8, 64, 39, 10, 55, 7, 67, 79, 19, 11, 15, 37, 71, 74, 27, 22, 59, 61, 57, 6, 44, 68, 26, 54, 20, 78, 77, 43]
og index list energy: 133886372.36009592
index list: [12, 25, 29, 28, 70, 38, 3, 51, 13, 58, 31, 33, 41, 65, 66, 43, 59, 52, 72, 19, 48, 22, 0, 36, 62, 6, 1, 2, 54, 8, 67, 44, 61, 34, 50, 42, 24, 10, 11, 47, 37, 57, 78, 35, 46, 17, 27, 18, 16, 40, 76, 23, 63, 71, 73, 26, 77, 21, 32, 74, 55, 56, 7, 79, 30, 49, 68, 75, 64, 39, 20, 4, 69, 53, 45, 9, 15, 5, 14, 60]
index list energy: 13900382.81790637Done

iterations:1000, temp:1000000.0, exponent:0.7, eif:300.0
time taken (sec): 0.18001198768615723
number of iterations: 1000
og index list: [38, 20, 54, 1, 41, 0, 16, 35, 5, 73, 36, 47, 59, 68, 17, 53, 76, 28, 62, 51, 2, 61, 13, 8, 19, 29, 7, 37, 6, 78, 60, 63, 44, 12, 34, 48, 9, 23, 25, 26, 32, 40, 74, 15, 4, 46, 58, 75, 69, 33, 64, 18, 50, 72, 42, 56, 66, 70, 3, 14, 27, 71, 45, 22, 43, 49, 10, 21, 39, 30, 57, 24, 79, 55, 65, 67, 52, 11, 31, 77]
og index list energy: 106040072.12739383
index list: [58, 61, 74, 22, 49, 59, 71, 73, 68, 45, 14, 20, 56, 26, 50, 53, 11, 4, 7, 77, 2, 63, 34, 31, 1, 79, 65, 5, 16, 25, 66, 9, 13, 54, 62, 69, 48, 0, 17, 18, 46, 44, 47, 36, 55, 15, 6, 42, 72, 70, 52, 67, 75, 12, 10, 51, 8, 39, 60, 76, 21, 78, 23, 24, 40, 41, 64, 32, 57, 19, 37, 27, 28, 43, 29, 30, 35, 3, 33, 38]
index list energy: 11099481.56027603Done

iterations:1000, temp:1000000.0, exponent:0.7, eif:300.0
time taken (sec): 0.3782999515533447
number of iterations: 1000
og index list: [41, 20, 46, 72, 30, 45, 62, 66, 53, 77, 40, 52, 54, 19, 31, 9, 68, 15, 23, 57, 63, 32, 78, 51, 65, 5, 37, 47, 56, 17, 64, 25, 35, 2, 29, 22, 34, 1, 21, 71, 7, 59, 61, 60, 12, 14, 26, 69, 76, 6, 16, 44, 67, 11, 48, 33, 8, 50, 38, 28, 24, 10, 4, 58, 42, 13, 27, 74, 39, 36, 43, 49, 55, 79, 75, 0, 3, 18, 70, 73]
og index list energy: 110154106.35858229
index list: [27, 28, 72, 3, 50, 45, 41, 65, 4, 26, 2, 17, 8, 44, 35, 9, 66, 0, 19, 20, 15, 43, 74, 61, 64, 29, 30, 49, 31, 14, 70, 21, 38, 79, 18, 39, 5, 1, 23, 11, 12, 52, 69, 67, 57, 32, 7, 78, 59, 60, 37, 63, 75, 16, 68, 33, 55, 24, 10, 48, 76, 54, 71, 58, 62, 42, 53, 46, 73, 40, 36, 77, 34, 51, 13, 47, 6, 25, 56, 22]
index list energy: 13248525.84177842Done

iterations:1000, temp:1000000.0, exponent:0.7, eif:300.0
time taken (sec): 0.15178513526916504
number of iterations: 1000
og index list: [16, 47, 21, 72, 68, 63, 19, 4, 45, 23, 46, 49, 7, 78, 26, 52, 35, 51, 0, 36, 24, 75, 66, 3, 56, 43, 12, 54, 77, 61, 13, 37, 44, 60, 76, 17, 48, 74, 42, 30, 5, 39, 14, 22, 62, 50, 29, 31, 58, 11, 41, 15, 65, 73, 79, 64, 6, 59, 20, 9, 67, 8, 57, 28, 32, 18, 34, 53, 33, 71, 70, 27, 55, 69, 40, 25, 2, 38, 1, 10]
og index list energy: 102454541.14371005
index list: [31, 36, 61, 19, 68, 70, 65, 4, 26, 28, 16, 3, 7, 8, 59, 15, 14, 77, 13, 47, 76, 42, 67, 39, 56, 25, 20, 48, 51, 21, 62, 73, 52, 24, 12, 40, 58, 49, 5, 33, 57, 37, 22, 75, 35, 69, 29, 27, 50, 41, 64, 10, 63, 74, 30, 32, 66, 43, 44, 45, 11, 71, 1, 2, 53, 72, 79, 34, 54, 55, 78, 23, 17, 18, 0, 46, 9, 38, 6, 60]
index list energy: 14462180.296410184Done

iterations:1000, temp:1000000.0, exponent:0.7, eif:300.0
time taken (sec): 0.14796805381774902
number of iterations: 1000
og index list: [35, 58, 75, 30, 78, 11, 54, 3, 55, 24, 10, 50, 62, 52, 61, 27, 16, 66, 37, 51, 56, 38, 77, 14, 49, 31, 69, 48, 60, 13, 59, 0, 20, 8, 29, 23, 45, 71, 7, 64, 18, 41, 43, 22, 2, 72, 4, 67, 42, 25, 36, 68, 73, 76, 40, 79, 26, 28, 33, 21, 34, 32, 70, 47, 63, 39, 44, 5, 74, 53, 6, 15, 65, 46, 12, 57, 17, 19, 9, 1]
og index list energy: 64696094.4601908
index list: [45, 63, 49, 30, 31, 54, 65, 71, 78, 38, 14, 77, 27, 23, 53, 47, 73, 56, 40, 41, 15, 61, 64, 17, 75, 62, 43, 36, 48, 55, 24, 4, 52, 72, 29, 28, 5, 3, 20, 74, 35, 19, 21, 22, 8, 46, 11, 12, 13, 51, 10, 59, 60, 16, 70, 66, 7, 2, 33, 34, 6, 26, 76, 18, 44, 0, 9, 25, 79, 50, 58, 69, 67, 68, 42, 32, 37, 57, 39, 1]
index list energy: 13528976.463279853Done

iterations:1000, temp:1000000.0, exponent:0.7, eif:300.0
time taken (sec): 0.15819311141967773
number of iterations: 1000
og index list: [72, 62, 39, 35, 78, 19, 56, 31, 79, 71, 51, 40, 75, 1, 20, 34, 77, 38, 65, 44, 32, 6, 41, 18, 45, 29, 2, 49, 0, 12, 22, 67, 4, 46, 53, 61, 76, 47, 16, 43, 54, 63, 7, 30, 36, 9, 64, 5, 57, 70, 8, 42, 68, 23, 24, 73, 10, 55, 48, 25, 37, 74, 13, 52, 59, 3, 50, 28, 69, 58, 66, 33, 17, 11, 21, 15, 60, 27, 26, 14]
og index list energy: 114509367.24600202
index list: [66, 24, 13, 32, 25, 15, 48, 55, 56, 12, 0, 11, 77, 23, 17, 50, 51, 52, 42, 59, 57, 5, 73, 78, 62, 29, 28, 43, 54, 64, 72, 39, 20, 40, 47, 7, 8, 46, 26, 74, 70, 71, 75, 30, 35, 41, 60, 45, 1, 27, 76, 44, 9, 38, 3, 4, 69, 53, 63, 37, 2, 14, 68, 67, 65, 10, 33, 18, 36, 31, 79, 61, 34, 16, 21, 22, 49, 19, 6, 58]
index list energy: 12169481.196697522Done

iterations:1000, temp:1000000.0, exponent:0.7, eif:300.0
time taken (sec): 0.23170995712280273
number of iterations: 1000
og index list: [42, 23, 57, 72, 68, 9, 18, 37, 77, 62, 63, 34, 55, 74, 27, 70, 41, 75, 4, 25, 40, 50, 21, 58, 39, 54, 60, 12, 13, 31, 8, 24, 11, 28, 44, 3, 15, 20, 73, 49, 56, 52, 22, 26, 38, 46, 0, 10, 16, 45, 78, 19, 5, 36, 6, 71, 17, 48, 43, 2, 29, 32, 33, 69, 59, 65, 7, 14, 76, 79, 61, 47, 53, 67, 35, 64, 1, 66, 51, 30]
og index list energy: 99864538.54831716
index list: [7, 27, 28, 56, 13, 36, 22, 23, 67, 76, 48, 34, 78, 38, 19, 5, 69, 9, 15, 73, 68, 14, 60, 31, 45, 16, 40, 79, 54, 62, 6, 17, 2, 70, 37, 0, 46, 41, 4, 12, 10, 58, 35, 11, 75, 20, 57, 71, 47, 21, 55, 43, 63, 61, 77, 1, 8, 53, 24, 50, 51, 59, 42, 72, 3, 66, 33, 74, 44, 32, 65, 25, 52, 29, 18, 64, 39, 26, 49, 30]
index list energy: 10541699.837920874Done

iterations:1000, temp:1000000.0, exponent:0.7, eif:300.0
time taken (sec): 0.15926289558410645
number of iterations: 1000
og index list: [17, 29, 33, 23, 50, 78, 64, 76, 6, 41, 39, 46, 26, 55, 0, 63, 74, 25, 73, 69, 68, 65, 60, 31, 70, 10, 42, 37, 43, 72, 7, 22, 75, 18, 66, 34, 40, 14, 71, 28, 61, 5, 2, 48, 19, 21, 8, 53, 15, 54, 27, 32, 24, 1, 67, 4, 59, 20, 56, 38, 16, 51, 36, 9, 3, 57, 62, 44, 49, 12, 35, 52, 13, 47, 79, 30, 11, 77, 45, 58]
og index list energy: 74017871.85160232
index list: [2, 47, 70, 10, 43, 63, 64, 22, 76, 11, 71, 66, 29, 27, 0, 9, 68, 25, 75, 13, 50, 3, 60, 35, 32, 57, 51, 55, 15, 67, 74, 23, 45, 36, 78, 28, 33, 61, 37, 40, 46, 48, 6, 53, 19, 69, 14, 24, 20, 12, 38, 5, 41, 16, 65, 56, 21, 34, 54, 8, 42, 59, 17, 18, 1, 79, 62, 44, 49, 58, 31, 39, 4, 52, 7, 30, 77, 72, 73, 26]
index list energy: 13066788.116653828Done

iterations:1000, temp:1000000.0, exponent:0.7, eif:300.0
time taken (sec): 0.14754009246826172
number of iterations: 1000
og index list: [40, 11, 39, 41, 38, 0, 73, 72, 28, 9, 52, 68, 71, 10, 56, 8, 15, 44, 58, 21, 6, 30, 70, 77, 62, 12, 33, 37, 18, 49, 23, 78, 32, 24, 31, 14, 27, 50, 26, 66, 20, 13, 5, 19, 67, 64, 7, 22, 45, 51, 43, 55, 54, 63, 16, 36, 46, 2, 75, 57, 1, 79, 42, 17, 25, 59, 4, 53, 29, 76, 48, 60, 61, 47, 35, 65, 3, 34, 74, 69]
og index list energy: 82528020.5794583
index list: [34, 1, 18, 9, 38, 26, 75, 2, 72, 73, 76, 30, 51, 60, 49, 67, 39, 12, 66, 63, 48, 57, 61, 31, 11, 5, 41, 71, 21, 37, 23, 20, 40, 46, 42, 29, 27, 50, 17, 0, 3, 15, 47, 16, 24, 13, 58, 22, 78, 35, 43, 44, 54, 62, 45, 36, 79, 8, 32, 65, 53, 74, 55, 56, 52, 59, 4, 68, 70, 10, 19, 25, 69, 6, 14, 7, 77, 28, 33, 64]
index list energy: 16300271.720785419Done

iterations:1000, temp:1000000.0, exponent:0.7, eif:300.0
time taken (sec): 0.1222388744354248
number of iterations: 1000
og index list: [2, 52, 74, 40, 25, 71, 1, 3, 78, 61, 6, 79, 30, 48, 56, 75, 50, 38, 51, 34, 12, 33, 36, 60, 42, 17, 46, 70, 58, 57, 37, 41, 45, 59, 7, 15, 32, 64, 68, 19, 63, 28, 8, 20, 43, 55, 44, 16, 67, 35, 23, 13, 69, 76, 24, 39, 21, 62, 26, 73, 18, 10, 47, 27, 77, 9, 66, 5, 53, 31, 29, 22, 4, 14, 11, 49, 0, 72, 54, 65]
og index list energy: 112671638.53192547
index list: [42, 43, 58, 37, 38, 73, 74, 27, 30, 61, 52, 1, 76, 36, 2, 6, 7, 28, 72, 25, 68, 33, 41, 65, 26, 18, 19, 70, 22, 49, 8, 44, 9, 71, 15, 45, 46, 57, 67, 53, 47, 24, 12, 4, 14, 60, 35, 50, 51, 13, 31, 3, 0, 32, 66, 17, 75, 16, 48, 55, 21, 34, 79, 29, 78, 23, 20, 77, 62, 63, 54, 64, 56, 10, 69, 59, 5, 11, 40, 39]
index list energy: 11329295.416162755Done

iterations:1000, temp:1000000.0, exponent:0.7, eif:300.0
time taken (sec): 0.2850210666656494
number of iterations: 1000
og index list: [39, 58, 20, 50, 57, 30, 0, 48, 5, 47, 62, 31, 46, 21, 22, 72, 27, 26, 18, 37, 69, 7, 1, 17, 13, 35, 56, 16, 43, 66, 32, 2, 75, 28, 23, 49, 42, 10, 67, 12, 15, 40, 19, 52, 55, 36, 68, 60, 14, 70, 34, 11, 29, 76, 44, 6, 24, 25, 64, 71, 65, 73, 33, 79, 9, 53, 8, 38, 63, 59, 61, 51, 54, 78, 45, 4, 41, 3, 74, 77]
og index list energy: 103123707.95017995
index list: [8, 24, 1, 27, 28, 17, 18, 76, 58, 31, 9, 15, 29, 78, 66, 14, 67, 26, 2, 3, 40, 7, 23, 56, 13, 54, 61, 79, 53, 51, 64, 69, 41, 65, 57, 73, 20, 77, 30, 75, 55, 25, 21, 22, 50, 16, 10, 11, 68, 48, 49, 42, 43, 47, 6, 33, 37, 38, 70, 71, 59, 39, 4, 74, 19, 60, 35, 45, 5, 46, 44, 0, 36, 62, 72, 32, 12, 52, 63, 34]
index list energy: 9755647.154659173Done

iterations:1000, temp:1000000.0, exponent:0.7, eif:300.0
time taken (sec): 0.1624150276184082
number of iterations: 1000
og index list: [8, 12, 14, 1, 36, 32, 73, 16, 52, 47, 26, 10, 54, 49, 30, 20, 18, 21, 55, 9, 78, 40, 67, 34, 31, 37, 59, 17, 25, 61, 56, 76, 29, 2, 24, 46, 62, 74, 64, 41, 58, 51, 43, 19, 28, 69, 39, 50, 5, 70, 68, 72, 44, 53, 33, 27, 66, 60, 23, 3, 79, 35, 22, 13, 45, 65, 63, 77, 48, 38, 0, 4, 15, 7, 11, 57, 6, 71, 75, 42]
og index list energy: 107355441.50674418
index list: [2, 45, 36, 38, 40, 16, 5, 67, 69, 73, 25, 10, 14, 51, 41, 49, 56, 21, 55, 33, 77, 23, 29, 0, 11, 66, 72, 6, 7, 8, 75, 30, 31, 32, 76, 63, 64, 12, 65, 57, 22, 18, 39, 4, 20, 1, 28, 42, 53, 44, 70, 47, 9, 78, 24, 52, 19, 60, 35, 3, 58, 37, 71, 13, 54, 34, 61, 62, 48, 79, 43, 15, 59, 26, 50, 46, 68, 17, 74, 27]
index list energy: 11196702.782838563Done

iterations:1000, temp:1000000.0, exponent:0.7, eif:300.0
time taken (sec): 0.10570096969604492
number of iterations: 1000
og index list: [47, 11, 23, 40, 62, 64, 51, 61, 18, 73, 14, 26, 5, 13, 17, 55, 50, 45, 57, 79, 58, 20, 21, 76, 41, 44, 22, 52, 46, 63, 38, 1, 4, 16, 59, 71, 12, 75, 24, 30, 69, 0, 6, 2, 43, 15, 77, 37, 9, 65, 28, 29, 66, 3, 27, 32, 42, 7, 34, 60, 19, 10, 74, 49, 25, 53, 68, 78, 70, 36, 8, 33, 39, 72, 54, 56, 31, 67, 35, 48]
og index list energy: 94675084.80899149
index list: [23, 43, 47, 44, 24, 51, 30, 61, 34, 76, 14, 26, 8, 49, 33, 37, 38, 69, 11, 40, 58, 31, 39, 75, 9, 10, 16, 12, 20, 71, 15, 25, 77, 64, 48, 74, 65, 66, 73, 21, 22, 28, 29, 2, 7, 78, 53, 45, 36, 0, 19, 68, 70, 55, 41, 79, 27, 50, 63, 3, 60, 35, 42, 59, 5, 72, 32, 13, 46, 54, 62, 17, 18, 6, 4, 56, 52, 67, 57, 1]
index list energy: 11926817.339175023Done

iterations:1000, temp:1000000.0, exponent:0.7, eif:300.0
time taken (sec): 0.1323680877685547
number of iterations: 1000
og index list: [42, 26, 31, 38, 36, 0, 77, 20, 78, 62, 79, 52, 61, 68, 19, 22, 14, 41, 46, 65, 50, 63, 43, 28, 34, 21, 70, 6, 72, 4, 59, 73, 75, 53, 12, 76, 7, 54, 11, 15, 44, 18, 27, 9, 67, 58, 55, 71, 33, 2, 66, 5, 32, 25, 29, 40, 16, 51, 17, 24, 49, 35, 39, 3, 56, 8, 74, 45, 30, 10, 57, 47, 1, 23, 37, 13, 48, 64, 69, 60]
og index list energy: 133625806.4157636
index list: [45, 46, 44, 61, 49, 8, 69, 29, 77, 13, 75, 27, 30, 31, 17, 2, 43, 9, 66, 51, 15, 32, 37, 52, 53, 6, 14, 74, 72, 19, 5, 73, 4, 56, 38, 58, 35, 41, 68, 70, 71, 26, 28, 42, 59, 76, 33, 64, 21, 34, 16, 65, 24, 50, 54, 62, 67, 12, 20, 10, 79, 55, 40, 3, 7, 0, 63, 78, 48, 22, 23, 36, 1, 18, 11, 57, 47, 39, 25, 60]
index list energy: 10241462.57171406Done

iterations:1000, temp:1000000.0, exponent:0.7, eif:300.0
time taken (sec): 0.13400888442993164
number of iterations: 1000
og index list: [38, 22, 36, 34, 25, 8, 30, 18, 77, 1, 68, 21, 79, 53, 50, 26, 76, 7, 16, 57, 71, 44, 78, 43, 35, 32, 75, 60, 42, 61, 27, 67, 41, 45, 6, 19, 49, 5, 66, 12, 33, 54, 29, 48, 11, 59, 72, 20, 9, 3, 28, 17, 74, 62, 69, 56, 15, 65, 13, 58, 0, 73, 47, 2, 14, 55, 70, 64, 40, 10, 23, 39, 46, 4, 63, 51, 37, 31, 24, 52]
og index list energy: 114658228.14189093
index list: [9, 40, 1, 27, 79, 8, 33, 18, 25, 56, 68, 29, 23, 76, 72, 70, 16, 26, 0, 78, 22, 2, 11, 74, 24, 49, 44, 36, 34, 61, 37, 52, 43, 6, 53, 45, 54, 32, 51, 38, 20, 12, 13, 63, 62, 69, 42, 75, 73, 57, 19, 60, 35, 3, 4, 14, 7, 77, 28, 17, 30, 31, 64, 55, 5, 39, 21, 65, 10, 67, 66, 59, 15, 41, 48, 71, 47, 46, 58, 50]
index list energy: 14807348.955689339Done

iterations:1000, temp:1000000.0, exponent:0.7, eif:300.0
time taken (sec): 0.12254786491394043
number of iterations: 1000
og index list: [60, 13, 7, 76, 37, 22, 8, 65, 29, 50, 75, 16, 73, 31, 17, 12, 15, 36, 55, 0, 30, 62, 48, 71, 21, 64, 39, 56, 3, 42, 52, 79, 28, 43, 1, 2, 69, 78, 72, 66, 58, 19, 77, 4, 68, 33, 67, 46, 35, 70, 14, 44, 59, 25, 27, 63, 41, 45, 26, 6, 57, 10, 61, 11, 23, 20, 38, 51, 24, 47, 54, 49, 40, 5, 18, 53, 34, 9, 32, 74]
og index list energy: 100900355.50526325
index list: [72, 39, 25, 78, 61, 27, 76, 29, 49, 62, 63, 64, 24, 40, 3, 60, 31, 58, 55, 67, 26, 23, 68, 33, 19, 0, 4, 43, 77, 14, 52, 79, 28, 17, 50, 45, 46, 41, 65, 47, 73, 66, 70, 37, 38, 9, 5, 42, 53, 36, 12, 13, 32, 10, 44, 59, 20, 21, 34, 35, 6, 7, 8, 56, 57, 71, 48, 51, 30, 74, 15, 11, 75, 22, 18, 1, 2, 16, 69, 54]
index list energy: 12897030.726030016Done

iterations:1000, temp:1000000.0, exponent:0.7, eif:300.0
time taken (sec): 0.12810301780700684
number of iterations: 1000
og index list: [24, 3, 73, 56, 7, 49, 36, 50, 46, 19, 48, 44, 16, 17, 15, 18, 22, 9, 21, 41, 65, 68, 72, 58, 8, 28, 71, 78, 79, 35, 54, 23, 45, 47, 62, 64, 25, 51, 53, 2, 40, 1, 20, 59, 10, 31, 38, 33, 30, 32, 61, 43, 76, 34, 39, 66, 6, 5, 77, 11, 13, 42, 63, 37, 67, 55, 70, 0, 69, 14, 27, 75, 74, 26, 12, 4, 52, 57, 29, 60]
og index list energy: 111188172.08380836
index list: [26, 74, 42, 53, 47, 5, 73, 0, 50, 21, 38, 70, 13, 1, 30, 61, 22, 28, 54, 8, 58, 64, 62, 16, 48, 76, 43, 46, 12, 10, 32, 52, 67, 78, 31, 39, 57, 6, 59, 60, 35, 9, 79, 72, 3, 4, 56, 51, 27, 2, 63, 55, 33, 34, 75, 17, 23, 29, 77, 41, 65, 20, 40, 44, 11, 25, 68, 69, 24, 49, 18, 36, 37, 15, 45, 19, 66, 14, 71, 7]
index list energy: 11936479.918393783Done

iterations:1000, temp:1000000.0, exponent:0.7, eif:300.0
time taken (sec): 0.20024800300598145
number of iterations: 1000
og index list: [10, 67, 39, 6, 61, 25, 58, 50, 45, 59, 43, 2, 68, 4, 33, 22, 42, 53, 44, 28, 49, 76, 52, 17, 66, 65, 20, 70, 73, 23, 64, 0, 62, 56, 14, 12, 19, 21, 63, 35, 77, 37, 11, 54, 51, 79, 16, 72, 60, 29, 5, 7, 9, 36, 8, 69, 41, 55, 15, 46, 26, 48, 75, 1, 78, 34, 47, 32, 38, 13, 18, 3, 40, 30, 57, 74, 27, 31, 71, 24]
og index list energy: 125204883.52298267
index list: [43, 73, 74, 56, 38, 51, 10, 54, 48, 16, 70, 22, 23, 78, 61, 55, 21, 49, 11, 12, 65, 25, 5, 41, 37, 71, 26, 75, 33, 27, 30, 35, 63, 62, 39, 60, 31, 32, 20, 57, 34, 76, 52, 36, 50, 9, 66, 24, 4, 29, 28, 7, 8, 67, 40, 46, 15, 58, 64, 13, 6, 72, 77, 1, 0, 44, 45, 3, 47, 79, 2, 19, 68, 14, 53, 69, 59, 42, 17, 18]
index list energy: 11775187.979555774Done

iterations:1000, temp:1000000.0, exponent:0.7, eif:300.0
time taken (sec): 0.14122819900512695
number of iterations: 1000
og index list: [17, 37, 13, 23, 42, 21, 6, 32, 0, 29, 75, 50, 33, 55, 49, 44, 26, 2, 71, 53, 38, 70, 79, 24, 68, 78, 77, 22, 1, 7, 61, 20, 8, 31, 40, 11, 36, 41, 57, 25, 51, 4, 43, 39, 73, 66, 27, 56, 14, 76, 60, 54, 62, 58, 16, 63, 64, 35, 67, 74, 65, 9, 19, 34, 12, 15, 59, 18, 52, 28, 48, 69, 72, 3, 46, 47, 5, 45, 10, 30]
og index list energy: 128819459.40552774
index list: [75, 23, 72, 22, 28, 43, 51, 38, 69, 29, 50, 45, 70, 25, 52, 24, 26, 18, 42, 33, 35, 73, 68, 15, 63, 55, 67, 65, 66, 54, 64, 39, 10, 11, 40, 41, 79, 19, 20, 13, 16, 4, 56, 48, 12, 49, 27, 30, 36, 37, 0, 1, 2, 6, 14, 17, 77, 21, 34, 46, 9, 74, 8, 59, 5, 7, 76, 62, 53, 78, 47, 58, 31, 32, 44, 3, 60, 61, 71, 57]
index list energy: 11876559.290391104Done

iterations:1000, temp:1000000.0, exponent:0.7, eif:300.0
