iterations:1000, temp:1000000.0, exponent:0.7, eif:300.0
time taken (sec): 1.0562000274658203
number of iterations: 1000
og index list: [54, 75, 6, 41, 17, 77, 51, 0, 72, 29, 59, 26, 49, 32, 48, 76, 18, 19, 31, 65, 69, 45, 3, 28, 33, 70, 7, 40, 50, 53, 61, 8, 38, 27, 9, 43, 24, 5, 74, 64, 39, 35, 55, 2, 25, 36, 22, 52, 37, 15, 60, 20, 14, 16, 67, 21, 23, 68, 57, 30, 73, 58, 56, 12, 10, 46, 42, 11, 1, 63, 13, 44, 34, 4, 47, 79, 62, 71, 78, 66]
og index list energy: 105361615.98312312
index list: [2, 17, 74, 5, 1, 34, 61, 77, 43, 24, 15, 63, 64, 73, 68, 66, 42, 16, 76, 27, 28, 70, 49, 30, 78, 20, 21, 62, 54, 22, 75, 31, 59, 40, 51, 58, 35, 45, 46, 47, 71, 50, 11, 57, 19, 56, 38, 9, 52, 14, 60, 79, 72, 7, 8, 53, 69, 44, 33, 13, 32, 36, 55, 4, 10, 67, 39, 12, 25, 26, 23, 29, 18, 6, 41, 65, 48, 37, 0, 3]
index list energy: 12703350.43518654Done

iterations:1000, temp:1000000.0, exponent:0.7, eif:300.0
time taken (sec): 0.45566797256469727
number of iterations: 1000
og index list: [66, 29, 72, 75, 56, 44, 47, 76, 40, 74, 2, 27, 30, 54, 50, 68, 65, 23, 9, 36, 7, 61, 70, 16, 78, 79, 34, 28, 33, 26, 57, 19, 20, 5, 4, 31, 38, 67, 42, 24, 64, 52, 62, 12, 25, 59, 37, 45, 6, 58, 60, 8, 73, 46, 18, 15, 77, 22, 39, 55, 21, 49, 63, 35, 69, 41, 43, 0, 13, 11, 71, 32, 51, 14, 1, 17, 3, 53, 10, 48]
og index list energy: 148740624.2215614
index list: [26, 27, 28, 59, 47, 73, 68, 63, 62, 77, 20, 22, 30, 35, 43, 19, 4, 71, 29, 0, 58, 61, 79, 53, 78, 2, 11, 52, 42, 67, 66, 14, 5, 72, 41, 12, 34, 49, 23, 70, 39, 57, 44, 9, 10, 54, 37, 74, 31, 48, 38, 36, 3, 1, 18, 7, 76, 8, 60, 75, 45, 16, 40, 46, 6, 15, 33, 64, 51, 25, 13, 32, 21, 55, 17, 50, 69, 24, 56, 65]
index list energy: 11151590.391756225Done

iterations:1000, temp:1000000.0, exponent:0.7, eif:300.0
time taken (sec): 0.4839019775390625
number of iterations: 1000
og index list: [1, 59, 11, 14, 15, 30, 3, 78, 23, 7, 35, 79, 12, 0, 50, 31, 61, 28, 26, 70, 19, 72, 21, 37, 4, 56, 41, 45, 64, 62, 36, 6, 73, 33, 34, 16, 22, 18, 58, 27, 24, 53, 10, 9, 43, 5, 46, 63, 65, 66, 13, 77, 68, 49, 20, 67, 8, 29, 55, 40, 17, 71, 52, 25, 47, 2, 44, 38, 42, 57, 48, 39, 69, 75, 74, 54, 76, 60, 32, 51]
og index list energy: 111565410.14163356
index list: [37, 56, 13, 54, 1, 30, 61, 22, 23, 42, 43, 51, 72, 59, 57, 3, 36, 62, 14, 69, 67, 20, 34, 31, 46, 9, 78, 26, 75, 10, 53, 6, 70, 48, 55, 39, 49, 18, 11, 58, 35, 73, 79, 27, 0, 41, 40, 63, 64, 50, 7, 8, 45, 44, 32, 4, 76, 29, 52, 68, 24, 15, 16, 25, 5, 33, 74, 38, 47, 71, 66, 17, 28, 77, 2, 19, 12, 21, 65, 60]
index list energy: 15019279.771781372Done

iterations:1000, temp:1000000.0, exponent:0.7, eif:300.0
time taken (sec): 0.5070679187774658
number of iterations: 1000
og index list: [66, 50, 71, 62, 42, 14, 55, 57, 78, 34, 54, 20, 60, 70, 59, 79, 10, 33, 12, 16, 64, 51, 67, 0, 77, 3, 29, 28, 61, 47, 21, 39, 23, 7, 41, 74, 5, 53, 45, 40, 22, 43, 11, 68, 31, 13, 35, 4, 26, 72, 2, 27, 58, 76, 24, 56, 8, 52, 38, 36, 65, 75, 32, 25, 9, 44, 19, 46, 48, 49, 63, 69, 37, 73, 6, 18, 1, 17, 30, 15]
og index list energy: 103267751.66293626
index list: [62, 16, 1, 30, 35, 9, 26, 23, 4, 66, 43, 69, 72, 45, 47, 39, 15, 54, 31, 32, 20, 50, 59, 12, 75, 40, 36, 18, 53, 79, 28, 29, 78, 63, 37, 17, 2, 3, 68, 11, 5, 19, 51, 57, 24, 13, 41, 21, 34, 74, 33, 27, 77, 60, 64, 65, 49, 56, 38, 73, 10, 6, 67, 7, 0, 44, 46, 58, 61, 55, 42, 76, 70, 22, 8, 48, 71, 25, 52, 14]
index list energy: 11546065.175849132Done

iterations:1000, temp:1000000.0, exponent:0.7, eif:300.0
time taken (sec): 0.2868821620941162
number of iterations: 1000
og index list: [50, 23, 25, 13, 44, 56, 39, 57, 14, 43, 46, 11, 54, 74, 27, 78, 4, 12, 35, 65, 10, 26, 15, 32, 19, 48, 69, 64, 59, 47, 55, 16, 49, 1, 45, 8, 66, 53, 9, 24, 67, 22, 70, 71, 38, 68, 41, 18, 77, 63, 17, 20, 79, 21, 30, 37, 36, 75, 0, 2, 5, 72, 58, 61, 42, 60, 3, 73, 31, 33, 51, 34, 62, 40, 76, 52, 28, 7, 29, 6]
og index list energy: 115725037.07717681
index list: [23, 16, 47, 39, 66, 29, 18, 59, 24, 68, 53, 73, 57, 63, 34, 35, 44, 54, 38, 1, 76, 58, 64, 77, 31, 3, 13, 19, 79, 12, 5, 11, 4, 0, 48, 8, 20, 25, 10, 45, 6, 33, 50, 36, 62, 9, 49, 28, 72, 46, 21, 65, 71, 60, 61, 55, 7, 22, 2, 69, 42, 67, 26, 37, 40, 14, 43, 32, 15, 74, 17, 30, 51, 75, 41, 52, 70, 56, 78, 27]
index list energy: 14153337.216564476Done

iterations:1000, temp:1000000.0, exponent:0.7, eif:300.0
time taken (sec): 0.30736804008483887
number of iterations: 1000
og index list: [60, 68, 41, 76, 62, 35, 15, 49, 70, 10, 63, 74, 55, 38, 18, 19, 0, 17, 72, 30, 59, 45, 9, 12, 36, 24, 67, 22, 20, 71, 29, 48, 16, 2, 65, 47, 64, 31, 13, 44, 56, 53, 4, 42, 26, 28, 58, 27, 46, 25, 50, 52, 75, 77, 3, 11, 43, 34, 5, 1, 61, 37, 33, 79, 7, 6, 32, 73, 69, 14, 23, 78, 8, 39, 40, 54, 21, 51, 66, 57]
og index list energy: 127696354.0156949
index list: [61, 79, 53, 32, 16, 56, 22, 76, 65, 10, 48, 18, 46, 54, 50, 7, 8, 42, 29, 30, 49, 38, 4, 13, 36, 34, 35, 67, 17, 2, 59, 40, 44, 69, 9, 52, 72, 73, 68, 43, 11, 78, 45, 39, 26, 23, 58, 31, 14, 5, 19, 15, 41, 12, 0, 6, 70, 71, 60, 75, 62, 24, 63, 55, 20, 21, 64, 66, 33, 1, 28, 51, 37, 57, 25, 77, 27, 74, 47, 3]
index list energy: 11453344.328568123Done

iterations:1000, temp:1000000.0, exponent:0.7, eif:300.0
time taken (sec): 0.48709917068481445
number of iterations: 1000
og index list: [33, 62, 11, 54, 25, 34, 77, 79, 60, 72, 68, 49, 21, 40, 7, 8, 41, 50, 52, 36, 4, 16, 24, 0, 22, 1, 12, 43, 18, 23, 10, 61, 6, 75, 27, 30, 46, 42, 31, 29, 20, 74, 63, 69, 47, 73, 15, 5, 78, 59, 14, 51, 19, 13, 3, 28, 66, 38, 2, 65, 57, 67, 35, 32, 45, 39, 53, 37, 55, 26, 71, 64, 58, 48, 76, 9, 17, 44, 70, 56]
og index list energy: 91638638.98591484
index list: [22, 28, 72, 51, 13, 76, 29, 23, 50, 59, 4, 0, 9, 57, 3, 44, 31, 46, 54, 61, 47, 7, 30, 45, 1, 74, 18, 73, 66, 49, 12, 65, 40, 37, 27, 8, 36, 71, 26, 79, 11, 60, 35, 19, 24, 25, 5, 56, 38, 39, 68, 58, 64, 62, 32, 75, 67, 78, 2, 41, 69, 53, 6, 20, 15, 43, 17, 77, 33, 55, 14, 21, 52, 42, 70, 10, 63, 16, 48, 34]
index list energy: 12500220.100356724Done

iterations:1000, temp:1000000.0, exponent:0.7, eif:300.0
time taken (sec): 0.3620128631591797
number of iterations: 1000
og index list: [33, 78, 39, 28, 65, 10, 9, 66, 14, 51, 18, 77, 12, 41, 16, 0, 8, 7, 6, 23, 22, 20, 49, 36, 58, 64, 70, 32, 57, 62, 42, 13, 46, 15, 68, 38, 19, 48, 79, 50, 52, 27, 43, 61, 59, 56, 75, 63, 72, 4, 1, 71, 21, 30, 24, 55, 40, 25, 5, 3, 17, 60, 47, 35, 29, 67, 34, 54, 69, 45, 11, 37, 26, 74, 31, 53, 2, 73, 44, 76]
og index list energy: 112447873.26930065
index list: [14, 60, 32, 4, 7, 8, 1, 30, 74, 78, 18, 25, 24, 21, 22, 23, 42, 59, 71, 39, 40, 51, 28, 36, 37, 5, 73, 20, 26, 2, 16, 19, 68, 3, 56, 10, 48, 34, 61, 75, 31, 69, 43, 9, 38, 66, 72, 41, 12, 79, 35, 6, 63, 13, 46, 11, 57, 65, 77, 52, 15, 53, 54, 55, 29, 76, 33, 62, 70, 47, 50, 17, 64, 67, 0, 44, 45, 58, 49, 27]
index list energy: 10782516.445051061Done

iterations:1000, temp:1000000.0, exponent:0.7, eif:300.0
time taken (sec): 0.2102189064025879
number of iterations: 1000
og index list: [9, 12, 56, 15, 67, 75, 3, 50, 73, 18, 2, 71, 30, 79, 0, 58, 4, 1, 17, 49, 48, 29, 8, 54, 62, 41, 25, 65, 7, 32, 19, 44, 6, 38, 24, 57, 35, 68, 36, 34, 61, 22, 46, 28, 14, 26, 69, 11, 52, 76, 31, 37, 66, 43, 42, 60, 39, 72, 10, 21, 13, 27, 63, 55, 47, 64, 77, 70, 78, 45, 40, 59, 74, 16, 5, 20, 51, 53, 23, 33]
og index list energy: 97450362.90901235
index list: [35, 37, 49, 42, 56, 12, 57, 4, 40, 16, 52, 14, 70, 44, 47, 58, 64, 59, 17, 8, 6, 29, 0, 39, 74, 41, 51, 62, 7, 23, 43, 9, 75, 13, 32, 25, 20, 10, 63, 34, 61, 55, 24, 66, 5, 54, 71, 68, 15, 46, 1, 2, 3, 50, 69, 67, 26, 30, 77, 21, 38, 53, 19, 65, 60, 31, 79, 45, 48, 36, 27, 76, 33, 22, 18, 11, 78, 28, 72, 73]
index list energy: 12542934.325034458Done

iterations:1000, temp:1000000.0, exponent:0.7, eif:300.0
time taken (sec): 0.23246192932128906
number of iterations: 1000
og index list: [60, 59, 5, 16, 71, 23, 4, 52, 43, 39, 13, 63, 0, 7, 49, 69, 45, 57, 2, 9, 66, 72, 12, 25, 20, 70, 32, 54, 42, 53, 40, 75, 30, 11, 55, 38, 3, 50, 17, 48, 10, 56, 41, 76, 21, 29, 14, 67, 78, 24, 15, 79, 77, 28, 31, 64, 68, 19, 8, 44, 34, 46, 62, 36, 47, 27, 6, 58, 22, 74, 61, 18, 35, 33, 65, 51, 1, 73, 26, 37]
og index list energy: 90297497.06003112
index list: [18, 47, 44, 46, 37, 66, 53, 31, 70, 71, 60, 55, 41, 4, 57, 1, 30, 49, 26, 27, 75, 65, 25, 5, 73, 10, 11, 21, 64, 9, 74, 17, 77, 32, 39, 40, 48, 2, 69, 54, 50, 67, 19, 56, 52, 42, 43, 58, 78, 23, 59, 14, 7, 28, 33, 38, 29, 8, 63, 62, 72, 51, 68, 3, 15, 35, 36, 12, 13, 79, 61, 34, 0, 76, 45, 16, 6, 24, 20, 22]
index list energy: 16350154.868954549Done

iterations:1000, temp:1000000.0, exponent:0.7, eif:300.0
time taken (sec): 0.21199393272399902
number of iterations: 1000
og index list: [51, 76, 41, 27, 18, 60, 33, 3, 70, 13, 71, 43, 15, 38, 57, 49, 31, 73, 42, 79, 74, 54, 26, 7, 55, 66, 1, 2, 23, 17, 37, 39, 72, 0, 14, 20, 48, 77, 61, 32, 4, 30, 24, 69, 5, 65, 21, 53, 12, 58, 46, 19, 29, 68, 22, 28, 25, 52, 34, 40, 62, 44, 50, 64, 45, 75, 35, 16, 63, 36, 56, 59, 78, 11, 67, 47, 8, 6, 10, 9]
og index list energy: 78404211.94198877
index list: [65, 52, 33, 78, 10, 11, 66, 53, 46, 44, 54, 55, 43, 58, 61, 79, 31, 6, 42, 59, 75, 2, 68, 70, 39, 40, 3, 57, 47, 1, 23, 69, 9, 0, 19, 71, 77, 27, 8, 32, 7, 30, 35, 14, 17, 18, 51, 48, 38, 16, 24, 26, 74, 34, 22, 28, 76, 45, 36, 62, 72, 67, 60, 64, 63, 49, 56, 12, 13, 50, 41, 21, 37, 5, 73, 20, 25, 4, 15, 29]
index list energy: 12393054.152055157Done

iterations:1000, temp:1000000.0, exponent:0.7, eif:300.0
time taken (sec): 0.20230793952941895
number of iterations: 1000
og index list: [8, 38, 72, 46, 65, 48, 20, 67, 27, 41, 71, 29, 7, 68, 11, 37, 62, 32, 1, 25, 10, 6, 51, 13, 15, 75, 66, 4, 60, 12, 2, 57, 24, 56, 52, 70, 50, 34, 49, 36, 63, 61, 22, 19, 45, 64, 55, 9, 5, 26, 44, 14, 47, 77, 16, 69, 58, 43, 35, 23, 33, 73, 39, 54, 78, 53, 21, 17, 74, 76, 79, 30, 42, 31, 3, 18, 28, 40, 0, 59]
og index list energy: 102433683.15449212
index list: [61, 21, 22, 76, 65, 25, 5, 44, 63, 38, 0, 19, 20, 62, 33, 55, 43, 3, 66, 50, 70, 48, 78, 37, 29, 27, 2, 11, 71, 68, 73, 26, 79, 39, 40, 32, 12, 34, 31, 69, 14, 24, 57, 58, 75, 52, 67, 49, 60, 35, 54, 64, 47, 77, 8, 59, 10, 9, 13, 45, 46, 16, 15, 72, 41, 6, 53, 17, 18, 36, 74, 28, 42, 1, 23, 7, 30, 51, 4, 56]
index list energy: 13058813.628628599Done

iterations:1000, temp:1000000.0, exponent:0.7, eif:300.0
time taken (sec): 0.23913311958312988
number of iterations: 1000
og index list: [20, 70, 9, 38, 21, 42, 31, 8, 77, 54, 72, 41, 52, 53, 73, 37, 12, 68, 79, 61, 62, 33, 39, 2, 28, 27, 69, 25, 56, 44, 34, 19, 57, 43, 30, 63, 48, 11, 51, 22, 74, 47, 35, 6, 76, 29, 17, 4, 36, 66, 50, 24, 13, 1, 10, 65, 15, 18, 78, 40, 58, 0, 3, 60, 5, 55, 32, 59, 14, 64, 67, 23, 71, 26, 75, 46, 45, 7, 16, 49]
og index list energy: 92274180.2603115
index list: [28, 70, 52, 5, 9, 10, 67, 76, 2, 54, 65, 25, 68, 79, 33, 37, 38, 1, 77, 61, 62, 29, 30, 31, 36, 57, 6, 53, 72, 51, 3, 24, 4, 56, 13, 44, 19, 0, 11, 78, 34, 69, 42, 14, 66, 59, 60, 35, 63, 22, 23, 15, 46, 12, 26, 75, 45, 16, 49, 27, 8, 71, 58, 64, 73, 21, 55, 43, 48, 74, 41, 50, 17, 18, 32, 40, 47, 39, 20, 7]
index list energy: 11193838.350316936Done

iterations:1000, temp:1000000.0, exponent:0.7, eif:300.0
time taken (sec): 0.21603989601135254
number of iterations: 1000
og index list: [39, 38, 30, 75, 47, 49, 32, 72, 11, 1, 26, 74, 19, 10, 41, 36, 8, 70, 40, 20, 33, 50, 67, 51, 23, 58, 0, 18, 16, 56, 9, 13, 12, 69, 45, 4, 5, 37, 22, 44, 78, 71, 54, 66, 68, 25, 65, 52, 14, 63, 27, 29, 6, 28, 62, 2, 34, 60, 46, 31, 76, 55, 15, 73, 35, 64, 3, 48, 7, 57, 24, 79, 77, 42, 17, 53, 43, 21, 59, 61]
og index list energy: 113538594.58340769
index list: [21, 38, 36, 55, 56, 71, 66, 1, 2, 7, 22, 28, 24, 48, 16, 47, 6, 75, 63, 62, 39, 60, 49, 18, 35, 51, 52, 67, 53, 3, 65, 50, 41, 26, 76, 34, 31, 37, 27, 77, 9, 10, 33, 23, 59, 15, 46, 12, 4, 5, 14, 20, 57, 32, 70, 68, 42, 72, 44, 45, 58, 74, 30, 61, 64, 69, 17, 0, 73, 25, 13, 54, 79, 8, 43, 11, 40, 19, 78, 29]
index list energy: 15215468.012693303Done

iterations:1000, temp:1000000.0, exponent:0.7, eif:300.0
time taken (sec): 0.22527813911437988
number of iterations: 1000
og index list: [42, 20, 48, 61, 18, 63, 78, 71, 40, 19, 4, 60, 44, 45, 5, 13, 41, 53, 79, 38, 77, 74, 72, 58, 21, 70, 65, 0, 33, 22, 51, 56, 29, 6, 9, 43, 34, 11, 64, 67, 16, 7, 26, 46, 3, 54, 8, 35, 15, 32, 52, 66, 37, 50, 39, 17, 57, 12, 28, 14, 10, 24, 31, 55, 2, 47, 49, 75, 27, 25, 73, 68, 62, 36, 1, 59, 76, 69, 23, 30]
og index list energy: 103756305.04116163
index list: [29, 2, 75, 61, 52, 51, 38, 39, 5, 19, 4, 56, 66, 53, 32, 15, 11, 68, 14, 7, 23, 43, 58, 78, 31, 73, 0, 6, 54, 22, 18, 47, 48, 50, 45, 36, 34, 55, 21, 62, 46, 44, 35, 70, 69, 1, 28, 67, 20, 12, 13, 41, 49, 42, 59, 17, 74, 30, 76, 33, 37, 65, 40, 9, 10, 72, 79, 27, 8, 63, 64, 24, 77, 3, 60, 16, 71, 57, 25, 26]
index list energy: 12817700.01067457Done

iterations:1000, temp:1000000.0, exponent:0.7, eif:300.0
time taken (sec): 0.21999716758728027
number of iterations: 1000
og index list: [32, 67, 16, 9, 66, 45, 24, 3, 78, 48, 59, 79, 33, 19, 75, 58, 47, 70, 13, 35, 27, 77, 57, 29, 10, 14, 42, 43, 41, 74, 60, 53, 12, 55, 68, 8, 49, 23, 15, 65, 26, 38, 22, 62, 17, 37, 4, 61, 7, 72, 0, 40, 39, 71, 46, 50, 18, 51, 28, 25, 76, 73, 2, 69, 6, 54, 31, 30, 34, 64, 20, 52, 36, 56, 21, 11, 44, 1, 63, 5]
og index list energy: 96330339.25457922
index list: [72, 1, 2, 9, 38, 47, 39, 25, 17, 8, 41, 22, 23, 4, 56, 10, 42, 70, 13, 24, 50, 11, 21, 78, 19, 5, 69, 36, 34, 37, 15, 63, 77, 52, 74, 32, 68, 43, 3, 60, 61, 0, 73, 26, 64, 65, 12, 71, 7, 75, 28, 51, 57, 16, 58, 31, 44, 45, 46, 76, 29, 18, 6, 14, 53, 54, 48, 55, 33, 62, 59, 66, 67, 20, 40, 79, 27, 30, 49, 35]
index list energy: 9527510.775764422Done

iterations:1000, temp:1000000.0, exponent:0.7, eif:300.0
time taken (sec): 0.2734949588775635
number of iterations: 1000
og index list: [16, 44, 47, 15, 2, 20, 54, 57, 41, 53, 21, 10, 46, 11, 29, 39, 51, 67, 18, 75, 48, 23, 68, 59, 77, 49, 79, 35, 3, 76, 52, 14, 22, 24, 78, 36, 74, 31, 12, 13, 28, 61, 1, 72, 38, 9, 69, 0, 34, 62, 65, 19, 30, 64, 58, 55, 43, 60, 45, 70, 42, 8, 7, 27, 25, 6, 17, 50, 4, 40, 26, 5, 32, 56, 37, 73, 33, 71, 63, 66]
og index list energy: 97264424.59338038
index list: [27, 30, 79, 41, 52, 59, 58, 61, 49, 29, 64, 13, 47, 46, 66, 42, 53, 32, 1, 18, 73, 15, 54, 34, 77, 38, 39, 4, 75, 22, 23, 69, 14, 60, 31, 36, 78, 35, 24, 40, 37, 12, 65, 25, 6, 67, 68, 72, 63, 21, 76, 43, 11, 71, 48, 50, 3, 10, 33, 16, 57, 9, 26, 2, 19, 20, 44, 45, 0, 74, 56, 5, 51, 62, 7, 8, 70, 55, 17, 28]
index list energy: 11544909.64782193Done

iterations:1000, temp:1000000.0, exponent:0.7, eif:300.0
time taken (sec): 0.14409184455871582
number of iterations: 1000
og index list: [62, 17, 78, 70, 76, 75, 9, 28, 47, 71, 60, 33, 74, 1, 14, 51, 18, 44, 23, 50, 22, 12, 11, 15, 30, 61, 43, 67, 39, 0, 69, 66, 42, 13, 52, 29, 72, 10, 7, 27, 40, 21, 68, 57, 64, 25, 2, 8, 45, 32, 38, 35, 31, 48, 56, 54, 20, 19, 5, 63, 55, 4, 79, 58, 6, 77, 73, 53, 49, 46, 26, 34, 59, 3, 41, 37, 24, 36, 65, 16]
og index list energy: 105447589.96790737
index list: [61, 22, 78, 27, 49, 8, 7, 23, 5, 63, 55, 70, 57, 36, 38, 51, 18, 44, 45, 59, 52, 14, 58, 76, 11, 15, 20, 60, 35, 3, 77, 62, 53, 32, 6, 68, 33, 41, 71, 13, 19, 40, 46, 73, 26, 28, 48, 37, 69, 72, 74, 29, 30, 0, 1, 2, 24, 25, 56, 12, 66, 42, 67, 4, 21, 16, 65, 10, 54, 64, 17, 34, 50, 43, 9, 75, 31, 39, 79, 47]
index list energy: 11587195.859783743Done

iterations:1000, temp:1000000.0, exponent:0.7, eif:300.0
time taken (sec): 0.19045400619506836
number of iterations: 1000
og index list: [11, 58, 70, 5, 76, 15, 13, 22, 2, 74, 36, 27, 21, 42, 62, 59, 55, 33, 29, 54, 47, 25, 31, 57, 12, 49, 61, 65, 4, 69, 37, 6, 51, 0, 71, 39, 20, 66, 41, 7, 19, 40, 60, 8, 3, 77, 63, 26, 45, 1, 14, 16, 28, 17, 24, 56, 23, 50, 34, 9, 46, 68, 44, 73, 52, 18, 30, 48, 79, 78, 72, 35, 38, 67, 64, 32, 75, 43, 10, 53]
og index list energy: 128087423.18466237
index list: [14, 17, 18, 41, 65, 10, 70, 76, 72, 36, 21, 75, 28, 42, 33, 64, 51, 52, 29, 77, 37, 38, 9, 57, 4, 5, 34, 16, 12, 25, 68, 3, 58, 62, 69, 59, 20, 74, 73, 13, 19, 15, 11, 60, 31, 48, 35, 47, 39, 71, 56, 26, 2, 0, 24, 66, 7, 79, 43, 50, 53, 44, 45, 54, 49, 27, 30, 55, 78, 61, 22, 23, 6, 67, 40, 46, 32, 1, 8, 63]
index list energy: 10915622.285241285Done

iterations:1000, temp:1000000.0, exponent:0.7, eif:300.0
time taken (sec): 0.40325093269348145
number of iterations: 1000
og index list: [0, 60, 61, 36, 63, 18, 6, 3, 48, 70, 41, 46, 43, 57, 67, 21, 14, 12, 8, 72, 45, 71, 15, 11, 23, 47, 77, 37, 1, 2, 35, 76, 64, 53, 69, 26, 24, 50, 75, 34, 51, 74, 78, 4, 7, 30, 65, 56, 49, 9, 55, 10, 39, 38, 33, 73, 68, 40, 19, 22, 42, 58, 20, 13, 62, 16, 5, 52, 17, 29, 66, 54, 31, 79, 44, 59, 32, 28, 27, 25]
og index list energy: 92408576.61429666
index list: [11, 56, 40, 36, 22, 8, 6, 14, 38, 47, 39, 68, 33, 64, 24, 57, 4, 26, 23, 72, 16, 20, 13, 46, 73, 10, 45, 54, 71, 76, 53, 9, 79, 18, 69, 58, 35, 48, 55, 43, 1, 2, 42, 59, 7, 30, 78, 60, 61, 62, 44, 51, 5, 63, 52, 67, 66, 70, 65, 77, 32, 41, 12, 21, 50, 17, 75, 3, 15, 19, 25, 74, 31, 34, 0, 49, 37, 27, 28, 29]
index list energy: 10521552.729239706Done

iterations:1000, temp:1000000.0, exponent:0.7, eif:300.0
time taken (sec): 0.32961487770080566
number of iterations: 1000
og index list: [79, 69, 36, 53, 46, 44, 41, 71, 51, 37, 12, 62, 21, 63, 54, 28, 52, 67, 16, 15, 31, 9, 45, 0, 34, 13, 59, 4, 10, 57, 1, 27, 38, 56, 76, 6, 35, 24, 19, 3, 48, 14, 75, 7, 65, 47, 58, 49, 23, 11, 40, 30, 25, 50, 77, 29, 8, 33, 43, 17, 70, 61, 5, 18, 32, 2, 78, 55, 39, 73, 20, 22, 74, 42, 72, 68, 26, 64, 66, 60]
og index list energy: 83307893.29184166
index list: [35, 46, 3, 57, 67, 4, 59, 7, 75, 43, 24, 47, 19, 20, 13, 54, 0, 72, 69, 9, 10, 11, 65, 25, 5, 33, 76, 38, 15, 6, 1, 27, 23, 17, 30, 61, 34, 51, 14, 40, 63, 55, 71, 44, 45, 50, 58, 78, 22, 79, 36, 64, 12, 52, 53, 29, 8, 16, 39, 21, 37, 62, 49, 18, 48, 2, 41, 77, 31, 32, 66, 42, 70, 73, 68, 56, 26, 28, 74, 60]
index list energy: 12012667.639726337Done

iterations:1000, temp:1000000.0, exponent:0.7, eif:300.0
time taken (sec): 0.3463869094848633
number of iterations: 1000
og index list: [58, 34, 69, 31, 20, 28, 10, 62, 67, 37, 27, 19, 23, 71, 25, 35, 73, 77, 9, 44, 1, 4, 36, 66, 15, 11, 29, 3, 14, 32, 12, 8, 78, 41, 46, 60, 17, 54, 47, 0, 33, 63, 51, 2, 70, 48, 24, 13, 55, 74, 6, 64, 53, 7, 59, 68, 52, 22, 38, 72, 18, 75, 40, 57, 39, 21, 42, 79, 61, 45, 49, 43, 5, 65, 56, 30, 50, 76, 26, 16]
og index list energy: 111387664.66723245
index list: [8, 41, 22, 50, 69, 66, 53, 6, 36, 74, 2, 1, 27, 23, 67, 68, 11, 65, 26, 18, 46, 14, 24, 13, 0, 44, 29, 30, 47, 3, 5, 15, 72, 39, 4, 42, 70, 37, 48, 57, 77, 28, 17, 52, 51, 55, 56, 10, 9, 21, 62, 33, 34, 78, 61, 71, 58, 79, 43, 63, 35, 59, 60, 31, 32, 20, 76, 16, 40, 45, 73, 12, 25, 38, 7, 49, 54, 64, 75, 19]
index list energy: 13208183.481302163Done

iterations:1000, temp:1000000.0, exponent:0.7, eif:300.0
time taken (sec): 0.2556781768798828
number of iterations: 1000
og index list: [21, 67, 63, 0, 29, 77, 70, 20, 35, 60, 47, 13, 64, 68, 9, 14, 16, 57, 15, 30, 66, 62, 65, 38, 73, 71, 43, 4, 78, 54, 37, 3, 6, 58, 76, 34, 40, 7, 19, 75, 61, 51, 79, 69, 41, 59, 45, 28, 36, 32, 25, 72, 53, 1, 18, 23, 74, 17, 10, 46, 31, 49, 26, 44, 12, 50, 5, 39, 27, 24, 56, 2, 48, 11, 8, 55, 33, 52, 22, 42]
og index list energy: 122019851.51761179
index list: [2, 32, 12, 76, 22, 78, 14, 69, 43, 73, 68, 72, 53, 33, 10, 17, 0, 47, 74, 18, 51, 40, 36, 77, 38, 19, 65, 4, 5, 16, 13, 3, 58, 35, 42, 46, 44, 45, 6, 63, 37, 52, 21, 34, 49, 28, 56, 75, 29, 30, 54, 55, 15, 1, 27, 23, 67, 41, 48, 64, 24, 25, 26, 8, 7, 50, 11, 60, 61, 62, 59, 20, 71, 39, 79, 31, 70, 57, 9, 66]
index list energy: 11553004.534907322Done

iterations:1000, temp:1000000.0, exponent:0.7, eif:300.0
time taken (sec): 0.2093210220336914
number of iterations: 1000
og index list: [53, 44, 25, 2, 46, 54, 8, 18, 13, 72, 11, 23, 29, 22, 20, 34, 47, 26, 4, 52, 76, 77, 66, 33, 19, 7, 31, 1, 75, 62, 56, 50, 67, 45, 39, 55, 16, 79, 71, 48, 5, 3, 21, 28, 59, 64, 57, 73, 10, 68, 41, 32, 36, 65, 38, 24, 30, 74, 12, 27, 40, 51, 61, 42, 78, 58, 35, 49, 14, 60, 70, 43, 17, 6, 69, 63, 9, 15, 37, 0]
og index list energy: 105111596.79700989
index list: [67, 66, 33, 2, 54, 37, 22, 30, 55, 72, 11, 3, 24, 49, 38, 32, 51, 39, 4, 56, 15, 57, 12, 60, 35, 44, 31, 29, 75, 18, 63, 50, 14, 52, 42, 43, 9, 10, 79, 5, 19, 59, 25, 26, 23, 7, 78, 8, 53, 45, 6, 69, 36, 71, 40, 73, 13, 46, 48, 16, 47, 76, 41, 65, 68, 58, 61, 62, 74, 20, 21, 64, 17, 28, 0, 1, 27, 77, 70, 34]
index list energy: 12359046.497383948Done

iterations:1000, temp:1000000.0, exponent:0.7, eif:300.0
time taken (sec): 0.12853598594665527
number of iterations: 1000
og index list: [56, 5, 46, 29, 20, 73, 69, 75, 0, 28, 76, 12, 77, 33, 68, 18, 36, 11, 60, 57, 61, 35, 45, 64, 8, 16, 3, 23, 14, 41, 10, 42, 39, 78, 25, 65, 15, 66, 19, 31, 9, 44, 72, 24, 59, 70, 49, 48, 52, 71, 32, 51, 30, 34, 54, 74, 62, 37, 1, 4, 58, 27, 13, 6, 17, 63, 50, 79, 43, 26, 40, 67, 22, 47, 53, 55, 2, 38, 21, 7]
og index list energy: 108957875.06889072
index list: [67, 24, 65, 12, 25, 26, 30, 79, 17, 28, 59, 0, 73, 20, 68, 7, 8, 56, 66, 33, 16, 70, 64, 39, 57, 4, 5, 51, 36, 55, 78, 35, 9, 38, 6, 43, 41, 76, 13, 77, 31, 44, 11, 1, 2, 15, 63, 62, 69, 42, 72, 58, 61, 34, 49, 27, 23, 22, 18, 47, 19, 48, 10, 46, 29, 75, 60, 74, 32, 71, 21, 37, 52, 14, 53, 54, 50, 3, 40, 45]
index list energy: 13561705.249023957Done

iterations:1000, temp:1000000.0, exponent:0.7, eif:300.0
time taken (sec): 0.10629391670227051
number of iterations: 1000
og index list: [61, 16, 32, 42, 21, 5, 79, 36, 49, 18, 68, 19, 3, 69, 41, 67, 33, 74, 17, 24, 55, 22, 43, 54, 65, 72, 53, 62, 46, 77, 63, 34, 11, 37, 27, 29, 8, 59, 0, 60, 31, 45, 50, 76, 10, 28, 75, 13, 35, 39, 52, 23, 30, 20, 12, 71, 44, 15, 66, 78, 1, 14, 6, 51, 4, 9, 7, 57, 47, 64, 2, 25, 38, 58, 26, 70, 73, 40, 56, 48]
og index list energy: 79184864.61666784
index list: [61, 76, 59, 4, 20, 13, 0, 7, 79, 18, 9, 52, 70, 66, 11, 71, 24, 17, 23, 53, 75, 29, 28, 36, 62, 42, 72, 56, 12, 68, 60, 78, 67, 5, 58, 22, 8, 3, 38, 63, 55, 69, 43, 41, 21, 34, 37, 57, 45, 46, 54, 64, 73, 10, 19, 47, 65, 25, 40, 48, 27, 74, 30, 31, 26, 50, 15, 35, 49, 39, 1, 2, 32, 51, 16, 44, 6, 33, 77, 14]
index list energy: 11930552.619708577Done

iterations:1000, temp:1000000.0, exponent:0.7, eif:300.0
time taken (sec): 0.12540483474731445
number of iterations: 1000
og index list: [6, 78, 8, 53, 1, 39, 15, 65, 25, 54, 9, 70, 41, 47, 66, 62, 7, 44, 24, 4, 60, 0, 31, 38, 58, 40, 2, 64, 56, 75, 32, 42, 67, 51, 28, 59, 33, 72, 35, 50, 74, 5, 12, 10, 49, 68, 52, 76, 61, 26, 20, 11, 23, 77, 48, 69, 43, 57, 45, 19, 71, 22, 63, 14, 34, 55, 16, 18, 27, 36, 17, 79, 37, 73, 3, 46, 13, 29, 21, 30]
og index list energy: 120826739.58040243
index list: [20, 79, 21, 35, 3, 40, 73, 65, 5, 64, 56, 57, 60, 45, 67, 66, 17, 18, 69, 29, 2, 9, 10, 33, 22, 78, 16, 74, 26, 76, 68, 11, 25, 75, 28, 31, 63, 62, 6, 24, 13, 59, 41, 47, 32, 12, 4, 77, 61, 0, 39, 49, 23, 53, 54, 71, 52, 42, 72, 19, 7, 30, 51, 43, 58, 55, 15, 48, 34, 37, 27, 8, 44, 36, 50, 14, 70, 38, 46, 1]
index list energy: 13062116.362672376Done

iterations:1000, temp:1000000.0, exponent:0.7, eif:300.0
time taken (sec): 0.12524986267089844
number of iterations: 1000
og index list: [67, 66, 9, 3, 23, 58, 15, 21, 61, 64, 35, 62, 45, 34, 51, 13, 75, 47, 0, 73, 50, 1, 17, 31, 39, 57, 63, 26, 4, 37, 11, 10, 5, 28, 43, 12, 24, 7, 78, 56, 65, 53, 42, 25, 46, 72, 6, 16, 54, 49, 14, 20, 79, 40, 76, 38, 68, 2, 52, 27, 18, 48, 33, 69, 44, 70, 8, 55, 60, 71, 29, 32, 41, 36, 19, 30, 74, 59, 77, 22]
og index list energy: 82917585.97022074
index list: [25, 60, 64, 78, 23, 58, 31, 54, 37, 10, 19, 66, 33, 16, 12, 13, 41, 65, 40, 47, 50, 24, 26, 2, 71, 21, 55, 14, 43, 3, 39, 76, 18, 52, 11, 20, 68, 7, 8, 15, 32, 57, 36, 0, 46, 69, 59, 1, 27, 34, 45, 6, 70, 62, 67, 51, 29, 30, 35, 17, 74, 5, 73, 4, 75, 61, 49, 56, 38, 48, 77, 28, 42, 53, 72, 44, 9, 79, 63, 22]
index list energy: 13985915.039978135Done

iterations:1000, temp:1000000.0, exponent:0.7, eif:300.0
time taken (sec): 0.12421703338623047
number of iterations: 1000
og index list: [74, 6, 35, 20, 22, 39, 29, 71, 70, 56, 43, 28, 64, 11, 48, 58, 77, 3, 16, 53, 46, 4, 73, 42, 51, 59, 75, 78, 60, 61, 68, 31, 24, 0, 23, 41, 15, 76, 8, 38, 57, 2, 32, 25, 19, 65, 54, 40, 9, 67, 69, 50, 13, 47, 34, 7, 62, 10, 14, 63, 55, 18, 33, 1, 72, 5, 17, 66, 45, 79, 49, 26, 52, 44, 21, 12, 37, 30, 27, 36]
og index list energy: 108325039.92430425
index list: [49, 27, 2, 63, 64, 16, 69, 45, 46, 24, 68, 72, 1, 37, 5, 3, 10, 47, 73, 40, 9, 4, 21, 75, 39, 25, 26, 18, 42, 33, 35, 67, 59, 65, 38, 7, 30, 79, 62, 41, 66, 53, 36, 71, 48, 55, 56, 77, 23, 0, 54, 52, 43, 51, 34, 32, 12, 13, 58, 61, 76, 44, 31, 19, 60, 50, 17, 78, 70, 22, 28, 29, 8, 74, 11, 15, 6, 14, 20, 57]
index list energy: 12110907.73024504Done

iterations:1000, temp:1000000.0, exponent:0.7, eif:300.0
time taken (sec): 0.19160795211791992
number of iterations: 1000
og index list: [73, 9, 49, 50, 57, 14, 63, 74, 32, 8, 55, 35, 17, 54, 62, 20, 40, 28, 39, 22, 69, 33, 44, 19, 59, 30, 13, 46, 10, 43, 53, 7, 56, 16, 66, 18, 67, 37, 76, 77, 24, 26, 45, 38, 70, 4, 79, 1, 41, 3, 47, 78, 25, 72, 2, 15, 5, 12, 61, 11, 29, 60, 64, 42, 58, 6, 52, 23, 51, 34, 75, 48, 21, 68, 71, 0, 31, 27, 65, 36]
og index list energy: 133780191.66550887
index list: [69, 63, 49, 28, 14, 5, 19, 57, 15, 67, 20, 66, 33, 27, 30, 77, 34, 35, 70, 65, 68, 72, 43, 36, 37, 38, 22, 23, 24, 25, 53, 16, 51, 10, 11, 60, 31, 32, 26, 79, 75, 42, 78, 2, 45, 58, 61, 21, 0, 3, 40, 46, 48, 62, 59, 13, 41, 55, 56, 71, 44, 47, 73, 76, 6, 7, 8, 9, 64, 12, 52, 29, 74, 39, 4, 1, 50, 17, 18, 54]
index list energy: 10845198.132915355Done

iterations:1000, temp:1000000.0, exponent:0.7, eif:300.0
time taken (sec): 0.20429110527038574
number of iterations: 1000
og index list: [23, 40, 56, 62, 17, 69, 13, 36, 50, 15, 21, 32, 53, 33, 52, 54, 77, 5, 41, 3, 26, 68, 67, 27, 57, 78, 79, 24, 58, 75, 19, 25, 29, 51, 63, 38, 43, 28, 7, 47, 30, 60, 4, 8, 49, 76, 34, 48, 0, 2, 16, 74, 20, 42, 61, 12, 71, 72, 11, 64, 55, 46, 22, 10, 6, 70, 65, 59, 73, 14, 44, 39, 18, 1, 9, 45, 31, 66, 37, 35]
og index list energy: 110016063.88496128
index list: [12, 40, 22, 30, 32, 39, 20, 57, 9, 55, 56, 65, 47, 54, 62, 11, 66, 42, 72, 51, 26, 50, 67, 5, 24, 0, 19, 60, 61, 77, 4, 25, 21, 31, 36, 35, 58, 64, 70, 15, 6, 14, 75, 10, 41, 71, 53, 29, 74, 2, 69, 7, 8, 52, 78, 37, 28, 63, 34, 49, 27, 23, 73, 13, 48, 76, 17, 79, 43, 44, 45, 16, 46, 1, 18, 3, 38, 59, 68, 33]
index list energy: 13864957.080531102Done

iterations:1000, temp:1000000.0, exponent:0.7, eif:300.0
time taken (sec): 0.12415504455566406
number of iterations: 1000
og index list: [79, 34, 2, 68, 12, 39, 67, 19, 21, 66, 32, 6, 17, 7, 58, 0, 4, 50, 29, 70, 26, 69, 20, 37, 31, 30, 38, 16, 10, 51, 45, 77, 40, 44, 48, 9, 74, 8, 23, 49, 62, 64, 3, 75, 59, 54, 73, 60, 72, 42, 57, 52, 22, 61, 28, 27, 25, 46, 5, 1, 24, 63, 15, 18, 76, 56, 47, 43, 78, 13, 71, 33, 35, 36, 55, 11, 41, 65, 53, 14]
og index list energy: 143733039.20084205
index list: [27, 28, 43, 73, 26, 0, 46, 39, 49, 30, 3, 12, 10, 59, 13, 7, 8, 14, 29, 76, 22, 23, 60, 61, 62, 63, 65, 1, 18, 19, 15, 54, 78, 31, 35, 9, 79, 75, 36, 21, 34, 74, 4, 53, 45, 51, 52, 42, 72, 56, 57, 6, 50, 17, 2, 16, 67, 5, 48, 64, 71, 44, 41, 37, 77, 69, 70, 66, 11, 25, 68, 33, 38, 58, 55, 24, 40, 32, 20, 47]
index list energy: 10098701.237684242Done

iterations:1000, temp:1000000.0, exponent:0.7, eif:300.0
time taken (sec): 0.10867500305175781
number of iterations: 1000
og index list: [35, 6, 43, 77, 69, 5, 23, 56, 42, 18, 55, 50, 63, 28, 39, 57, 59, 4, 40, 44, 48, 66, 70, 79, 67, 11, 26, 12, 37, 0, 73, 24, 7, 65, 17, 68, 1, 16, 38, 15, 74, 49, 41, 30, 52, 62, 61, 60, 10, 53, 78, 46, 9, 51, 29, 8, 20, 13, 34, 47, 45, 2, 64, 14, 27, 32, 75, 54, 31, 22, 72, 19, 21, 25, 76, 33, 3, 36, 58, 71]
og index list energy: 118613517.72257651
index list: [14, 77, 12, 71, 66, 75, 23, 33, 34, 49, 30, 31, 61, 10, 17, 18, 41, 65, 76, 45, 51, 55, 70, 21, 74, 28, 67, 5, 3, 20, 15, 19, 43, 36, 48, 35, 44, 9, 38, 63, 62, 59, 29, 2, 69, 1, 64, 73, 52, 56, 78, 42, 72, 46, 4, 25, 60, 54, 57, 6, 7, 8, 53, 32, 26, 27, 79, 37, 58, 22, 0, 47, 16, 40, 50, 11, 68, 24, 39, 13]
index list energy: 12640776.321739348Done

iterations:1000, temp:1000000.0, exponent:0.7, eif:300.0
time taken (sec): 0.13737201690673828
number of iterations: 1000
og index list: [14, 45, 25, 66, 44, 58, 10, 19, 0, 36, 12, 23, 24, 73, 6, 68, 39, 28, 4, 27, 67, 11, 5, 21, 79, 77, 50, 56, 53, 37, 52, 3, 42, 22, 40, 7, 46, 72, 16, 62, 2, 30, 76, 35, 18, 31, 13, 75, 54, 38, 60, 51, 61, 41, 47, 71, 78, 55, 32, 48, 59, 65, 26, 63, 15, 8, 43, 69, 17, 49, 57, 74, 20, 9, 64, 29, 34, 1, 70, 33]
og index list energy: 119131542.80725838
index list: [42, 11, 48, 34, 35, 73, 79, 39, 12, 74, 59, 44, 72, 3, 25, 56, 50, 24, 10, 1, 30, 49, 2, 15, 46, 5, 36, 64, 62, 63, 55, 43, 76, 45, 16, 38, 32, 20, 68, 54, 21, 18, 75, 23, 14, 26, 78, 13, 19, 60, 31, 7, 77, 9, 52, 33, 61, 57, 58, 0, 47, 6, 67, 69, 41, 71, 65, 4, 40, 37, 66, 17, 8, 53, 51, 29, 27, 28, 70, 22]
index list energy: 11603907.273677152Done

iterations:1000, temp:1000000.0, exponent:0.7, eif:300.0
time taken (sec): 0.15103507041931152
number of iterations: 1000
og index list: [0, 71, 74, 51, 14, 32, 30, 27, 69, 5, 22, 66, 61, 17, 35, 3, 76, 12, 9, 21, 7, 33, 54, 23, 62, 53, 29, 47, 44, 56, 57, 45, 41, 37, 70, 58, 77, 40, 13, 55, 46, 15, 64, 10, 1, 50, 16, 65, 59, 73, 48, 79, 31, 20, 52, 39, 34, 42, 60, 6, 72, 63, 78, 26, 67, 8, 2, 25, 75, 49, 18, 4, 19, 28, 68, 36, 43, 24, 38, 11]
og index list energy: 123625756.68988112
index list: [66, 42, 76, 61, 64, 52, 59, 24, 10, 51, 40, 19, 7, 23, 67, 56, 57, 46, 12, 13, 16, 60, 75, 29, 18, 31, 32, 39, 21, 74, 45, 44, 54, 37, 27, 30, 77, 43, 47, 50, 3, 68, 9, 38, 1, 2, 73, 25, 49, 72, 63, 62, 58, 55, 26, 28, 17, 8, 41, 65, 79, 33, 34, 35, 70, 4, 5, 69, 53, 78, 14, 15, 36, 0, 11, 6, 48, 71, 20, 22]
index list energy: 12575486.69769422Done

iterations:1000, temp:1000000.0, exponent:0.7, eif:300.0
time taken (sec): 0.1211700439453125
number of iterations: 1000
og index list: [77, 2, 32, 69, 74, 17, 35, 66, 76, 68, 15, 30, 56, 24, 79, 47, 7, 54, 27, 65, 19, 60, 37, 1, 39, 71, 59, 62, 23, 31, 20, 34, 22, 36, 50, 29, 75, 49, 51, 38, 57, 52, 5, 43, 67, 9, 55, 63, 16, 48, 78, 21, 18, 33, 40, 53, 10, 41, 73, 26, 3, 45, 8, 4, 13, 28, 6, 61, 14, 64, 11, 70, 0, 44, 25, 12, 72, 42, 58, 46]
og index list energy: 133583709.02514145
index list: [60, 61, 62, 26, 79, 59, 10, 7, 23, 5, 11, 66, 29, 30, 35, 53, 32, 6, 43, 77, 57, 16, 9, 0, 39, 40, 41, 38, 65, 71, 78, 69, 72, 14, 42, 51, 4, 49, 17, 28, 33, 52, 76, 31, 47, 63, 55, 15, 64, 67, 68, 54, 8, 1, 2, 19, 12, 25, 20, 56, 13, 58, 37, 21, 22, 74, 24, 50, 70, 3, 48, 34, 45, 44, 46, 36, 75, 27, 18, 73]
index list energy: 13490772.89297072Done

iterations:1000, temp:1000000.0, exponent:0.7, eif:300.0
time taken (sec): 0.11572790145874023
number of iterations: 1000
og index list: [19, 18, 9, 62, 27, 14, 8, 17, 53, 3, 40, 2, 58, 37, 39, 47, 55, 50, 11, 54, 41, 24, 48, 60, 51, 65, 71, 52, 79, 78, 31, 68, 61, 59, 74, 70, 21, 7, 25, 64, 28, 12, 69, 23, 30, 45, 35, 0, 22, 46, 6, 72, 49, 34, 13, 33, 4, 44, 36, 10, 26, 73, 66, 76, 15, 5, 56, 75, 77, 32, 29, 38, 43, 16, 63, 42, 57, 20, 1, 67]
og index list energy: 129376606.4102364
index list: [23, 42, 67, 79, 27, 18, 46, 19, 4, 25, 20, 56, 26, 2, 33, 34, 32, 15, 14, 5, 39, 49, 55, 60, 61, 77, 45, 74, 48, 35, 70, 71, 59, 65, 38, 53, 44, 63, 50, 16, 12, 13, 36, 62, 69, 11, 68, 51, 64, 40, 9, 21, 37, 78, 31, 7, 28, 3, 57, 43, 47, 73, 52, 17, 8, 6, 24, 10, 72, 76, 66, 29, 30, 54, 75, 1, 0, 41, 58, 22]
index list energy: 13793396.80602621Done

iterations:1000, temp:1000000.0, exponent:0.7, eif:300.0
time taken (sec): 0.09988284111022949
number of iterations: 1000
og index list: [60, 5, 70, 75, 57, 74, 59, 36, 76, 9, 8, 41, 63, 22, 3, 67, 50, 71, 32, 58, 55, 13, 40, 42, 68, 24, 20, 29, 39, 1, 49, 48, 21, 35, 17, 0, 10, 62, 6, 69, 19, 61, 11, 56, 2, 18, 14, 66, 65, 77, 51, 53, 7, 15, 30, 16, 34, 72, 46, 47, 64, 4, 23, 31, 33, 52, 12, 78, 37, 38, 27, 45, 25, 73, 28, 79, 44, 43, 54, 26]
og index list energy: 111252874.17893237
index list: [30, 31, 3, 16, 48, 34, 35, 1, 79, 8, 41, 37, 64, 53, 36, 38, 6, 17, 18, 45, 46, 39, 40, 63, 78, 72, 75, 29, 27, 76, 9, 25, 26, 23, 24, 13, 54, 62, 73, 77, 58, 61, 71, 21, 2, 22, 74, 67, 4, 57, 52, 15, 47, 51, 60, 50, 44, 42, 33, 55, 14, 7, 28, 49, 11, 5, 0, 19, 12, 10, 69, 43, 32, 65, 68, 59, 56, 66, 70, 20]
index list energy: 11484985.334540848Done

iterations:1000, temp:1000000.0, exponent:0.7, eif:300.0
time taken (sec): 0.10198497772216797
number of iterations: 1000
og index list: [11, 41, 77, 8, 25, 55, 56, 42, 44, 18, 17, 15, 26, 65, 22, 5, 38, 10, 40, 2, 70, 34, 20, 6, 72, 54, 14, 78, 75, 28, 13, 67, 62, 37, 16, 30, 7, 3, 48, 24, 32, 0, 69, 64, 31, 35, 39, 45, 49, 74, 68, 12, 50, 52, 66, 1, 9, 58, 4, 47, 36, 27, 63, 23, 59, 76, 19, 71, 60, 43, 53, 61, 73, 46, 57, 51, 33, 21, 29, 79]
og index list energy: 114016233.11377127
index list: [59, 60, 77, 27, 2, 67, 38, 39, 68, 15, 17, 23, 14, 20, 4, 56, 5, 53, 58, 37, 64, 12, 57, 46, 41, 34, 35, 73, 26, 78, 47, 1, 28, 79, 43, 9, 10, 42, 50, 33, 0, 3, 52, 75, 6, 44, 11, 65, 40, 63, 76, 7, 49, 74, 8, 54, 62, 45, 36, 61, 22, 30, 31, 19, 24, 13, 32, 25, 51, 66, 70, 71, 48, 16, 21, 55, 69, 72, 29, 18]
index list energy: 11397359.026574189Done

iterations:1000, temp:1000000.0, exponent:0.7, eif:300.0
time taken (sec): 0.17600202560424805
number of iterations: 1000
og index list: [69, 61, 23, 30, 0, 59, 10, 77, 64, 42, 62, 34, 52, 70, 39, 26, 78, 50, 22, 44, 31, 36, 48, 18, 71, 75, 17, 58, 35, 32, 41, 38, 57, 24, 37, 47, 40, 66, 51, 45, 20, 60, 9, 8, 53, 5, 54, 27, 21, 28, 25, 16, 79, 49, 15, 72, 33, 3, 1, 46, 19, 29, 65, 2, 56, 4, 12, 63, 73, 7, 55, 6, 76, 43, 11, 74, 68, 14, 13, 67]
og index list energy: 93266187.78458251
index list: [77, 27, 28, 9, 26, 2, 19, 17, 79, 22, 30, 49, 31, 41, 4, 13, 36, 65, 38, 40, 32, 20, 12, 71, 48, 6, 63, 34, 35, 5, 11, 68, 69, 74, 18, 14, 15, 46, 47, 54, 61, 76, 10, 43, 67, 52, 56, 25, 21, 50, 72, 16, 70, 55, 3, 7, 0, 53, 44, 45, 51, 29, 75, 73, 57, 1, 8, 58, 62, 24, 78, 23, 33, 64, 39, 66, 42, 59, 60, 37]
index list energy: 12481056.081810128Done

iterations:1000, temp:1000000.0, exponent:0.7, eif:300.0
time taken (sec): 0.12194609642028809
number of iterations: 1000
og index list: [40, 69, 0, 15, 41, 45, 12, 50, 64, 65, 27, 8, 28, 26, 35, 31, 44, 60, 56, 42, 76, 4, 78, 58, 39, 72, 57, 68, 55, 74, 16, 49, 77, 48, 43, 30, 19, 75, 9, 36, 5, 37, 1, 63, 17, 33, 66, 54, 59, 29, 2, 47, 25, 34, 14, 24, 18, 11, 20, 53, 3, 21, 38, 70, 10, 23, 79, 51, 6, 46, 71, 13, 32, 7, 52, 22, 61, 67, 62, 73]
og index list energy: 132342184.66935432
index list: [33, 22, 28, 24, 56, 57, 1, 74, 23, 77, 27, 8, 11, 44, 50, 73, 40, 9, 13, 47, 75, 2, 19, 70, 39, 5, 41, 10, 17, 0, 15, 29, 79, 3, 7, 30, 45, 46, 51, 71, 20, 66, 42, 43, 58, 78, 18, 32, 6, 59, 60, 61, 76, 34, 64, 65, 12, 52, 53, 54, 31, 25, 69, 26, 49, 4, 68, 48, 35, 16, 72, 36, 62, 63, 37, 38, 21, 55, 14, 67]
index list energy: 11472215.261909014Done

iterations:1000, temp:1000000.0, exponent:0.7, eif:300.0
time taken (sec): 0.1028900146484375
number of iterations: 1000
og index list: [58, 53, 63, 67, 5, 44, 61, 62, 43, 27, 47, 38, 77, 48, 15, 2, 54, 12, 8, 4, 49, 26, 66, 20, 52, 13, 9, 28, 78, 23, 29, 46, 32, 51, 6, 18, 70, 42, 0, 19, 1, 50, 75, 64, 3, 56, 59, 33, 69, 57, 37, 71, 24, 65, 22, 76, 25, 34, 30, 16, 79, 31, 17, 72, 74, 45, 60, 10, 68, 73, 11, 55, 41, 39, 36, 35, 40, 7, 21, 14]
og index list energy: 117879294.819044
index list: [8, 7, 77, 54, 58, 31, 73, 15, 9, 57, 22, 18, 45, 1, 27, 2, 63, 74, 34, 49, 29, 30, 32, 56, 13, 19, 76, 28, 79, 23, 68, 14, 43, 44, 36, 38, 47, 16, 69, 5, 46, 50, 70, 51, 6, 33, 64, 12, 10, 59, 24, 39, 21, 55, 26, 75, 61, 62, 67, 0, 78, 53, 17, 37, 4, 71, 60, 35, 11, 25, 20, 52, 66, 42, 72, 3, 40, 41, 65, 48]
index list energy: 11864201.15315961Done

iterations:1000, temp:1000000.0, exponent:0.7, eif:300.0
time taken (sec): 0.2599520683288574
number of iterations: 1000
og index list: [23, 76, 40, 68, 22, 60, 9, 59, 6, 17, 69, 58, 71, 67, 55, 18, 19, 42, 28, 11, 63, 36, 25, 2, 45, 3, 12, 51, 54, 47, 29, 56, 43, 46, 66, 53, 75, 1, 26, 70, 57, 4, 48, 78, 33, 38, 50, 44, 52, 0, 37, 41, 73, 74, 5, 21, 61, 77, 13, 79, 34, 14, 31, 35, 72, 64, 16, 20, 24, 8, 39, 27, 62, 65, 30, 49, 15, 10, 32, 7]
og index list energy: 89412926.38070838
index list: [60, 37, 24, 66, 67, 4, 26, 27, 23, 69, 53, 9, 38, 47, 46, 63, 77, 8, 14, 7, 79, 52, 42, 59, 65, 25, 20, 12, 13, 6, 76, 45, 16, 73, 49, 40, 36, 62, 17, 18, 19, 5, 72, 3, 58, 75, 28, 43, 50, 0, 41, 1, 74, 35, 51, 44, 54, 71, 21, 64, 34, 61, 78, 2, 39, 15, 33, 55, 56, 10, 11, 70, 57, 29, 30, 31, 32, 68, 48, 22]
index list energy: 8003040.83061983Done

iterations:1000, temp:1000000.0, exponent:0.7, eif:300.0
time taken (sec): 0.2517368793487549
number of iterations: 1000
og index list: [16, 53, 73, 25, 75, 28, 7, 10, 50, 55, 14, 36, 69, 21, 39, 32, 26, 46, 8, 18, 29, 48, 41, 58, 35, 33, 56, 49, 62, 77, 19, 23, 59, 31, 5, 60, 3, 15, 0, 61, 65, 24, 57, 70, 12, 17, 6, 71, 9, 67, 79, 42, 74, 45, 27, 37, 63, 43, 4, 47, 1, 22, 13, 52, 66, 2, 68, 54, 51, 78, 11, 38, 72, 20, 76, 30, 40, 64, 34, 44]
og index list energy: 107405765.52483976
index list: [27, 23, 16, 19, 67, 26, 78, 10, 59, 68, 72, 43, 7, 8, 73, 40, 3, 12, 71, 4, 77, 24, 5, 58, 35, 54, 0, 39, 56, 25, 15, 48, 49, 69, 53, 11, 65, 1, 50, 41, 74, 29, 18, 32, 57, 17, 28, 42, 70, 37, 20, 13, 47, 64, 21, 38, 44, 79, 33, 62, 9, 22, 75, 2, 63, 52, 51, 34, 45, 46, 36, 55, 66, 14, 76, 30, 31, 6, 60, 61]
index list energy: 11204089.256099088Done

iterations:1000, temp:1000000.0, exponent:0.7, eif:300.0
time taken (sec): 0.12947988510131836
number of iterations: 1000
og index list: [55, 20, 27, 63, 15, 61, 45, 32, 79, 43, 34, 52, 25, 22, 24, 68, 31, 0, 19, 29, 44, 33, 35, 67, 18, 75, 42, 59, 39, 3, 1, 71, 23, 69, 14, 26, 78, 5, 17, 56, 73, 60, 48, 41, 28, 6, 49, 51, 66, 4, 37, 7, 74, 62, 54, 65, 46, 50, 8, 2, 47, 58, 77, 72, 16, 57, 30, 36, 11, 13, 70, 9, 38, 53, 12, 64, 76, 40, 21, 10]
og index list energy: 87934546.13277793
index list: [30, 77, 27, 0, 32, 44, 46, 68, 63, 55, 70, 22, 50, 43, 9, 38, 5, 53, 41, 57, 39, 25, 52, 56, 12, 34, 61, 74, 40, 14, 15, 1, 28, 69, 67, 26, 2, 51, 17, 75, 16, 29, 18, 76, 23, 72, 47, 73, 10, 33, 71, 7, 49, 31, 54, 37, 4, 20, 79, 35, 48, 36, 64, 65, 66, 58, 78, 42, 59, 13, 6, 11, 21, 8, 3, 60, 62, 45, 19, 24]
index list energy: 12180563.901840119Done

iterations:1000, temp:1000000.0, exponent:0.7, eif:300.0
time taken (sec): 0.11560797691345215
number of iterations: 1000
og index list: [2, 62, 61, 46, 71, 77, 51, 37, 20, 0, 76, 65, 6, 12, 48, 27, 29, 63, 44, 9, 15, 41, 79, 50, 49, 59, 39, 8, 66, 73, 17, 18, 74, 53, 56, 14, 13, 72, 38, 78, 43, 75, 60, 4, 7, 35, 55, 33, 69, 40, 21, 11, 32, 52, 22, 24, 31, 5, 30, 45, 19, 58, 28, 16, 36, 57, 26, 25, 47, 42, 68, 3, 1, 34, 67, 54, 64, 23, 10, 70]
og index list energy: 113521781.329715
index list: [45, 54, 50, 17, 0, 3, 67, 66, 69, 33, 34, 35, 6, 14, 26, 27, 22, 28, 42, 11, 4, 57, 24, 40, 78, 73, 20, 25, 75, 72, 51, 29, 30, 31, 59, 77, 18, 76, 70, 48, 49, 23, 5, 56, 74, 61, 38, 36, 79, 62, 58, 64, 21, 39, 60, 37, 55, 53, 43, 44, 19, 15, 7, 8, 1, 2, 41, 65, 10, 32, 52, 63, 47, 16, 71, 12, 13, 46, 68, 9]
index list energy: 12680607.031061321Done

iterations:1000, temp:1000000.0, exponent:0.7, eif:300.0
time taken (sec): 0.11682605743408203
number of iterations: 1000
og index list: [52, 49, 7, 38, 69, 73, 71, 28, 78, 27, 2, 23, 30, 58, 34, 40, 43, 41, 37, 1, 45, 60, 4, 20, 14, 32, 55, 10, 57, 65, 19, 17, 70, 50, 67, 35, 79, 26, 0, 64, 72, 15, 31, 11, 59, 53, 21, 16, 25, 6, 63, 18, 66, 44, 54, 8, 24, 76, 39, 62, 36, 61, 3, 75, 13, 9, 12, 56, 51, 29, 48, 74, 5, 22, 68, 47, 46, 42, 33, 77]
og index list energy: 90965608.83502385
index list: [22, 30, 31, 74, 72, 32, 71, 17, 27, 79, 18, 7, 78, 23, 75, 9, 65, 68, 41, 15, 6, 59, 60, 61, 62, 42, 16, 24, 4, 26, 0, 3, 63, 50, 67, 13, 45, 58, 55, 70, 1, 49, 56, 10, 11, 12, 57, 19, 20, 66, 33, 8, 54, 76, 29, 28, 14, 5, 39, 25, 69, 36, 34, 35, 51, 64, 40, 47, 48, 21, 37, 38, 73, 52, 53, 77, 2, 43, 46, 44]
index list energy: 9658025.669767996Done

iterations:1000, temp:1000000.0, exponent:0.7, eif:300.0
time taken (sec): 0.13219594955444336
number of iterations: 1000
og index list: [19, 42, 62, 10, 55, 69, 25, 39, 70, 31, 21, 23, 14, 7, 33, 3, 15, 72, 44, 18, 26, 36, 35, 75, 13, 64, 65, 63, 12, 52, 67, 68, 1, 51, 53, 77, 22, 79, 38, 27, 28, 50, 2, 78, 11, 32, 76, 49, 17, 58, 48, 57, 59, 4, 56, 40, 9, 43, 0, 74, 45, 29, 46, 20, 5, 30, 73, 60, 16, 41, 54, 6, 61, 66, 71, 47, 34, 24, 8, 37]
og index list energy: 115561558.64227225
index list: [42, 17, 27, 28, 72, 9, 71, 56, 40, 32, 21, 22, 77, 70, 52, 49, 29, 8, 65, 25, 26, 2, 51, 36, 18, 41, 57, 68, 74, 23, 53, 43, 16, 48, 55, 1, 76, 61, 34, 78, 46, 39, 60, 75, 11, 66, 67, 14, 5, 58, 35, 6, 15, 69, 33, 37, 38, 44, 54, 62, 63, 12, 13, 73, 79, 30, 31, 3, 50, 19, 7, 64, 0, 45, 24, 4, 10, 59, 20, 47]
index list energy: 10601061.337443504Done

iterations:1000, temp:1000000.0, exponent:0.7, eif:300.0
time taken (sec): 0.13120603561401367
number of iterations: 1000
og index list: [79, 19, 49, 16, 29, 43, 67, 32, 45, 55, 22, 50, 27, 66, 74, 46, 41, 15, 33, 75, 47, 64, 71, 52, 77, 60, 35, 42, 2, 63, 5, 8, 57, 69, 62, 23, 31, 13, 9, 18, 40, 7, 34, 44, 72, 38, 11, 51, 26, 58, 54, 1, 73, 61, 48, 56, 10, 25, 78, 53, 28, 3, 21, 37, 68, 0, 76, 30, 20, 24, 12, 17, 36, 65, 39, 59, 6, 14, 4, 70]
og index list energy: 119412222.84511913
index list: [1, 27, 0, 3, 40, 46, 39, 7, 76, 72, 22, 28, 33, 62, 19, 5, 48, 65, 26, 18, 63, 64, 47, 41, 25, 75, 2, 45, 17, 78, 8, 43, 73, 74, 23, 44, 54, 50, 67, 36, 10, 70, 68, 59, 56, 58, 55, 53, 9, 13, 77, 11, 49, 38, 69, 71, 16, 66, 79, 6, 24, 12, 52, 42, 14, 15, 32, 60, 61, 37, 21, 34, 35, 51, 20, 4, 29, 30, 31, 57]
index list energy: 9780650.672090538Done

iterations:1000, temp:1000000.0, exponent:0.7, eif:300.0
time taken (sec): 0.1475229263305664
number of iterations: 1000
og index list: [42, 76, 4, 63, 35, 28, 3, 56, 18, 51, 75, 68, 72, 74, 73, 17, 2, 8, 44, 54, 62, 71, 64, 47, 70, 52, 24, 6, 66, 31, 26, 78, 19, 27, 65, 25, 23, 53, 48, 43, 15, 21, 39, 29, 11, 22, 46, 37, 33, 67, 7, 58, 30, 14, 55, 34, 1, 77, 36, 16, 12, 57, 0, 13, 61, 41, 69, 79, 32, 49, 45, 38, 20, 9, 59, 5, 50, 40, 60, 10]
og index list energy: 128672803.30082932
index list: [28, 42, 72, 69, 29, 8, 3, 24, 79, 45, 9, 21, 62, 67, 15, 73, 26, 18, 19, 7, 64, 57, 16, 20, 47, 60, 61, 22, 74, 27, 23, 59, 68, 33, 34, 35, 32, 12, 39, 63, 78, 38, 50, 51, 10, 1, 2, 58, 55, 43, 65, 4, 70, 0, 36, 75, 30, 31, 76, 6, 17, 77, 41, 52, 56, 25, 53, 11, 5, 48, 37, 66, 14, 40, 49, 13, 46, 44, 54, 71]
index list energy: 10935985.801097628Done

