iterations:100, temp:1000000.0, exponent:0.7, eif:300.0
time taken (sec): 0.15797019004821777
number of iterations: 100
og index list: [74, 58, 53, 29, 43, 50, 59, 6, 5, 0, 64, 30, 61, 26, 7, 15, 20, 76, 9, 66, 46, 2, 47, 40, 67, 78, 65, 13, 36, 18, 48, 33, 31, 35, 79, 17, 27, 71, 52, 77, 19, 45, 3, 14, 8, 44, 42, 32, 57, 68, 62, 75, 60, 37, 1, 38, 55, 11, 21, 4, 23, 41, 39, 22, 10, 28, 54, 12, 63, 72, 49, 25, 51, 56, 70, 24, 73, 69, 34, 16]
og index list energy: 78864516.81285697
index list: [2, 24, 53, 29, 43, 15, 59, 6, 58, 0, 64, 30, 61, 26, 7, 50, 17, 18, 9, 66, 46, 34, 47, 44, 32, 77, 65, 63, 36, 27, 76, 33, 31, 3, 79, 20, 74, 71, 52, 78, 5, 45, 35, 48, 8, 40, 42, 72, 54, 21, 62, 51, 60, 37, 1, 28, 11, 67, 73, 22, 23, 41, 39, 4, 10, 38, 56, 12, 13, 55, 75, 68, 69, 14, 70, 19, 25, 49, 57, 16]
index list energy: 38608467.05869824Done

iterations:100, temp:1000000.0, exponent:0.7, eif:300.0
time taken (sec): 0.10248684883117676
number of iterations: 100
og index list: [37, 75, 23, 70, 2, 0, 14, 72, 58, 38, 52, 33, 27, 66, 8, 41, 10, 61, 50, 26, 46, 57, 11, 68, 28, 31, 48, 30, 35, 65, 40, 56, 18, 55, 54, 63, 59, 9, 49, 45, 29, 44, 24, 21, 39, 20, 34, 47, 69, 79, 6, 7, 25, 78, 12, 1, 43, 77, 22, 67, 64, 5, 4, 3, 15, 62, 42, 60, 71, 76, 16, 51, 13, 36, 73, 53, 74, 17, 32, 19]
og index list energy: 104621342.25117163
index list: [37, 75, 23, 46, 2, 0, 69, 72, 9, 38, 52, 33, 27, 64, 8, 73, 6, 22, 50, 26, 55, 66, 11, 68, 63, 74, 48, 30, 35, 65, 40, 56, 18, 70, 19, 28, 59, 58, 49, 67, 29, 79, 44, 21, 61, 20, 60, 47, 14, 24, 4, 3, 34, 78, 12, 1, 43, 15, 39, 10, 32, 5, 45, 7, 77, 62, 42, 25, 71, 76, 16, 51, 13, 36, 31, 53, 41, 17, 57, 54]
index list energy: 50604000.63066257Done

iterations:100, temp:1000000.0, exponent:0.7, eif:300.0
time taken (sec): 0.1685328483581543
number of iterations: 100
og index list: [79, 75, 55, 40, 53, 17, 49, 14, 61, 51, 45, 8, 65, 32, 26, 2, 25, 9, 46, 77, 56, 54, 66, 29, 44, 72, 73, 48, 19, 20, 23, 11, 35, 67, 39, 22, 7, 71, 47, 10, 36, 43, 18, 33, 5, 58, 57, 63, 62, 30, 59, 64, 28, 0, 69, 21, 50, 31, 6, 78, 3, 24, 1, 68, 52, 12, 38, 70, 16, 4, 76, 37, 42, 41, 15, 27, 34, 13, 74, 60]
og index list energy: 108485313.02111052
index list: [37, 1, 55, 75, 8, 22, 49, 78, 58, 50, 45, 53, 14, 40, 26, 2, 60, 34, 67, 69, 33, 54, 28, 41, 51, 72, 73, 70, 19, 20, 64, 11, 43, 35, 39, 17, 38, 71, 12, 10, 63, 27, 18, 3, 5, 47, 57, 9, 62, 21, 23, 59, 36, 0, 77, 30, 48, 31, 79, 32, 25, 24, 29, 56, 52, 15, 68, 44, 16, 4, 76, 74, 42, 65, 66, 46, 61, 13, 6, 7]
index list energy: 38151327.61205066Done

iterations:100, temp:1000000.0, exponent:0.7, eif:300.0
time taken (sec): 0.07316207885742188
number of iterations: 100
og index list: [46, 4, 12, 71, 29, 59, 73, 30, 6, 10, 70, 7, 50, 20, 39, 3, 52, 9, 67, 0, 53, 62, 47, 72, 28, 32, 18, 68, 64, 43, 65, 24, 66, 13, 1, 11, 69, 77, 19, 16, 21, 2, 63, 49, 17, 74, 34, 33, 40, 5, 41, 42, 31, 56, 14, 75, 45, 22, 55, 58, 15, 38, 60, 27, 61, 25, 35, 54, 8, 57, 37, 44, 36, 23, 48, 26, 51, 78, 79, 76]
og index list energy: 116923215.79805245
index list: [43, 48, 12, 71, 44, 59, 56, 18, 75, 25, 73, 7, 50, 20, 13, 11, 52, 4, 79, 70, 1, 62, 47, 28, 76, 39, 40, 15, 64, 57, 72, 24, 66, 65, 53, 3, 35, 77, 46, 16, 21, 2, 63, 49, 17, 74, 34, 54, 30, 5, 42, 41, 31, 0, 32, 6, 45, 61, 55, 27, 26, 38, 37, 58, 22, 8, 69, 33, 10, 19, 60, 51, 36, 23, 9, 68, 29, 78, 67, 14]
index list energy: 51864320.964521684Done

iterations:100, temp:1000000.0, exponent:0.7, eif:300.0
time taken (sec): 0.0950310230255127
number of iterations: 100
og index list: [49, 33, 57, 35, 6, 77, 37, 53, 31, 39, 75, 68, 61, 59, 72, 9, 62, 30, 10, 73, 27, 4, 34, 11, 14, 8, 51, 70, 36, 13, 23, 7, 50, 0, 47, 42, 29, 64, 18, 1, 24, 38, 28, 78, 21, 44, 55, 67, 32, 60, 52, 66, 69, 3, 65, 19, 48, 74, 45, 20, 2, 46, 43, 63, 41, 54, 58, 79, 26, 15, 25, 22, 76, 5, 56, 71, 12, 40, 16, 17]
og index list energy: 96128879.96183465
index list: [49, 33, 78, 35, 34, 77, 37, 53, 31, 25, 14, 68, 74, 28, 72, 9, 4, 17, 79, 73, 20, 5, 6, 58, 75, 8, 63, 18, 36, 51, 23, 7, 50, 19, 59, 42, 60, 64, 70, 1, 22, 38, 12, 40, 39, 16, 13, 44, 32, 27, 55, 56, 71, 3, 65, 46, 47, 10, 45, 29, 2, 43, 11, 21, 41, 54, 0, 69, 24, 15, 52, 48, 76, 62, 66, 67, 26, 57, 61, 30]
index list energy: 36519318.69979431Done

iterations:100, temp:1000000.0, exponent:0.7, eif:300.0
time taken (sec): 0.12131190299987793
number of iterations: 100
og index list: [39, 3, 61, 69, 70, 73, 2, 16, 34, 14, 66, 72, 35, 22, 6, 59, 5, 54, 40, 38, 20, 12, 7, 41, 11, 75, 25, 46, 21, 44, 27, 45, 19, 36, 1, 32, 79, 51, 31, 9, 78, 0, 15, 18, 48, 62, 50, 63, 49, 52, 43, 24, 13, 71, 65, 77, 76, 53, 10, 23, 47, 33, 55, 4, 30, 64, 60, 17, 26, 56, 57, 68, 29, 8, 67, 74, 42, 37, 28, 58]
og index list energy: 110911578.1573131
index list: [39, 60, 61, 2, 43, 73, 24, 13, 6, 14, 66, 72, 17, 22, 68, 59, 5, 47, 50, 67, 20, 65, 33, 41, 11, 75, 25, 44, 21, 49, 27, 78, 19, 36, 51, 32, 55, 79, 31, 54, 34, 0, 71, 18, 48, 62, 1, 16, 70, 52, 69, 40, 63, 38, 26, 37, 76, 42, 15, 23, 9, 77, 35, 7, 30, 64, 3, 46, 12, 56, 57, 45, 29, 8, 10, 74, 53, 4, 28, 58]
index list energy: 47062287.18322812Done

iterations:100, temp:1000000.0, exponent:0.7, eif:300.0
time taken (sec): 0.09081006050109863
number of iterations: 100
og index list: [21, 28, 62, 52, 70, 22, 60, 13, 31, 49, 69, 8, 15, 53, 12, 57, 77, 26, 51, 58, 63, 24, 30, 14, 4, 72, 3, 1, 61, 33, 65, 9, 59, 19, 73, 38, 56, 74, 47, 23, 41, 37, 48, 79, 50, 35, 76, 67, 25, 5, 68, 2, 55, 32, 0, 43, 54, 20, 34, 39, 40, 7, 18, 45, 66, 78, 27, 10, 36, 42, 29, 16, 64, 11, 75, 71, 6, 17, 44, 46]
og index list energy: 117515619.10023294
index list: [22, 28, 58, 34, 70, 21, 0, 46, 31, 59, 71, 8, 15, 53, 49, 73, 74, 26, 51, 18, 24, 63, 30, 14, 16, 33, 3, 1, 38, 9, 57, 40, 77, 19, 65, 6, 56, 12, 47, 79, 41, 37, 48, 66, 50, 35, 76, 36, 25, 5, 68, 4, 44, 32, 23, 43, 54, 20, 72, 64, 17, 7, 62, 45, 60, 78, 27, 10, 67, 42, 29, 2, 39, 11, 52, 69, 61, 75, 55, 13]
index list energy: 54991948.0139848Done

iterations:100, temp:1000000.0, exponent:0.7, eif:300.0
time taken (sec): 0.11078691482543945
number of iterations: 100
og index list: [38, 26, 53, 77, 11, 71, 10, 29, 49, 39, 62, 73, 33, 63, 64, 0, 16, 2, 76, 31, 24, 12, 41, 58, 43, 56, 9, 28, 22, 17, 40, 67, 19, 7, 52, 3, 70, 61, 25, 4, 44, 75, 51, 36, 68, 54, 69, 5, 35, 6, 66, 1, 48, 32, 55, 15, 74, 42, 27, 60, 59, 34, 8, 23, 30, 72, 45, 18, 79, 78, 47, 50, 57, 20, 37, 21, 65, 46, 13, 14]
og index list energy: 125865323.8263963
index list: [38, 26, 52, 77, 11, 27, 10, 29, 49, 39, 62, 56, 33, 63, 64, 74, 19, 40, 57, 32, 75, 21, 41, 58, 43, 46, 69, 24, 18, 7, 2, 67, 12, 78, 28, 3, 15, 61, 25, 20, 4, 47, 45, 16, 68, 36, 9, 48, 35, 73, 66, 1, 30, 31, 55, 70, 71, 42, 50, 60, 44, 17, 8, 59, 5, 72, 51, 22, 79, 34, 0, 53, 54, 76, 37, 23, 65, 6, 13, 14]
index list energy: 48037513.785353564Done

iterations:100, temp:1000000.0, exponent:0.7, eif:300.0
time taken (sec): 0.06712698936462402
number of iterations: 100
og index list: [49, 77, 11, 60, 72, 35, 57, 46, 10, 8, 39, 47, 17, 74, 58, 41, 0, 63, 69, 15, 23, 18, 68, 78, 28, 52, 22, 54, 12, 19, 53, 9, 79, 26, 45, 75, 16, 55, 37, 7, 4, 34, 44, 71, 56, 6, 64, 2, 66, 21, 50, 36, 70, 30, 42, 62, 40, 51, 61, 13, 43, 32, 48, 29, 14, 1, 25, 31, 59, 33, 38, 67, 24, 76, 20, 27, 3, 73, 65, 5]
og index list energy: 126375540.22421235
index list: [29, 77, 61, 62, 76, 35, 57, 16, 41, 8, 39, 66, 17, 74, 14, 72, 45, 63, 64, 56, 23, 28, 78, 22, 18, 52, 0, 54, 12, 15, 48, 4, 5, 65, 36, 38, 46, 55, 40, 7, 30, 34, 44, 43, 19, 53, 70, 2, 11, 21, 50, 68, 47, 79, 42, 25, 13, 51, 73, 37, 58, 32, 6, 49, 71, 20, 75, 31, 59, 33, 69, 67, 24, 26, 1, 27, 3, 10, 60, 9]
index list energy: 54990717.05560902Done

iterations:100, temp:1000000.0, exponent:0.7, eif:300.0
time taken (sec): 0.06506800651550293
number of iterations: 100
og index list: [49, 3, 63, 68, 24, 54, 2, 6, 0, 67, 61, 27, 75, 15, 60, 47, 46, 11, 1, 34, 39, 42, 74, 44, 62, 51, 76, 37, 25, 57, 52, 77, 66, 43, 23, 4, 29, 30, 12, 16, 40, 22, 69, 9, 31, 73, 36, 50, 21, 18, 8, 65, 26, 79, 17, 45, 7, 53, 64, 59, 20, 10, 58, 19, 14, 38, 32, 55, 72, 71, 35, 48, 5, 33, 70, 28, 13, 56, 78, 41]
og index list energy: 105654071.9816848
index list: [49, 32, 17, 4, 24, 54, 2, 6, 73, 12, 51, 27, 75, 70, 60, 69, 46, 11, 7, 34, 50, 56, 40, 44, 74, 29, 30, 37, 25, 1, 52, 76, 18, 57, 35, 26, 0, 77, 55, 63, 47, 41, 62, 59, 28, 33, 36, 39, 21, 66, 3, 9, 5, 78, 67, 45, 43, 53, 64, 65, 20, 10, 58, 19, 14, 38, 8, 15, 61, 71, 23, 31, 68, 16, 72, 48, 13, 42, 79, 22]
index list energy: 48476542.17486834Done

iterations:100, temp:1000000.0, exponent:0.7, eif:300.0
time taken (sec): 0.05107903480529785
number of iterations: 100
og index list: [13, 42, 7, 49, 43, 40, 68, 14, 67, 56, 37, 45, 54, 18, 34, 35, 69, 1, 36, 63, 77, 10, 61, 71, 57, 31, 65, 50, 0, 76, 25, 75, 53, 28, 51, 22, 29, 23, 19, 27, 2, 44, 15, 52, 12, 16, 47, 62, 9, 6, 4, 33, 64, 38, 5, 26, 48, 20, 55, 59, 78, 21, 58, 66, 41, 70, 17, 72, 60, 39, 3, 8, 24, 32, 46, 73, 30, 11, 74, 79]
og index list energy: 86750939.21673886
index list: [31, 42, 29, 49, 66, 40, 3, 14, 67, 56, 72, 44, 54, 18, 46, 73, 41, 1, 47, 63, 30, 43, 61, 75, 57, 77, 65, 78, 19, 51, 59, 79, 53, 32, 48, 36, 27, 23, 0, 7, 8, 45, 76, 52, 28, 25, 68, 13, 9, 6, 4, 33, 64, 38, 12, 20, 37, 62, 70, 60, 55, 21, 71, 10, 22, 50, 17, 15, 16, 39, 26, 2, 24, 5, 34, 35, 69, 11, 74, 58]
index list energy: 39362068.66992425Done

iterations:100, temp:1000000.0, exponent:0.7, eif:300.0
time taken (sec): 0.05249595642089844
number of iterations: 100
og index list: [14, 69, 6, 56, 76, 3, 4, 13, 15, 32, 2, 38, 61, 25, 5, 47, 18, 77, 1, 21, 39, 37, 74, 43, 72, 26, 50, 8, 67, 70, 30, 64, 9, 55, 20, 42, 57, 59, 58, 40, 19, 0, 60, 10, 54, 16, 66, 11, 34, 45, 17, 31, 35, 23, 12, 62, 73, 7, 65, 44, 49, 29, 46, 33, 48, 51, 24, 28, 68, 41, 78, 71, 22, 53, 63, 27, 75, 52, 36, 79]
og index list energy: 122381533.02492796
index list: [14, 69, 73, 5, 76, 6, 67, 70, 7, 29, 2, 40, 61, 71, 23, 39, 18, 57, 13, 3, 1, 37, 17, 43, 48, 8, 47, 74, 15, 16, 30, 35, 9, 64, 20, 42, 21, 22, 49, 38, 19, 0, 59, 58, 54, 32, 66, 33, 34, 45, 60, 31, 52, 56, 26, 62, 24, 4, 51, 10, 53, 50, 46, 11, 79, 12, 77, 28, 68, 41, 78, 25, 65, 44, 63, 27, 75, 72, 36, 55]
index list energy: 47030005.7610896Done

iterations:100, temp:1000000.0, exponent:0.7, eif:300.0
