iterations:1000, temp:1000000.0, exponent:0.7, eif:300.0
time taken (sec): 1.168017864227295
number of iterations: 1000
og index list: [62, 71, 4, 18, 54, 43, 72, 53, 76, 27, 22, 28, 75, 69, 63, 45, 2, 13, 44, 21, 3, 49, 24, 23, 38, 10, 66, 59, 48, 47, 19, 1, 37, 78, 65, 60, 12, 68, 40, 20, 70, 41, 34, 42, 79, 56, 61, 8, 11, 30, 5, 50, 46, 33, 58, 14, 6, 32, 74, 15, 35, 55, 25, 9, 26, 36, 31, 16, 7, 67, 0, 77, 51, 52, 64, 57, 73, 17, 29, 39]
og index list energy: 105611603.31371315
index list: [11, 52, 59, 12, 13, 6, 78, 29, 76, 48, 27, 28, 49, 66, 63, 62, 53, 54, 77, 33, 57, 32, 1, 2, 73, 10, 3, 21, 34, 35, 46, 36, 64, 74, 23, 42, 51, 9, 38, 70, 60, 79, 30, 61, 22, 18, 69, 72, 67, 5, 45, 0, 44, 43, 58, 37, 56, 26, 50, 17, 55, 7, 8, 14, 65, 68, 24, 71, 75, 47, 16, 39, 4, 20, 15, 31, 19, 40, 41, 25]
index list energy: 12505727.847623248Done

iterations:1000, temp:1000000.0, exponent:0.7, eif:300.0
time taken (sec): 0.5336658954620361
number of iterations: 1000
og index list: [59, 35, 13, 23, 11, 51, 44, 72, 1, 45, 41, 4, 3, 79, 36, 76, 65, 54, 56, 42, 16, 7, 66, 71, 48, 58, 19, 57, 39, 29, 60, 43, 62, 68, 49, 6, 47, 8, 14, 63, 26, 37, 69, 31, 22, 50, 33, 61, 52, 25, 12, 32, 5, 70, 24, 10, 77, 28, 74, 21, 64, 38, 15, 27, 34, 55, 9, 18, 67, 0, 20, 75, 17, 78, 53, 30, 2, 46, 73, 40]
og index list energy: 111020182.15154286
index list: [3, 26, 37, 71, 38, 46, 6, 72, 17, 8, 59, 5, 52, 70, 64, 24, 15, 41, 44, 78, 43, 32, 77, 62, 79, 30, 61, 34, 51, 68, 69, 67, 48, 55, 56, 4, 20, 12, 40, 58, 35, 63, 76, 36, 22, 28, 33, 74, 29, 23, 42, 9, 21, 49, 18, 19, 7, 50, 75, 31, 39, 13, 47, 73, 25, 57, 65, 10, 11, 66, 14, 60, 45, 16, 0, 1, 2, 53, 54, 27]
index list energy: 11448512.85650634Done

iterations:1000, temp:1000000.0, exponent:0.7, eif:300.0
time taken (sec): 0.48182010650634766
number of iterations: 1000
og index list: [37, 39, 36, 72, 3, 44, 28, 57, 46, 59, 13, 56, 11, 75, 76, 62, 51, 65, 12, 69, 77, 73, 27, 68, 7, 31, 64, 6, 1, 21, 8, 50, 67, 38, 45, 35, 2, 47, 54, 17, 30, 60, 0, 23, 18, 71, 34, 66, 19, 61, 63, 24, 43, 32, 4, 5, 49, 55, 40, 14, 78, 9, 74, 41, 10, 53, 52, 33, 70, 79, 48, 22, 15, 29, 25, 16, 26, 58, 20, 42]
og index list energy: 124015285.75230056
index list: [18, 43, 3, 51, 71, 29, 23, 63, 52, 39, 12, 0, 1, 28, 53, 33, 38, 44, 46, 54, 27, 2, 11, 10, 7, 75, 64, 20, 21, 22, 8, 72, 36, 62, 76, 31, 47, 73, 50, 17, 55, 59, 26, 78, 57, 6, 24, 56, 58, 61, 34, 49, 68, 42, 14, 60, 74, 30, 45, 41, 65, 66, 70, 40, 19, 69, 48, 79, 35, 9, 25, 77, 37, 13, 16, 32, 4, 15, 67, 5]
index list energy: 14025506.509530839Done

iterations:1000, temp:1000000.0, exponent:0.7, eif:300.0
time taken (sec): 0.37161898612976074
number of iterations: 1000
og index list: [56, 19, 55, 66, 2, 41, 21, 22, 69, 64, 49, 59, 34, 37, 18, 24, 12, 73, 48, 7, 32, 25, 27, 0, 5, 10, 72, 11, 36, 65, 20, 76, 75, 46, 23, 50, 52, 31, 30, 45, 6, 43, 54, 57, 17, 70, 58, 40, 42, 39, 1, 67, 60, 79, 29, 28, 8, 74, 33, 78, 14, 71, 44, 4, 26, 51, 16, 13, 35, 77, 61, 9, 53, 62, 15, 68, 38, 3, 63, 47]
og index list energy: 84301905.04612638
index list: [59, 20, 10, 11, 65, 25, 77, 22, 8, 63, 16, 12, 47, 76, 2, 3, 56, 4, 53, 42, 33, 75, 27, 0, 73, 49, 14, 68, 17, 18, 32, 66, 43, 45, 58, 78, 7, 30, 70, 60, 61, 37, 38, 41, 64, 1, 79, 34, 35, 19, 50, 67, 21, 55, 29, 28, 72, 5, 48, 31, 36, 62, 6, 24, 69, 52, 74, 46, 15, 39, 40, 9, 57, 44, 51, 13, 54, 71, 26, 23]
index list energy: 12531807.724338787Done

iterations:1000, temp:1000000.0, exponent:0.7, eif:300.0
time taken (sec): 0.3281219005584717
number of iterations: 1000
og index list: [8, 78, 62, 0, 45, 15, 72, 28, 57, 70, 11, 4, 47, 24, 23, 77, 16, 10, 63, 50, 27, 41, 21, 40, 37, 25, 44, 59, 69, 79, 66, 43, 48, 30, 36, 42, 1, 39, 6, 26, 65, 73, 31, 68, 60, 71, 35, 56, 58, 18, 33, 32, 38, 12, 76, 51, 20, 13, 3, 64, 75, 14, 49, 9, 54, 52, 29, 53, 55, 61, 46, 34, 2, 22, 74, 17, 19, 5, 67, 7]
og index list energy: 132520908.52315372
index list: [8, 11, 10, 49, 43, 46, 47, 44, 32, 25, 75, 5, 45, 50, 6, 57, 39, 40, 63, 76, 27, 74, 20, 26, 0, 4, 67, 1, 2, 73, 79, 69, 17, 30, 48, 18, 36, 37, 38, 9, 66, 78, 3, 56, 13, 14, 53, 16, 7, 23, 70, 65, 21, 71, 68, 42, 29, 28, 72, 58, 61, 34, 35, 59, 12, 60, 64, 62, 31, 41, 19, 51, 33, 22, 77, 15, 54, 55, 24, 52]
index list energy: 13034741.677303977Done

