iterations:100, temp:1000000.0, exponent:0.7, eif:300.0
time taken (sec): 0.22826600074768066
number of iterations: 100
og index list: [24, 57, 18, 27, 4, 46, 60, 33, 59, 30, 52, 17, 0, 36, 76, 21, 58, 42, 10, 37, 45, 31, 69, 65, 67, 41, 62, 49, 22, 35, 3, 74, 32, 55, 13, 34, 68, 8, 70, 19, 40, 72, 29, 2, 16, 51, 48, 38, 20, 23, 56, 71, 64, 28, 25, 14, 5, 47, 53, 66, 7, 15, 79, 1, 78, 77, 11, 26, 44, 12, 43, 75, 54, 6, 73, 39, 50, 9, 63, 61]
og index list energy: 109505909.76731347
index list: [24, 13, 29, 27, 70, 46, 73, 68, 43, 37, 52, 17, 23, 26, 49, 21, 31, 42, 3, 30, 45, 58, 14, 50, 67, 41, 62, 72, 22, 2, 12, 74, 34, 55, 57, 15, 33, 77, 60, 51, 10, 76, 28, 35, 16, 19, 40, 38, 20, 64, 56, 71, 54, 0, 25, 69, 65, 47, 5, 66, 6, 7, 79, 1, 78, 8, 11, 36, 75, 48, 18, 44, 59, 32, 4, 39, 53, 9, 63, 61]
index list energy: 35299736.71146164Done

iterations:100, temp:1000000.0, exponent:0.7, eif:300.0
time taken (sec): 0.12416982650756836
number of iterations: 100
og index list: [61, 34, 44, 32, 58, 51, 11, 10, 28, 78, 26, 15, 62, 24, 38, 0, 60, 2, 23, 4, 55, 77, 20, 19, 14, 5, 43, 18, 16, 67, 21, 8, 73, 65, 72, 25, 41, 35, 79, 66, 13, 50, 40, 31, 30, 52, 45, 69, 36, 59, 76, 33, 6, 22, 63, 37, 54, 42, 46, 12, 71, 74, 7, 3, 64, 70, 53, 57, 68, 75, 9, 49, 17, 27, 48, 1, 47, 56, 39, 29]
og index list energy: 120101930.54445037
index list: [61, 34, 44, 32, 12, 25, 57, 10, 26, 78, 28, 3, 62, 74, 38, 0, 70, 7, 23, 35, 54, 77, 51, 20, 76, 63, 65, 22, 50, 67, 21, 8, 73, 71, 72, 49, 41, 4, 79, 45, 16, 43, 60, 31, 30, 52, 66, 69, 14, 5, 36, 64, 6, 33, 18, 37, 55, 42, 53, 58, 48, 59, 19, 15, 24, 13, 46, 11, 68, 40, 9, 47, 17, 27, 75, 1, 2, 56, 39, 29]
index list energy: 33167898.0711427Done

iterations:100, temp:1000000.0, exponent:0.7, eif:300.0
time taken (sec): 0.17768192291259766
number of iterations: 100
og index list: [2, 26, 58, 30, 10, 52, 13, 53, 70, 47, 37, 60, 38, 79, 65, 22, 46, 14, 0, 20, 32, 77, 66, 68, 72, 15, 17, 28, 55, 6, 9, 41, 71, 42, 57, 54, 69, 24, 67, 1, 50, 59, 45, 36, 23, 44, 76, 43, 33, 39, 19, 25, 11, 62, 29, 64, 40, 74, 8, 61, 34, 78, 56, 51, 48, 12, 7, 73, 31, 18, 16, 4, 49, 35, 75, 21, 5, 63, 3, 27]
og index list energy: 116610447.7271756
index list: [10, 54, 21, 30, 73, 24, 79, 53, 11, 6, 37, 27, 38, 20, 65, 22, 8, 69, 26, 18, 19, 57, 66, 75, 72, 15, 17, 28, 43, 74, 9, 78, 62, 42, 32, 55, 14, 52, 56, 48, 50, 59, 4, 36, 23, 44, 67, 25, 70, 40, 41, 76, 33, 71, 29, 64, 39, 5, 46, 61, 34, 77, 60, 51, 45, 12, 7, 2, 63, 13, 0, 1, 49, 35, 16, 58, 47, 31, 3, 68]
index list energy: 32667861.142609317Done

iterations:100, temp:1000000.0, exponent:0.7, eif:300.0
time taken (sec): 0.13061785697937012
number of iterations: 100
og index list: [35, 26, 2, 68, 45, 17, 69, 63, 13, 75, 32, 1, 77, 18, 10, 78, 30, 54, 4, 29, 43, 66, 52, 71, 58, 27, 47, 44, 6, 61, 48, 50, 24, 41, 14, 79, 21, 36, 56, 64, 67, 31, 7, 72, 39, 62, 37, 28, 46, 70, 15, 38, 60, 12, 33, 57, 20, 5, 8, 19, 40, 11, 22, 9, 34, 76, 16, 74, 23, 51, 25, 53, 0, 65, 55, 59, 73, 3, 42, 49]
og index list energy: 108600855.13098949
index list: [28, 26, 2, 68, 37, 17, 69, 63, 13, 45, 11, 1, 77, 18, 73, 78, 30, 55, 15, 53, 43, 10, 61, 35, 49, 32, 47, 44, 6, 66, 14, 41, 34, 50, 33, 52, 21, 7, 27, 64, 54, 31, 67, 72, 71, 62, 56, 58, 46, 70, 4, 38, 79, 65, 48, 57, 20, 59, 60, 75, 40, 19, 24, 51, 22, 0, 16, 74, 23, 9, 25, 29, 76, 12, 36, 5, 8, 3, 42, 39]
index list energy: 44903570.377497844Done

iterations:100, temp:1000000.0, exponent:0.7, eif:300.0
time taken (sec): 0.09073400497436523
number of iterations: 100
og index list: [7, 31, 48, 8, 53, 60, 28, 26, 61, 51, 33, 10, 41, 70, 69, 64, 39, 44, 12, 56, 32, 24, 59, 78, 67, 55, 0, 79, 37, 40, 30, 50, 47, 76, 18, 5, 20, 74, 65, 66, 49, 17, 3, 22, 71, 77, 16, 29, 14, 4, 54, 21, 72, 57, 46, 52, 43, 63, 2, 9, 58, 34, 62, 11, 1, 75, 6, 19, 13, 36, 68, 35, 73, 27, 25, 45, 23, 15, 42, 38]
og index list energy: 135885293.8377012
index list: [54, 31, 48, 39, 52, 79, 28, 33, 61, 78, 76, 10, 19, 5, 72, 64, 8, 57, 17, 66, 63, 21, 55, 51, 22, 37, 0, 25, 73, 70, 30, 50, 47, 26, 18, 40, 20, 4, 56, 58, 49, 65, 44, 77, 71, 7, 16, 32, 59, 38, 14, 24, 69, 45, 46, 53, 43, 29, 2, 9, 12, 34, 62, 11, 1, 74, 6, 41, 13, 36, 68, 35, 75, 27, 60, 3, 23, 15, 42, 67]
index list energy: 51931223.5679992Done

iterations:100, temp:1000000.0, exponent:0.7, eif:300.0
time taken (sec): 0.08533501625061035
number of iterations: 100
og index list: [16, 36, 14, 71, 30, 22, 23, 39, 11, 42, 34, 33, 7, 21, 17, 66, 4, 74, 55, 1, 15, 57, 59, 35, 26, 46, 41, 2, 24, 70, 53, 54, 12, 58, 8, 6, 18, 79, 60, 69, 19, 28, 43, 48, 56, 76, 3, 37, 68, 13, 5, 27, 0, 63, 73, 38, 75, 40, 72, 49, 45, 25, 50, 77, 44, 52, 61, 65, 51, 67, 10, 62, 29, 64, 78, 9, 32, 47, 20, 31]
og index list energy: 110476036.80589959
index list: [17, 75, 33, 48, 30, 5, 21, 39, 11, 12, 34, 36, 22, 23, 25, 66, 72, 38, 46, 1, 15, 57, 59, 35, 26, 55, 63, 2, 24, 37, 62, 56, 76, 74, 78, 31, 18, 50, 32, 69, 19, 28, 43, 71, 6, 14, 3, 4, 68, 13, 7, 27, 0, 41, 73, 58, 77, 51, 42, 79, 67, 52, 10, 70, 44, 49, 61, 65, 20, 45, 16, 53, 29, 64, 8, 9, 60, 47, 40, 54]
index list energy: 45557800.11263611Done

iterations:100, temp:1000000.0, exponent:0.7, eif:300.0
time taken (sec): 0.07642602920532227
number of iterations: 100
og index list: [10, 53, 46, 70, 63, 32, 44, 19, 52, 26, 57, 51, 74, 36, 6, 39, 27, 61, 75, 16, 13, 79, 71, 41, 77, 68, 55, 31, 14, 23, 40, 49, 69, 18, 76, 60, 17, 5, 11, 47, 7, 43, 4, 8, 3, 12, 38, 48, 66, 25, 9, 73, 1, 65, 62, 20, 56, 59, 78, 29, 72, 42, 33, 30, 2, 24, 67, 54, 15, 58, 37, 21, 64, 22, 34, 45, 0, 35, 28, 50]
og index list energy: 119094287.44491091
index list: [10, 20, 58, 74, 62, 32, 44, 19, 43, 26, 57, 61, 78, 36, 6, 48, 27, 51, 1, 64, 13, 56, 71, 18, 76, 8, 68, 31, 79, 23, 40, 9, 60, 29, 77, 30, 17, 5, 11, 65, 7, 52, 75, 55, 3, 12, 38, 39, 66, 33, 49, 73, 0, 47, 4, 53, 14, 59, 15, 41, 72, 69, 25, 37, 2, 42, 67, 54, 35, 46, 24, 21, 16, 22, 34, 45, 70, 63, 28, 50]
index list energy: 43514230.72162563Done

iterations:100, temp:1000000.0, exponent:0.7, eif:300.0
time taken (sec): 0.0949559211730957
number of iterations: 100
og index list: [69, 33, 35, 47, 14, 77, 46, 66, 16, 36, 44, 73, 70, 59, 27, 10, 71, 72, 62, 24, 11, 2, 54, 57, 56, 20, 50, 42, 5, 60, 15, 34, 41, 49, 43, 78, 65, 45, 3, 75, 13, 67, 61, 17, 12, 26, 0, 76, 29, 64, 21, 39, 4, 51, 8, 58, 31, 63, 38, 32, 22, 55, 1, 52, 37, 53, 23, 30, 25, 28, 40, 79, 68, 18, 74, 48, 6, 7, 19, 9]
og index list energy: 104313302.44644631
index list: [28, 33, 35, 44, 63, 0, 7, 48, 16, 11, 77, 6, 46, 59, 27, 50, 70, 57, 31, 78, 30, 1, 10, 72, 56, 9, 43, 42, 5, 37, 15, 23, 41, 49, 18, 24, 65, 45, 3, 39, 4, 67, 25, 17, 76, 26, 79, 12, 29, 64, 69, 75, 2, 51, 8, 58, 61, 14, 38, 60, 22, 55, 13, 52, 21, 53, 36, 34, 74, 62, 40, 71, 68, 54, 32, 66, 73, 47, 19, 20]
index list energy: 48668083.79363712Done

iterations:100, temp:1000000.0, exponent:0.7, eif:300.0
time taken (sec): 0.07192301750183105
number of iterations: 100
og index list: [44, 48, 59, 37, 50, 52, 68, 46, 29, 74, 23, 13, 26, 70, 20, 75, 63, 4, 45, 30, 71, 25, 16, 36, 7, 72, 54, 22, 5, 1, 42, 58, 40, 8, 12, 57, 69, 11, 24, 3, 2, 33, 34, 38, 78, 6, 65, 43, 73, 79, 61, 66, 49, 47, 35, 41, 10, 9, 17, 55, 28, 39, 53, 62, 51, 60, 15, 64, 14, 76, 77, 32, 19, 0, 31, 56, 18, 21, 67, 27]
og index list energy: 103864709.38616018
index list: [44, 69, 59, 38, 39, 5, 78, 46, 30, 74, 23, 13, 58, 70, 22, 50, 63, 62, 45, 11, 75, 25, 16, 36, 35, 19, 40, 20, 64, 1, 37, 56, 51, 32, 12, 65, 48, 76, 24, 3, 2, 33, 34, 54, 21, 71, 57, 15, 73, 79, 61, 66, 49, 47, 7, 43, 10, 60, 17, 55, 28, 72, 53, 4, 42, 6, 41, 52, 14, 29, 77, 8, 9, 0, 31, 26, 18, 68, 67, 27]
index list energy: 45945825.82425376Done

iterations:100, temp:1000000.0, exponent:0.7, eif:300.0
time taken (sec): 0.04700016975402832
number of iterations: 100
og index list: [78, 10, 41, 51, 14, 25, 38, 18, 48, 75, 40, 17, 7, 47, 1, 13, 60, 46, 69, 21, 36, 33, 2, 53, 23, 19, 39, 35, 9, 49, 42, 16, 70, 27, 50, 0, 62, 59, 64, 30, 31, 52, 37, 15, 28, 76, 71, 4, 61, 6, 56, 67, 43, 45, 66, 29, 11, 74, 12, 34, 26, 55, 68, 72, 44, 79, 24, 73, 77, 20, 57, 22, 3, 5, 65, 8, 54, 32, 58, 63]
og index list energy: 113542400.50907317
index list: [54, 76, 42, 71, 70, 25, 10, 14, 48, 13, 46, 15, 65, 12, 1, 40, 60, 47, 16, 21, 36, 33, 2, 43, 19, 23, 39, 38, 9, 49, 0, 3, 29, 27, 50, 41, 62, 59, 6, 4, 51, 52, 69, 26, 28, 77, 64, 34, 61, 78, 56, 67, 53, 63, 66, 79, 18, 32, 75, 22, 17, 55, 68, 72, 44, 35, 20, 73, 37, 24, 57, 30, 31, 5, 7, 8, 11, 74, 45, 58]
index list energy: 49118589.8625837Done

iterations:100, temp:1000000.0, exponent:0.7, eif:300.0
time taken (sec): 0.05925798416137695
number of iterations: 100
og index list: [79, 22, 9, 4, 8, 0, 36, 44, 41, 19, 69, 51, 76, 63, 49, 57, 15, 45, 28, 60, 46, 6, 5, 16, 26, 13, 68, 66, 10, 43, 39, 74, 73, 62, 58, 2, 56, 29, 34, 31, 77, 65, 35, 11, 42, 78, 67, 72, 70, 50, 37, 64, 40, 53, 71, 20, 14, 21, 54, 38, 27, 23, 33, 61, 52, 25, 12, 1, 3, 18, 7, 75, 30, 47, 55, 48, 24, 59, 32, 17]
og index list energy: 113153773.30914606
index list: [29, 22, 23, 4, 48, 13, 39, 49, 40, 32, 60, 16, 19, 63, 41, 53, 3, 1, 8, 47, 9, 70, 46, 24, 26, 18, 68, 66, 25, 43, 44, 45, 36, 62, 58, 17, 56, 79, 34, 31, 77, 74, 35, 6, 42, 78, 38, 72, 11, 50, 51, 64, 5, 57, 65, 20, 14, 21, 54, 67, 27, 28, 33, 61, 52, 73, 12, 10, 15, 0, 76, 7, 30, 37, 55, 71, 69, 59, 75, 2]
index list energy: 33173682.47064015Done

iterations:100, temp:1000000.0, exponent:0.7, eif:300.0
