iterations:1001, temp:1000000.0, exponent:0.9, eif:300.0
time taken (sec): 2.362197160720825
number of iterations: 1001
final temperature: 129.0070078170105og index list: [439, 181, 214, 474, 384, 265, 83, 56, 9, 426, 183, 454, 300, 11, 414, 409, 301, 462, 264, 313, 394, 298, 149, 295, 435, 338, 209, 376, 193, 64, 359, 249, 155, 416, 205, 234, 332, 401, 74, 315, 382, 355, 170, 238, 62, 27, 106, 131, 157, 236, 284, 311, 167, 73, 94, 26, 4, 237, 189, 309, 200, 134, 68, 194, 150, 82, 360, 34, 340, 128, 140, 154, 377, 357, 57, 438, 417, 457, 319, 305, 132, 117, 334, 271, 270, 424, 302, 460, 252, 318, 137, 39, 116, 294, 297, 388, 375, 446, 50, 254, 354, 344, 196, 320, 304, 373, 187, 469, 356, 118, 229, 25, 0, 147, 144, 67, 350, 124, 6, 90, 24, 2, 349, 179, 248, 422, 258, 451, 312, 427, 421, 163, 473, 110, 177, 164, 28, 1, 202, 35, 433, 292, 299, 239, 296, 76, 442, 130, 115, 465, 331, 268, 286, 77, 201, 266, 379, 36, 41, 38, 429, 148, 393, 211, 316, 48, 126, 198, 402, 431, 387, 52, 61, 60, 317, 244, 180, 257, 262, 96, 293, 282, 161, 336, 308, 153, 452, 12, 37, 259, 335, 99, 70, 444, 216, 13, 383, 471, 122, 22, 88, 97, 231, 459, 113, 127, 263, 79, 328, 408, 363, 221, 378, 326, 246, 352, 278, 364, 453, 269, 410, 346, 176, 366, 324, 54, 87, 51, 280, 120, 392, 159, 72, 307, 240, 374, 135, 142, 111, 162, 467, 232, 415, 243, 327, 49, 389, 337, 275, 397, 138, 145, 400, 63, 412, 233, 227, 40, 306, 158, 399, 287, 15, 109, 43, 432, 347, 160, 419, 385, 18, 23, 108, 58, 281, 368, 242, 178, 125, 223, 98, 174, 274, 463, 133, 470, 102, 381, 42, 191, 466, 372, 314, 172, 30, 447, 341, 456, 220, 455, 272, 235, 218, 398, 151, 95, 428, 458, 289, 184, 81, 361, 146, 185, 69, 197, 59, 380, 136, 261, 450, 139, 55, 303, 371, 464, 186, 66, 19, 199, 114, 348, 100, 230, 91, 255, 16, 207, 215, 47, 321, 329, 203, 8, 472, 92, 31, 86, 210, 141, 407, 434, 461, 273, 3, 143, 276, 330, 175, 217, 80, 251, 277, 101, 7, 396, 169, 369, 65, 219, 212, 343, 213, 85, 322, 288, 365, 182, 333, 437, 443, 339, 420, 152, 425, 78, 188, 342, 206, 165, 10, 204, 32, 225, 195, 45, 5, 441, 17, 14, 406, 71, 283, 224, 395, 256, 323, 173, 310, 367, 190, 84, 46, 351, 267, 245, 386, 171, 222, 413, 370, 403, 260, 53, 290, 123, 44, 285, 448, 89, 353, 250, 241, 253, 405, 192, 358, 166, 279, 75, 33, 103, 390, 208, 105, 119, 168, 440, 247, 104, 21, 20, 423, 445, 325, 362, 156, 226, 228, 404, 449, 112, 430, 411, 29, 468, 418, 107, 436, 121, 129, 345, 291, 391, 93]
og index list energy: 271595913.03468734
index list: [439, 181, 54, 285, 471, 24, 2, 354, 9, 93, 122, 134, 339, 30, 444, 3, 32, 20, 394, 203, 253, 388, 375, 446, 33, 8, 277, 401, 420, 10, 204, 229, 155, 416, 205, 234, 133, 423, 105, 135, 382, 144, 414, 53, 230, 364, 453, 269, 410, 346, 284, 268, 176, 77, 138, 26, 63, 14, 154, 309, 200, 23, 302, 15, 172, 37, 345, 353, 340, 163, 140, 458, 112, 430, 194, 435, 4, 243, 327, 60, 355, 139, 238, 62, 244, 106, 0, 157, 252, 270, 137, 39, 116, 249, 280, 426, 189, 289, 31, 80, 332, 41, 102, 59, 281, 386, 104, 469, 360, 342, 241, 25, 131, 147, 233, 36, 350, 90, 73, 261, 450, 81, 447, 341, 456, 404, 455, 38, 429, 148, 236, 282, 291, 223, 317, 247, 190, 174, 100, 377, 275, 424, 294, 432, 369, 466, 18, 42, 108, 58, 314, 311, 167, 376, 99, 207, 379, 67, 12, 245, 125, 171, 312, 417, 316, 48, 126, 198, 402, 431, 288, 266, 199, 202, 295, 117, 367, 326, 262, 96, 306, 286, 161, 363, 338, 365, 182, 267, 411, 318, 109, 224, 258, 17, 72, 13, 156, 232, 227, 22, 88, 433, 66, 459, 113, 127, 263, 68, 191, 159, 120, 235, 82, 347, 246, 440, 132, 254, 56, 344, 118, 153, 452, 162, 467, 178, 427, 421, 128, 214, 474, 384, 319, 366, 168, 374, 449, 381, 274, 463, 225, 226, 49, 65, 336, 443, 145, 400, 152, 425, 78, 409, 187, 462, 337, 184, 150, 27, 256, 64, 51, 52, 61, 395, 412, 209, 257, 45, 293, 158, 196, 320, 86, 210, 141, 407, 242, 255, 399, 348, 265, 89, 331, 124, 6, 173, 183, 454, 34, 170, 114, 251, 115, 408, 445, 325, 335, 397, 441, 29, 468, 383, 218, 398, 301, 391, 221, 419, 349, 164, 193, 361, 169, 185, 101, 21, 310, 237, 406, 71, 180, 298, 55, 57, 371, 296, 186, 231, 438, 16, 195, 40, 47, 321, 329, 308, 300, 177, 92, 334, 271, 451, 304, 215, 35, 357, 211, 380, 136, 220, 97, 434, 461, 273, 359, 143, 276, 330, 175, 217, 95, 43, 111, 240, 7, 396, 146, 464, 160, 228, 76, 442, 130, 192, 372, 418, 107, 165, 437, 151, 219, 323, 216, 307, 83, 264, 313, 5, 85, 322, 387, 119, 142, 428, 393, 368, 201, 197, 303, 457, 403, 260, 283, 422, 333, 79, 460, 123, 470, 87, 75, 84, 373, 472, 222, 413, 370, 362, 448, 378, 179, 248, 436, 121, 91, 98, 44, 290, 129, 465, 315, 250, 356, 19, 405, 385, 358, 166, 279, 188, 50, 103, 390, 208, 74, 46, 351, 352, 278, 287, 328, 292, 392, 389, 28, 1, 149, 415, 299, 239, 272, 324, 70, 473, 110, 11, 94, 206, 297, 305, 69, 259, 212, 343, 213]
index list energy: 121425466.5966898Done

iterations:1001, temp:1000000.0, exponent:0.9, eif:300.0
time taken (sec): 2.068293333053589
number of iterations: 1001
final temperature: 129.0070078170105og index list: [35, 445, 128, 334, 63, 301, 343, 209, 233, 288, 16, 97, 221, 62, 250, 396, 252, 319, 254, 379, 247, 11, 469, 357, 414, 369, 283, 273, 146, 6, 322, 433, 408, 74, 143, 286, 253, 22, 455, 410, 259, 277, 142, 95, 402, 0, 4, 428, 44, 123, 102, 317, 246, 195, 31, 470, 194, 351, 40, 105, 33, 348, 471, 187, 297, 439, 326, 84, 323, 474, 213, 304, 28, 72, 86, 43, 229, 230, 375, 388, 240, 294, 53, 442, 154, 127, 296, 133, 394, 356, 279, 162, 29, 411, 417, 132, 415, 227, 173, 238, 419, 66, 89, 216, 50, 219, 287, 436, 179, 85, 315, 231, 107, 359, 73, 360, 96, 382, 182, 153, 211, 292, 109, 346, 352, 473, 266, 47, 21, 214, 30, 310, 70, 134, 347, 56, 7, 152, 193, 269, 169, 136, 349, 318, 341, 141, 104, 148, 25, 103, 385, 14, 235, 23, 299, 49, 367, 452, 265, 171, 358, 147, 26, 151, 239, 263, 69, 295, 87, 245, 386, 185, 391, 335, 338, 423, 51, 124, 75, 255, 344, 426, 389, 163, 88, 90, 350, 106, 1, 354, 365, 276, 223, 183, 454, 116, 427, 249, 48, 184, 100, 260, 52, 224, 264, 472, 32, 220, 237, 302, 10, 110, 333, 45, 458, 393, 139, 363, 316, 19, 204, 390, 5, 407, 270, 444, 282, 178, 119, 308, 290, 157, 175, 420, 36, 256, 453, 456, 99, 300, 158, 397, 362, 180, 188, 306, 448, 177, 77, 267, 293, 71, 307, 79, 41, 164, 68, 170, 189, 457, 131, 60, 172, 81, 450, 65, 284, 212, 217, 130, 373, 370, 441, 289, 12, 15, 446, 431, 67, 218, 101, 462, 305, 409, 339, 392, 361, 203, 429, 405, 401, 398, 122, 368, 244, 115, 199, 435, 155, 278, 20, 108, 261, 281, 91, 314, 161, 337, 46, 387, 94, 400, 39, 80, 440, 9, 459, 42, 413, 395, 268, 274, 226, 138, 83, 329, 262, 345, 120, 114, 112, 160, 328, 191, 2, 309, 27, 463, 202, 168, 201, 38, 336, 13, 121, 228, 353, 17, 291, 144, 422, 150, 332, 186, 421, 145, 465, 467, 251, 174, 58, 225, 366, 460, 126, 331, 149, 24, 243, 320, 82, 34, 432, 241, 140, 113, 93, 118, 285, 461, 418, 156, 412, 137, 232, 57, 325, 92, 167, 196, 176, 78, 198, 55, 236, 192, 312, 215, 303, 381, 207, 355, 200, 98, 222, 18, 406, 190, 166, 438, 416, 404, 111, 380, 206, 64, 258, 125, 342, 424, 197, 298, 165, 248, 234, 466, 208, 275, 372, 434, 324, 272, 383, 374, 377, 313, 129, 242, 378, 8, 327, 449, 464, 257, 430, 443, 3, 135, 61, 210, 280, 159, 76, 384, 271, 403, 425, 330, 437, 37, 371, 321, 447, 364, 376, 340, 117, 181, 399, 451, 59, 311, 205, 54, 468]
og index list energy: 317166922.0666575
index list: [274, 462, 305, 409, 339, 392, 422, 46, 119, 116, 317, 97, 221, 117, 250, 172, 137, 285, 461, 418, 156, 11, 469, 357, 223, 183, 309, 465, 467, 279, 322, 433, 408, 437, 143, 401, 298, 360, 44, 176, 177, 175, 420, 36, 22, 390, 391, 335, 196, 123, 210, 16, 211, 25, 376, 261, 281, 393, 407, 233, 33, 84, 185, 354, 130, 327, 449, 229, 257, 133, 432, 302, 28, 72, 81, 450, 358, 230, 342, 424, 171, 294, 140, 213, 373, 71, 181, 242, 396, 126, 331, 180, 375, 388, 152, 345, 120, 227, 173, 436, 178, 273, 194, 351, 73, 219, 287, 111, 184, 316, 203, 429, 147, 441, 169, 319, 237, 222, 182, 153, 246, 31, 439, 326, 188, 225, 460, 100, 164, 214, 30, 310, 226, 2, 243, 56, 113, 112, 21, 68, 265, 162, 269, 255, 201, 141, 468, 400, 455, 410, 321, 451, 368, 457, 131, 148, 80, 440, 9, 459, 10, 136, 288, 427, 249, 174, 366, 295, 87, 245, 236, 253, 438, 160, 267, 414, 308, 124, 329, 50, 263, 60, 389, 333, 88, 398, 122, 106, 1, 121, 200, 426, 247, 370, 118, 324, 216, 38, 151, 29, 93, 217, 52, 224, 168, 328, 191, 220, 346, 132, 127, 70, 163, 45, 458, 27, 463, 276, 416, 350, 204, 192, 312, 215, 270, 8, 238, 419, 199, 423, 82, 101, 47, 275, 371, 256, 453, 456, 99, 187, 158, 397, 362, 234, 402, 272, 69, 110, 277, 464, 386, 466, 208, 138, 24, 454, 17, 170, 430, 363, 3, 379, 382, 86, 43, 448, 240, 161, 337, 102, 89, 64, 332, 105, 12, 15, 446, 431, 186, 421, 315, 415, 150, 190, 262, 37, 361, 235, 384, 299, 66, 297, 404, 59, 244, 142, 57, 149, 334, 144, 260, 26, 347, 248, 314, 385, 179, 85, 320, 231, 428, 92, 259, 14, 134, 348, 471, 42, 413, 395, 268, 377, 435, 155, 403, 425, 330, 75, 241, 434, 283, 412, 4, 167, 445, 74, 5, 94, 145, 83, 35, 193, 32, 284, 318, 341, 90, 381, 139, 218, 313, 359, 258, 39, 303, 264, 472, 55, 128, 344, 58, 0, 115, 278, 206, 91, 95, 98, 165, 135, 51, 34, 307, 296, 417, 6, 411, 304, 7, 109, 291, 79, 65, 323, 232, 49, 325, 41, 78, 77, 202, 293, 301, 343, 19, 195, 444, 282, 380, 289, 207, 355, 452, 62, 103, 405, 239, 166, 67, 365, 338, 209, 48, 443, 212, 40, 63, 367, 198, 336, 197, 96, 254, 306, 470, 394, 356, 300, 369, 290, 23, 383, 53, 442, 20, 61, 114, 447, 364, 146, 292, 352, 473, 266, 286, 372, 154, 13, 474, 228, 251, 159, 76, 18, 205, 54, 349, 280, 374, 157, 107, 129, 399, 378, 108, 340, 104, 353, 271, 125, 189, 311, 406, 387, 252]
index list energy: 116853692.97799739Done

iterations:1001, temp:1000000.0, exponent:0.9, eif:300.0
time taken (sec): 2.071850061416626
number of iterations: 1001
final temperature: 129.0070078170105og index list: [246, 259, 316, 184, 352, 419, 99, 115, 45, 404, 470, 16, 125, 178, 47, 5, 359, 108, 192, 150, 299, 438, 230, 433, 334, 59, 3, 166, 42, 70, 4, 300, 432, 302, 468, 81, 222, 217, 219, 170, 232, 434, 277, 203, 471, 129, 303, 271, 413, 368, 55, 268, 21, 172, 158, 326, 8, 389, 144, 414, 258, 145, 395, 225, 374, 349, 194, 459, 456, 2, 22, 15, 344, 23, 261, 206, 409, 101, 214, 333, 67, 281, 182, 113, 152, 264, 124, 20, 343, 153, 400, 450, 208, 14, 263, 28, 9, 202, 159, 97, 46, 134, 136, 288, 155, 467, 274, 472, 294, 353, 210, 41, 35, 80, 378, 179, 365, 330, 260, 12, 39, 266, 180, 306, 93, 235, 387, 278, 96, 116, 427, 245, 364, 328, 231, 24, 146, 426, 167, 275, 385, 262, 73, 75, 331, 127, 297, 310, 143, 346, 292, 348, 329, 52, 265, 397, 355, 410, 448, 327, 106, 94, 83, 6, 33, 91, 62, 463, 254, 341, 452, 160, 284, 442, 156, 473, 68, 193, 357, 86, 137, 429, 474, 372, 383, 72, 19, 109, 236, 174, 181, 163, 361, 293, 27, 408, 457, 242, 220, 290, 223, 30, 176, 11, 421, 336, 111, 198, 323, 164, 122, 411, 133, 49, 369, 251, 60, 188, 379, 169, 54, 141, 453, 458, 381, 173, 445, 304, 61, 363, 135, 308, 377, 430, 366, 29, 384, 77, 283, 183, 240, 425, 267, 340, 228, 32, 403, 402, 291, 412, 286, 424, 296, 148, 88, 423, 315, 196, 216, 140, 212, 157, 66, 332, 227, 239, 123, 218, 78, 204, 401, 142, 443, 318, 320, 391, 74, 455, 347, 43, 25, 407, 249, 405, 441, 1, 151, 118, 18, 104, 386, 37, 345, 233, 444, 351, 356, 215, 207, 201, 247, 422, 252, 126, 253, 38, 241, 248, 128, 120, 465, 406, 393, 287, 376, 53, 138, 209, 272, 337, 354, 435, 325, 185, 89, 243, 289, 464, 418, 175, 256, 85, 313, 439, 110, 79, 132, 447, 370, 342, 462, 50, 103, 168, 307, 162, 139, 87, 102, 373, 314, 105, 177, 321, 226, 339, 186, 95, 350, 449, 367, 107, 114, 311, 211, 380, 295, 317, 57, 191, 17, 221, 301, 466, 371, 396, 394, 40, 100, 13, 338, 461, 117, 358, 250, 200, 451, 187, 31, 322, 161, 36, 255, 48, 257, 171, 417, 26, 392, 270, 454, 63, 189, 436, 44, 69, 446, 195, 244, 399, 58, 190, 76, 324, 10, 298, 205, 199, 224, 84, 234, 65, 269, 131, 276, 382, 390, 229, 154, 237, 416, 90, 360, 285, 362, 149, 147, 279, 309, 319, 437, 197, 305, 92, 398, 34, 0, 280, 460, 121, 7, 428, 51, 431, 415, 56, 165, 273, 119, 71, 388, 282, 130, 213, 238, 469, 112, 335, 420, 312, 82, 98, 375, 64, 440]
og index list energy: 320033698.1061507
index list: [155, 467, 274, 472, 294, 116, 150, 247, 201, 411, 198, 436, 298, 100, 439, 110, 323, 196, 192, 239, 455, 347, 230, 433, 180, 59, 154, 218, 42, 398, 14, 314, 6, 339, 186, 52, 222, 5, 359, 108, 122, 78, 204, 38, 87, 419, 34, 257, 337, 157, 319, 293, 272, 321, 354, 95, 400, 389, 83, 197, 8, 15, 373, 236, 424, 214, 333, 60, 456, 2, 265, 146, 426, 345, 233, 444, 351, 453, 458, 255, 361, 281, 450, 113, 207, 46, 382, 161, 133, 216, 322, 132, 208, 4, 43, 28, 27, 307, 258, 326, 469, 408, 136, 288, 51, 431, 415, 56, 226, 301, 466, 371, 88, 24, 457, 261, 227, 318, 320, 391, 39, 168, 410, 96, 93, 304, 101, 251, 309, 286, 22, 112, 417, 26, 231, 134, 17, 109, 205, 325, 427, 387, 459, 188, 194, 169, 54, 225, 143, 310, 292, 250, 438, 65, 167, 159, 334, 369, 306, 213, 248, 94, 363, 403, 402, 421, 342, 300, 432, 302, 468, 312, 462, 50, 437, 163, 40, 313, 357, 241, 137, 429, 228, 454, 316, 72, 348, 264, 353, 47, 41, 289, 80, 162, 142, 443, 49, 343, 349, 290, 193, 331, 21, 367, 158, 282, 240, 107, 378, 232, 434, 277, 423, 315, 471, 324, 268, 119, 3, 388, 73, 75, 242, 55, 199, 376, 249, 138, 147, 126, 435, 311, 392, 430, 366, 20, 92, 77, 283, 183, 9, 176, 16, 425, 271, 413, 7, 414, 383, 221, 358, 174, 181, 115, 140, 404, 346, 219, 45, 422, 61, 269, 224, 130, 327, 409, 123, 279, 332, 352, 48, 317, 336, 74, 260, 200, 120, 275, 234, 263, 12, 36, 53, 405, 441, 25, 285, 187, 31, 380, 386, 35, 178, 184, 103, 44, 235, 215, 66, 465, 406, 393, 461, 97, 428, 238, 384, 99, 128, 29, 131, 246, 32, 71, 111, 166, 344, 127, 341, 452, 160, 267, 30, 185, 89, 252, 37, 220, 418, 175, 211, 85, 365, 210, 217, 79, 0, 447, 86, 81, 449, 58, 374, 82, 340, 330, 379, 191, 463, 254, 84, 62, 296, 364, 328, 33, 91, 368, 19, 329, 308, 102, 135, 209, 262, 270, 259, 63, 385, 297, 212, 125, 23, 253, 153, 396, 394, 67, 145, 13, 338, 105, 117, 377, 299, 1, 151, 118, 18, 124, 57, 451, 381, 397, 355, 182, 173, 445, 69, 446, 195, 148, 189, 177, 287, 291, 245, 278, 202, 106, 229, 70, 76, 464, 10, 237, 448, 395, 442, 156, 473, 68, 165, 144, 276, 170, 399, 420, 190, 273, 416, 90, 360, 407, 362, 149, 412, 171, 11, 470, 129, 256, 305, 370, 266, 303, 206, 280, 460, 121, 98, 114, 474, 372, 152, 243, 223, 139, 244, 401, 179, 350, 335, 172, 356, 104, 295, 164, 203, 284, 141, 390, 375, 64, 440]
index list energy: 128682938.31763265Done

iterations:1001, temp:1000000.0, exponent:0.9, eif:300.0
time taken (sec): 2.1907200813293457
number of iterations: 1001
final temperature: 129.0070078170105og index list: [377, 118, 25, 404, 141, 386, 219, 144, 341, 229, 224, 180, 440, 323, 348, 283, 252, 96, 326, 204, 356, 329, 265, 292, 270, 235, 58, 42, 94, 6, 105, 238, 365, 67, 220, 150, 471, 413, 107, 338, 280, 61, 441, 407, 182, 136, 0, 52, 293, 232, 36, 447, 12, 175, 44, 135, 438, 462, 193, 396, 403, 100, 154, 354, 59, 415, 223, 153, 32, 287, 145, 412, 457, 246, 291, 384, 428, 191, 419, 299, 181, 261, 392, 43, 472, 244, 200, 465, 331, 92, 297, 212, 91, 406, 199, 393, 371, 95, 383, 316, 234, 424, 310, 31, 79, 177, 350, 328, 426, 458, 456, 162, 197, 222, 330, 176, 109, 446, 121, 139, 183, 115, 130, 81, 2, 345, 378, 9, 192, 463, 425, 5, 314, 417, 250, 126, 215, 455, 474, 389, 125, 450, 134, 263, 399, 454, 88, 129, 416, 367, 142, 34, 469, 78, 336, 320, 394, 218, 45, 21, 278, 410, 381, 157, 408, 332, 148, 99, 298, 46, 226, 432, 258, 138, 470, 69, 119, 373, 353, 334, 466, 55, 358, 20, 10, 122, 202, 409, 398, 160, 86, 206, 437, 93, 467, 49, 248, 439, 106, 90, 251, 374, 247, 63, 13, 231, 362, 97, 179, 51, 242, 101, 430, 26, 241, 312, 172, 333, 351, 123, 7, 319, 15, 303, 249, 468, 402, 294, 253, 140, 53, 361, 113, 4, 207, 342, 434, 400, 318, 66, 311, 274, 173, 48, 427, 74, 322, 255, 290, 266, 397, 33, 161, 327, 198, 133, 360, 110, 401, 27, 233, 83, 147, 295, 39, 411, 387, 217, 23, 75, 429, 243, 375, 1, 60, 195, 460, 186, 422, 281, 423, 8, 203, 277, 420, 240, 40, 155, 289, 304, 464, 120, 286, 82, 205, 149, 239, 84, 435, 285, 237, 209, 282, 317, 308, 71, 275, 169, 363, 24, 221, 210, 116, 405, 17, 259, 355, 77, 214, 473, 166, 391, 359, 461, 269, 347, 112, 19, 418, 158, 196, 167, 236, 431, 111, 349, 128, 156, 448, 267, 271, 254, 443, 70, 117, 452, 325, 302, 305, 364, 324, 87, 352, 152, 268, 445, 50, 315, 300, 227, 65, 159, 264, 382, 213, 76, 16, 414, 168, 442, 321, 47, 459, 56, 89, 11, 433, 453, 296, 449, 385, 208, 309, 137, 228, 64, 335, 165, 337, 72, 164, 98, 35, 343, 421, 131, 57, 444, 80, 146, 29, 201, 22, 344, 73, 379, 245, 102, 37, 284, 301, 189, 260, 279, 194, 257, 451, 28, 366, 30, 103, 273, 272, 68, 18, 62, 3, 188, 132, 346, 151, 163, 174, 372, 170, 376, 307, 340, 114, 143, 306, 276, 104, 178, 171, 190, 211, 124, 370, 225, 85, 14, 262, 54, 339, 127, 369, 313, 230, 187, 41, 108, 357, 288, 38, 380, 216, 184, 436, 388, 390, 368, 256, 185, 395]
og index list energy: 287866450.2903673
index list: [203, 118, 175, 115, 141, 384, 222, 230, 341, 229, 113, 42, 79, 47, 202, 283, 252, 96, 273, 343, 349, 413, 249, 468, 195, 460, 83, 237, 427, 302, 105, 260, 30, 258, 80, 146, 242, 256, 208, 309, 272, 21, 334, 65, 55, 120, 298, 308, 150, 45, 63, 350, 367, 368, 34, 469, 78, 429, 161, 396, 197, 326, 438, 250, 46, 289, 159, 76, 136, 169, 52, 139, 221, 205, 291, 238, 126, 453, 403, 354, 408, 72, 281, 145, 8, 456, 56, 241, 0, 201, 107, 223, 131, 366, 432, 103, 287, 73, 417, 316, 423, 233, 301, 402, 455, 474, 263, 300, 89, 322, 428, 191, 162, 199, 94, 74, 393, 333, 351, 85, 254, 443, 77, 225, 324, 464, 27, 70, 268, 226, 25, 44, 337, 220, 138, 53, 61, 99, 338, 381, 194, 440, 323, 459, 123, 445, 43, 71, 306, 68, 279, 450, 270, 248, 336, 314, 48, 265, 292, 411, 35, 122, 352, 330, 457, 317, 57, 20, 405, 312, 363, 24, 4, 422, 180, 461, 383, 347, 439, 19, 418, 158, 50, 177, 92, 22, 465, 18, 243, 390, 86, 206, 437, 137, 148, 49, 75, 404, 239, 1, 412, 386, 246, 293, 380, 320, 394, 228, 303, 462, 193, 401, 224, 156, 448, 331, 364, 259, 387, 32, 7, 319, 375, 436, 388, 446, 215, 294, 218, 140, 470, 361, 449, 125, 471, 372, 51, 328, 426, 66, 311, 274, 173, 307, 441, 407, 31, 391, 353, 60, 266, 178, 171, 147, 251, 280, 342, 399, 454, 373, 110, 371, 232, 157, 111, 207, 41, 217, 212, 121, 176, 124, 370, 90, 295, 188, 247, 186, 189, 467, 112, 69, 430, 155, 190, 181, 40, 26, 151, 231, 362, 296, 305, 129, 275, 164, 359, 84, 435, 198, 133, 209, 101, 109, 392, 419, 211, 29, 466, 128, 17, 389, 153, 179, 344, 271, 355, 172, 214, 385, 119, 152, 447, 12, 87, 397, 33, 62, 369, 285, 262, 167, 236, 431, 39, 149, 234, 257, 451, 28, 410, 282, 108, 357, 117, 452, 325, 10, 365, 267, 216, 184, 95, 36, 434, 400, 318, 315, 377, 227, 93, 297, 433, 91, 406, 358, 472, 244, 473, 166, 13, 269, 340, 135, 261, 106, 98, 416, 160, 142, 82, 345, 299, 59, 415, 64, 116, 255, 444, 286, 458, 277, 420, 240, 421, 348, 409, 253, 382, 213, 88, 58, 264, 356, 329, 379, 245, 102, 37, 284, 304, 424, 310, 67, 360, 183, 332, 130, 11, 192, 463, 425, 5, 81, 2, 398, 3, 374, 132, 346, 104, 163, 174, 23, 170, 376, 219, 100, 154, 143, 278, 335, 165, 16, 414, 168, 442, 321, 235, 114, 290, 14, 196, 54, 339, 127, 327, 313, 144, 187, 200, 378, 9, 288, 38, 210, 276, 15, 204, 97, 134, 6, 182, 185, 395]
index list energy: 109823714.18716118Done

iterations:1001, temp:1000000.0, exponent:0.9, eif:300.0
time taken (sec): 3.228559970855713
number of iterations: 1001
final temperature: 129.0070078170105og index list: [154, 294, 61, 37, 331, 240, 285, 17, 291, 230, 395, 145, 13, 448, 73, 242, 444, 203, 82, 122, 44, 95, 245, 50, 341, 442, 224, 264, 89, 29, 93, 351, 384, 286, 415, 323, 421, 358, 197, 219, 116, 376, 121, 263, 359, 125, 139, 16, 237, 262, 218, 379, 63, 281, 238, 189, 180, 190, 228, 107, 438, 236, 132, 160, 188, 39, 388, 373, 55, 165, 284, 138, 152, 260, 455, 198, 201, 216, 426, 204, 229, 209, 6, 346, 454, 436, 199, 214, 301, 46, 5, 360, 339, 196, 440, 463, 293, 402, 135, 3, 278, 280, 42, 353, 254, 464, 429, 377, 456, 100, 453, 1, 412, 155, 269, 290, 366, 97, 283, 182, 43, 202, 217, 115, 406, 374, 12, 106, 304, 112, 31, 449, 362, 324, 83, 338, 120, 25, 393, 213, 130, 446, 424, 471, 161, 47, 90, 390, 28, 233, 423, 48, 141, 383, 23, 174, 162, 157, 208, 474, 175, 345, 367, 232, 32, 191, 146, 365, 470, 14, 51, 342, 210, 86, 368, 370, 200, 295, 67, 7, 348, 251, 392, 403, 84, 60, 248, 457, 275, 21, 123, 447, 226, 401, 102, 313, 243, 372, 417, 327, 27, 460, 52, 321, 279, 247, 400, 389, 258, 309, 131, 329, 211, 249, 289, 299, 397, 303, 317, 364, 319, 136, 468, 124, 108, 386, 74, 252, 206, 173, 179, 81, 167, 195, 87, 153, 310, 458, 2, 75, 391, 8, 472, 461, 126, 409, 111, 466, 356, 0, 19, 371, 387, 355, 168, 185, 306, 103, 59, 334, 296, 322, 36, 274, 253, 71, 79, 118, 205, 10, 361, 166, 58, 432, 350, 30, 96, 77, 172, 292, 78, 117, 305, 268, 212, 459, 272, 68, 140, 85, 169, 54, 194, 396, 159, 234, 428, 18, 431, 410, 337, 164, 369, 257, 40, 437, 434, 462, 435, 420, 22, 300, 354, 114, 231, 340, 11, 378, 418, 26, 72, 347, 221, 98, 56, 104, 445, 422, 110, 250, 287, 282, 416, 246, 404, 425, 328, 148, 244, 41, 150, 332, 91, 469, 9, 80, 186, 147, 170, 414, 441, 380, 45, 357, 227, 430, 318, 215, 151, 241, 113, 316, 66, 119, 49, 183, 382, 192, 473, 273, 184, 158, 177, 271, 427, 450, 20, 277, 181, 467, 142, 276, 178, 452, 314, 38, 333, 127, 330, 34, 220, 156, 349, 335, 320, 344, 411, 225, 439, 385, 407, 266, 35, 88, 298, 381, 76, 405, 222, 57, 187, 65, 105, 308, 398, 297, 270, 99, 133, 363, 433, 62, 144, 143, 235, 149, 325, 399, 261, 193, 465, 312, 394, 255, 259, 70, 408, 239, 134, 171, 267, 326, 419, 64, 4, 288, 24, 336, 443, 343, 352, 451, 207, 311, 413, 163, 92, 128, 94, 109, 375, 69, 137, 256, 223, 129, 33, 176, 101, 15, 53, 302, 307, 315, 265]
og index list energy: 274978529.73702216
index list: [79, 195, 164, 438, 170, 414, 441, 380, 474, 175, 469, 315, 230, 375, 146, 242, 444, 399, 82, 107, 236, 420, 22, 453, 1, 407, 317, 217, 153, 387, 464, 429, 156, 456, 326, 419, 64, 412, 155, 254, 24, 376, 308, 431, 57, 211, 470, 296, 237, 345, 218, 379, 292, 41, 400, 127, 391, 168, 304, 19, 131, 329, 187, 160, 188, 39, 388, 373, 55, 165, 66, 405, 128, 359, 423, 139, 138, 445, 31, 449, 293, 462, 36, 141, 40, 437, 181, 467, 234, 91, 372, 417, 327, 448, 238, 83, 276, 260, 455, 198, 269, 323, 232, 116, 284, 322, 189, 442, 190, 228, 264, 47, 279, 132, 338, 390, 61, 37, 331, 240, 298, 26, 291, 149, 325, 21, 12, 106, 307, 115, 275, 144, 143, 403, 84, 201, 255, 357, 262, 213, 395, 148, 346, 75, 112, 363, 25, 383, 113, 409, 207, 226, 203, 465, 191, 263, 348, 251, 392, 200, 410, 393, 367, 59, 334, 16, 114, 295, 261, 14, 51, 342, 210, 86, 368, 370, 324, 29, 67, 353, 235, 178, 87, 98, 266, 425, 130, 177, 32, 312, 422, 110, 7, 135, 3, 244, 142, 60, 362, 13, 27, 133, 52, 339, 381, 274, 253, 224, 258, 8, 337, 347, 221, 300, 56, 229, 288, 413, 163, 364, 463, 136, 167, 124, 10, 332, 74, 252, 206, 426, 152, 81, 468, 294, 105, 265, 44, 336, 435, 100, 95, 472, 286, 243, 371, 90, 122, 299, 397, 272, 174, 402, 179, 245, 466, 341, 180, 216, 173, 204, 354, 209, 34, 233, 58, 432, 350, 118, 205, 28, 5, 257, 125, 48, 71, 30, 96, 77, 172, 63, 411, 73, 436, 199, 212, 459, 68, 303, 94, 352, 185, 396, 182, 454, 159, 355, 351, 93, 401, 102, 104, 416, 246, 404, 406, 297, 446, 140, 109, 328, 145, 46, 384, 461, 239, 356, 343, 430, 222, 278, 451, 123, 126, 305, 111, 38, 366, 365, 360, 162, 287, 117, 196, 440, 319, 248, 457, 89, 35, 219, 389, 249, 333, 158, 9, 80, 0, 147, 458, 2, 54, 88, 369, 76, 227, 378, 318, 215, 151, 186, 428, 85, 23, 119, 49, 183, 382, 192, 473, 273, 184, 194, 193, 271, 427, 450, 20, 277, 434, 214, 301, 220, 377, 471, 161, 97, 169, 289, 330, 6, 344, 443, 225, 335, 320, 166, 424, 349, 439, 385, 321, 306, 386, 452, 314, 313, 415, 280, 421, 358, 433, 62, 45, 42, 247, 281, 270, 99, 282, 78, 150, 250, 202, 394, 311, 154, 340, 11, 231, 310, 103, 121, 398, 374, 259, 70, 408, 447, 134, 171, 223, 129, 290, 316, 4, 120, 197, 65, 50, 157, 208, 137, 18, 285, 17, 72, 92, 361, 460, 108, 268, 69, 309, 256, 267, 241, 33, 176, 101, 15, 53, 302, 283, 418, 43]
index list energy: 135512406.55585346Done

iterations:1001, temp:1000000.0, exponent:0.9, eif:300.0
time taken (sec): 3.519531011581421
number of iterations: 1001
final temperature: 129.0070078170105og index list: [203, 235, 312, 154, 43, 221, 341, 318, 411, 261, 407, 388, 267, 226, 474, 303, 92, 443, 14, 442, 19, 202, 101, 401, 37, 232, 108, 278, 238, 78, 16, 297, 293, 94, 463, 81, 64, 246, 458, 294, 2, 296, 315, 56, 57, 402, 140, 10, 222, 60, 11, 455, 205, 150, 316, 283, 262, 281, 460, 258, 302, 387, 378, 76, 209, 319, 71, 404, 451, 199, 271, 165, 248, 314, 351, 372, 158, 329, 454, 419, 426, 69, 264, 15, 405, 139, 44, 344, 394, 462, 239, 427, 313, 212, 160, 347, 254, 156, 241, 257, 174, 305, 228, 80, 352, 45, 250, 159, 469, 17, 85, 279, 147, 380, 181, 399, 439, 406, 148, 288, 65, 445, 48, 197, 84, 6, 146, 410, 379, 67, 370, 325, 392, 27, 290, 381, 75, 39, 193, 301, 390, 342, 291, 107, 374, 18, 323, 386, 304, 428, 176, 285, 334, 337, 115, 328, 172, 129, 231, 164, 353, 170, 58, 233, 244, 168, 166, 179, 206, 137, 452, 105, 100, 364, 298, 178, 368, 253, 292, 310, 432, 173, 438, 218, 82, 106, 398, 103, 63, 367, 444, 194, 112, 169, 33, 40, 152, 88, 416, 49, 91, 295, 29, 21, 132, 163, 74, 13, 227, 309, 466, 42, 435, 321, 275, 32, 423, 382, 366, 114, 55, 41, 143, 418, 12, 436, 350, 155, 300, 348, 72, 349, 116, 175, 204, 216, 211, 459, 473, 369, 198, 440, 196, 161, 95, 62, 326, 340, 420, 447, 182, 433, 31, 377, 434, 52, 70, 441, 274, 286, 35, 256, 171, 126, 240, 109, 343, 79, 266, 320, 437, 383, 331, 96, 265, 167, 66, 332, 375, 86, 456, 361, 336, 135, 217, 215, 87, 252, 138, 373, 422, 188, 54, 153, 464, 289, 183, 5, 213, 409, 223, 124, 389, 185, 224, 243, 467, 249, 73, 429, 134, 89, 200, 414, 93, 335, 28, 327, 90, 189, 1, 453, 306, 236, 371, 276, 121, 191, 322, 345, 277, 22, 346, 468, 408, 142, 415, 417, 280, 333, 384, 184, 359, 255, 210, 208, 104, 36, 23, 365, 99, 98, 307, 282, 229, 120, 324, 449, 234, 230, 186, 465, 237, 395, 38, 259, 245, 25, 355, 272, 391, 207, 446, 119, 77, 4, 220, 269, 268, 113, 125, 219, 413, 122, 284, 117, 50, 362, 136, 400, 412, 0, 242, 68, 311, 270, 403, 149, 360, 424, 34, 317, 130, 20, 102, 187, 308, 356, 376, 214, 385, 287, 3, 461, 339, 430, 330, 299, 190, 145, 457, 225, 7, 83, 431, 61, 110, 97, 8, 133, 30, 24, 397, 180, 131, 123, 263, 273, 51, 354, 338, 46, 251, 144, 425, 450, 53, 192, 393, 201, 260, 151, 195, 177, 471, 9, 470, 396, 111, 247, 118, 358, 59, 128, 141, 157, 162, 363, 26, 472, 448, 127, 47, 357, 421]
og index list energy: 320515616.54372996
index list: [208, 277, 312, 434, 43, 221, 58, 294, 6, 32, 423, 382, 366, 214, 301, 390, 92, 8, 186, 241, 237, 293, 101, 14, 159, 469, 17, 448, 238, 155, 262, 55, 233, 367, 378, 76, 343, 100, 260, 79, 372, 296, 392, 56, 57, 402, 181, 4, 309, 268, 170, 455, 203, 235, 298, 138, 39, 113, 444, 73, 429, 134, 463, 49, 151, 192, 30, 251, 248, 199, 153, 202, 289, 145, 457, 9, 470, 396, 454, 364, 426, 27, 136, 467, 161, 395, 38, 116, 3, 461, 338, 430, 330, 299, 311, 65, 137, 452, 105, 257, 174, 305, 228, 80, 149, 111, 419, 263, 195, 108, 90, 279, 278, 380, 339, 384, 59, 438, 218, 442, 140, 269, 19, 421, 131, 411, 336, 407, 388, 472, 254, 400, 75, 288, 471, 78, 200, 231, 383, 314, 351, 320, 437, 125, 350, 450, 52, 386, 115, 328, 172, 389, 120, 323, 164, 354, 377, 317, 77, 51, 353, 141, 439, 128, 307, 168, 166, 179, 160, 445, 48, 465, 227, 74, 20, 147, 127, 358, 144, 310, 325, 412, 0, 81, 180, 363, 194, 107, 209, 146, 410, 379, 431, 61, 121, 292, 152, 276, 417, 322, 346, 226, 474, 281, 460, 258, 409, 223, 124, 425, 66, 190, 157, 365, 99, 13, 376, 21, 117, 104, 154, 41, 394, 267, 405, 68, 327, 70, 368, 459, 473, 369, 239, 427, 198, 440, 93, 103, 313, 196, 217, 291, 428, 193, 95, 204, 326, 171, 355, 240, 201, 321, 54, 408, 443, 97, 285, 399, 274, 50, 35, 256, 340, 420, 447, 182, 206, 31, 176, 374, 18, 142, 391, 344, 183, 167, 10, 360, 308, 303, 132, 163, 22, 249, 11, 42, 435, 398, 215, 83, 456, 361, 468, 244, 404, 451, 72, 5, 329, 46, 16, 213, 381, 185, 24, 211, 337, 102, 15, 247, 47, 89, 265, 243, 175, 335, 28, 53, 280, 416, 62, 266, 245, 86, 23, 82, 295, 29, 122, 345, 242, 40, 302, 94, 297, 387, 415, 191, 324, 449, 234, 220, 210, 123, 316, 205, 150, 63, 112, 162, 275, 98, 271, 282, 25, 315, 69, 290, 133, 37, 224, 370, 232, 26, 422, 188, 236, 139, 331, 272, 44, 207, 446, 110, 173, 406, 148, 414, 189, 418, 33, 436, 304, 462, 284, 135, 286, 362, 119, 225, 441, 60, 222, 466, 341, 464, 252, 352, 45, 424, 34, 129, 130, 197, 270, 2, 12, 118, 165, 264, 385, 259, 300, 348, 342, 349, 287, 212, 156, 319, 177, 178, 7, 87, 169, 109, 64, 397, 332, 375, 356, 230, 432, 255, 283, 219, 253, 273, 88, 106, 71, 85, 347, 250, 126, 401, 143, 357, 393, 67, 91, 36, 373, 229, 371, 216, 413, 96, 261, 246, 458, 318, 333, 158, 184, 359, 187, 334, 114, 1, 453, 306, 433, 84, 403]
index list energy: 114123521.84358364Done

iterations:1001, temp:1000000.0, exponent:0.9, eif:300.0
time taken (sec): 2.1992151737213135
number of iterations: 1001
final temperature: 129.0070078170105og index list: [424, 426, 7, 456, 222, 355, 397, 446, 59, 223, 142, 63, 178, 278, 348, 389, 28, 23, 449, 208, 228, 465, 239, 300, 292, 394, 467, 195, 80, 390, 263, 308, 321, 361, 102, 130, 54, 376, 76, 400, 160, 302, 68, 381, 177, 72, 183, 342, 288, 45, 37, 31, 429, 471, 221, 347, 87, 236, 43, 137, 193, 200, 88, 451, 96, 127, 331, 286, 383, 143, 115, 283, 185, 157, 262, 219, 25, 416, 81, 459, 395, 199, 311, 78, 107, 133, 83, 423, 326, 172, 422, 427, 382, 169, 196, 77, 149, 470, 320, 462, 401, 84, 243, 69, 1, 351, 188, 410, 425, 354, 16, 215, 439, 268, 336, 57, 190, 330, 29, 399, 463, 246, 391, 89, 135, 276, 270, 295, 112, 53, 455, 226, 407, 85, 229, 319, 38, 385, 337, 440, 290, 238, 162, 136, 22, 303, 453, 353, 241, 99, 49, 198, 141, 167, 452, 240, 301, 341, 360, 181, 466, 322, 365, 105, 182, 153, 82, 48, 264, 36, 106, 216, 339, 406, 179, 386, 274, 285, 50, 409, 293, 39, 20, 417, 187, 367, 11, 40, 174, 296, 332, 126, 393, 306, 150, 432, 447, 139, 271, 363, 71, 448, 237, 17, 204, 419, 173, 217, 26, 118, 98, 34, 257, 437, 117, 436, 148, 168, 202, 345, 70, 58, 201, 372, 443, 398, 207, 14, 364, 225, 231, 358, 55, 218, 159, 220, 359, 250, 259, 411, 51, 205, 129, 464, 269, 212, 235, 442, 356, 191, 0, 194, 224, 318, 210, 9, 213, 109, 189, 316, 206, 258, 346, 119, 474, 233, 297, 140, 42, 56, 352, 430, 314, 209, 414, 445, 349, 60, 379, 287, 272, 152, 307, 61, 156, 277, 435, 458, 473, 421, 10, 134, 176, 163, 344, 197, 12, 460, 110, 366, 91, 420, 294, 313, 392, 380, 33, 248, 468, 438, 340, 65, 325, 93, 234, 282, 256, 184, 175, 415, 165, 244, 116, 27, 18, 273, 260, 164, 46, 245, 298, 404, 4, 249, 79, 158, 124, 281, 111, 328, 254, 97, 64, 166, 35, 131, 373, 334, 123, 214, 418, 230, 15, 101, 255, 104, 122, 284, 317, 396, 472, 405, 375, 92, 369, 370, 324, 357, 408, 125, 242, 13, 469, 6, 154, 47, 431, 315, 312, 62, 8, 335, 146, 378, 161, 289, 100, 113, 147, 428, 67, 73, 66, 21, 227, 145, 251, 41, 128, 304, 305, 86, 253, 434, 265, 24, 343, 74, 3, 120, 171, 279, 30, 329, 444, 338, 132, 75, 350, 368, 371, 388, 450, 327, 402, 44, 403, 377, 309, 32, 374, 5, 151, 155, 180, 95, 114, 247, 267, 333, 19, 362, 387, 310, 280, 52, 144, 266, 275, 461, 454, 103, 170, 384, 433, 261, 291, 203, 323, 299, 90, 138, 94, 186, 2, 108, 412, 413, 457, 232, 192, 211, 441, 121, 252]
og index list energy: 290581938.71275616
index list: [99, 259, 52, 328, 254, 186, 188, 94, 97, 312, 62, 63, 318, 189, 291, 82, 370, 157, 262, 81, 454, 236, 170, 253, 85, 249, 79, 158, 80, 146, 438, 308, 161, 392, 250, 316, 207, 401, 76, 400, 447, 180, 69, 118, 98, 444, 338, 367, 11, 385, 12, 184, 143, 415, 8, 425, 397, 103, 109, 36, 185, 246, 87, 71, 37, 460, 110, 324, 383, 175, 115, 283, 43, 23, 58, 337, 456, 222, 355, 270, 352, 0, 408, 365, 199, 276, 114, 26, 326, 366, 302, 317, 434, 265, 393, 174, 467, 193, 389, 419, 173, 298, 243, 150, 221, 347, 363, 361, 472, 354, 421, 113, 473, 40, 336, 233, 382, 140, 29, 399, 64, 200, 235, 442, 88, 451, 96, 435, 364, 426, 156, 432, 162, 197, 105, 405, 375, 449, 72, 422, 209, 138, 445, 349, 356, 142, 16, 388, 92, 307, 66, 172, 141, 386, 280, 285, 360, 274, 443, 228, 396, 239, 341, 183, 427, 204, 169, 340, 74, 423, 380, 220, 339, 148, 168, 321, 14, 458, 227, 284, 293, 39, 20, 446, 59, 223, 108, 412, 181, 466, 275, 461, 91, 420, 294, 313, 160, 155, 411, 51, 453, 353, 241, 424, 1, 351, 2, 217, 107, 131, 15, 34, 300, 292, 55, 61, 101, 463, 378, 325, 242, 244, 409, 372, 279, 398, 414, 164, 264, 50, 231, 56, 208, 218, 179, 35, 116, 27, 433, 261, 410, 205, 191, 112, 359, 129, 13, 469, 6, 381, 395, 44, 247, 152, 210, 9, 273, 306, 277, 90, 93, 128, 346, 119, 224, 57, 413, 330, 42, 358, 320, 462, 95, 459, 177, 428, 28, 60, 379, 342, 377, 106, 47, 135, 216, 167, 452, 240, 297, 48, 65, 258, 21, 278, 344, 345, 448, 127, 374, 49, 198, 182, 390, 46, 24, 394, 296, 229, 332, 89, 455, 226, 122, 206, 77, 368, 251, 315, 402, 329, 234, 68, 136, 10, 18, 212, 464, 269, 474, 245, 219, 303, 4, 121, 195, 120, 187, 281, 139, 271, 404, 38, 417, 267, 84, 78, 263, 194, 343, 214, 418, 230, 257, 54, 407, 104, 202, 149, 470, 201, 465, 256, 31, 429, 272, 288, 111, 309, 295, 125, 70, 310, 319, 384, 196, 282, 287, 327, 437, 117, 436, 406, 53, 190, 457, 232, 100, 215, 439, 268, 441, 73, 165, 357, 25, 416, 153, 41, 376, 304, 32, 22, 323, 151, 5, 203, 301, 211, 3, 431, 171, 126, 30, 290, 311, 124, 132, 75, 350, 335, 86, 166, 333, 19, 237, 33, 248, 134, 176, 163, 213, 260, 468, 373, 334, 123, 83, 371, 102, 450, 130, 362, 387, 238, 154, 144, 286, 266, 322, 430, 314, 147, 369, 67, 178, 440, 348, 255, 331, 299, 7, 305, 145, 45, 137, 159, 471, 133, 225, 17, 192, 289, 391, 403, 252]
index list energy: 140902554.55056688Done

iterations:1001, temp:1000000.0, exponent:0.9, eif:300.0
time taken (sec): 2.2858078479766846
number of iterations: 1001
final temperature: 129.0070078170105og index list: [151, 296, 150, 17, 133, 301, 141, 446, 182, 274, 104, 321, 324, 390, 286, 57, 293, 256, 375, 312, 6, 461, 224, 169, 79, 342, 334, 98, 473, 39, 119, 129, 345, 382, 357, 263, 380, 291, 127, 363, 322, 94, 392, 13, 14, 109, 335, 5, 65, 156, 117, 160, 33, 121, 235, 29, 147, 189, 53, 331, 439, 87, 329, 340, 97, 434, 447, 63, 41, 194, 96, 144, 126, 30, 0, 34, 135, 81, 452, 287, 436, 196, 44, 113, 56, 70, 76, 310, 153, 471, 255, 358, 165, 427, 462, 270, 431, 325, 252, 77, 262, 265, 346, 125, 55, 283, 215, 166, 36, 8, 388, 415, 441, 175, 199, 275, 448, 282, 349, 451, 68, 350, 449, 414, 47, 307, 172, 49, 51, 366, 137, 211, 425, 318, 102, 101, 142, 54, 145, 228, 72, 400, 37, 118, 21, 174, 27, 3, 62, 40, 223, 399, 474, 42, 231, 234, 241, 71, 115, 216, 467, 406, 32, 239, 273, 148, 250, 139, 80, 209, 232, 437, 123, 364, 249, 370, 407, 343, 84, 416, 428, 222, 354, 298, 278, 220, 457, 78, 433, 233, 456, 161, 236, 218, 243, 466, 454, 472, 257, 351, 11, 362, 164, 177, 130, 85, 398, 356, 450, 319, 83, 292, 413, 393, 410, 191, 205, 396, 338, 217, 430, 179, 327, 289, 385, 207, 59, 412, 197, 276, 347, 210, 371, 134, 170, 138, 435, 238, 295, 136, 300, 90, 373, 16, 12, 20, 361, 110, 267, 411, 31, 24, 105, 332, 470, 272, 67, 146, 314, 112, 116, 368, 52, 337, 261, 271, 82, 213, 266, 208, 245, 269, 93, 178, 344, 259, 469, 308, 88, 114, 107, 353, 60, 394, 378, 86, 75, 212, 35, 317, 193, 284, 348, 336, 320, 26, 421, 152, 294, 277, 384, 248, 158, 192, 230, 374, 369, 15, 25, 330, 73, 61, 445, 389, 313, 64, 377, 339, 409, 302, 95, 422, 183, 418, 173, 143, 203, 387, 367, 424, 316, 251, 181, 23, 381, 254, 402, 237, 58, 408, 360, 290, 464, 7, 186, 171, 219, 22, 195, 404, 1, 157, 444, 66, 187, 9, 355, 279, 185, 206, 124, 460, 176, 328, 19, 100, 227, 140, 92, 440, 303, 341, 297, 10, 352, 38, 423, 155, 379, 202, 315, 244, 48, 463, 365, 401, 306, 420, 204, 405, 455, 458, 333, 89, 281, 395, 2, 442, 285, 201, 28, 132, 18, 45, 200, 91, 106, 253, 383, 459, 465, 468, 264, 417, 149, 190, 304, 397, 168, 426, 376, 46, 162, 74, 280, 260, 103, 453, 163, 386, 429, 221, 268, 214, 299, 419, 288, 122, 128, 131, 99, 159, 154, 108, 188, 432, 309, 247, 184, 50, 391, 372, 4, 240, 225, 111, 226, 246, 229, 242, 438, 359, 403, 120, 326, 43, 167, 311, 305, 258, 323, 180, 443, 69, 198]
og index list energy: 290459346.2196135
index list: [151, 85, 438, 75, 387, 13, 14, 109, 166, 326, 125, 236, 278, 325, 306, 420, 295, 409, 358, 165, 427, 286, 270, 169, 11, 191, 67, 82, 213, 181, 208, 5, 194, 174, 441, 170, 106, 267, 83, 160, 289, 254, 133, 432, 285, 201, 23, 245, 8, 238, 62, 110, 15, 121, 379, 439, 87, 317, 331, 190, 466, 383, 339, 27, 144, 16, 434, 63, 41, 244, 101, 252, 249, 30, 0, 4, 19, 36, 302, 175, 282, 342, 44, 336, 56, 96, 335, 142, 54, 275, 237, 404, 230, 367, 35, 168, 361, 197, 259, 247, 113, 233, 417, 132, 451, 188, 301, 60, 29, 327, 369, 89, 119, 93, 234, 145, 334, 98, 473, 300, 25, 129, 76, 226, 260, 307, 271, 21, 50, 407, 343, 150, 403, 223, 391, 280, 446, 402, 257, 351, 72, 400, 154, 315, 266, 199, 49, 3, 436, 357, 187, 48, 279, 365, 401, 450, 319, 292, 413, 88, 153, 471, 255, 239, 341, 320, 250, 139, 474, 209, 94, 156, 117, 344, 195, 51, 28, 296, 64, 265, 276, 303, 242, 298, 324, 390, 389, 313, 262, 377, 386, 429, 221, 218, 273, 148, 216, 164, 406, 32, 371, 381, 366, 412, 297, 283, 81, 452, 287, 350, 127, 219, 22, 126, 26, 421, 152, 472, 332, 470, 272, 185, 299, 419, 380, 122, 90, 53, 447, 37, 424, 229, 469, 308, 426, 217, 430, 179, 398, 136, 33, 392, 103, 77, 12, 20, 102, 131, 143, 222, 460, 167, 204, 338, 158, 45, 200, 405, 314, 455, 58, 368, 52, 146, 345, 61, 202, 396, 291, 182, 31, 71, 115, 463, 364, 135, 449, 414, 47, 114, 107, 18, 178, 198, 141, 205, 411, 112, 147, 159, 149, 284, 173, 353, 220, 457, 261, 354, 294, 382, 189, 393, 410, 111, 456, 161, 356, 418, 348, 428, 228, 212, 288, 264, 79, 116, 408, 445, 59, 134, 95, 422, 183, 10, 86, 337, 24, 124, 385, 207, 118, 251, 415, 78, 215, 359, 80, 269, 73, 225, 360, 290, 464, 7, 186, 171, 2, 399, 304, 454, 1, 274, 104, 108, 140, 9, 128, 318, 243, 184, 157, 444, 66, 328, 235, 100, 227, 437, 92, 440, 240, 91, 138, 349, 384, 248, 74, 431, 329, 232, 192, 123, 397, 46, 347, 241, 355, 263, 433, 231, 293, 210, 70, 39, 137, 395, 211, 363, 322, 459, 465, 468, 253, 310, 172, 84, 416, 378, 352, 38, 423, 155, 467, 214, 130, 321, 68, 394, 97, 203, 448, 330, 373, 453, 163, 40, 372, 376, 196, 340, 65, 388, 268, 281, 246, 458, 333, 425, 316, 206, 99, 57, 309, 256, 375, 312, 6, 461, 224, 370, 374, 162, 34, 193, 362, 462, 277, 105, 55, 42, 177, 176, 17, 120, 346, 43, 435, 311, 305, 258, 323, 180, 443, 69, 442]
index list energy: 116549215.25046834Done

iterations:1001, temp:1000000.0, exponent:0.9, eif:300.0
time taken (sec): 2.2265841960906982
number of iterations: 1001
final temperature: 129.0070078170105og index list: [171, 3, 82, 71, 114, 79, 115, 137, 34, 219, 121, 360, 381, 213, 37, 220, 239, 256, 95, 399, 433, 204, 384, 289, 458, 236, 389, 326, 431, 358, 183, 38, 190, 336, 237, 377, 15, 241, 66, 368, 318, 461, 235, 415, 398, 280, 416, 184, 74, 301, 425, 158, 176, 110, 42, 339, 22, 51, 369, 305, 306, 388, 169, 394, 193, 320, 349, 21, 457, 32, 170, 117, 107, 332, 370, 383, 56, 91, 167, 92, 229, 145, 441, 311, 146, 162, 343, 338, 396, 214, 231, 150, 290, 122, 424, 48, 59, 324, 376, 33, 273, 292, 178, 247, 375, 317, 356, 260, 181, 450, 154, 134, 276, 261, 108, 159, 227, 17, 55, 263, 174, 391, 258, 78, 185, 218, 45, 222, 97, 302, 201, 85, 294, 322, 437, 393, 27, 442, 98, 243, 103, 286, 429, 314, 277, 463, 248, 141, 52, 188, 179, 209, 25, 189, 446, 357, 440, 120, 279, 392, 130, 459, 414, 101, 226, 467, 62, 12, 100, 49, 172, 390, 378, 125, 471, 270, 240, 449, 371, 127, 366, 271, 387, 432, 136, 198, 138, 106, 249, 4, 202, 468, 163, 81, 177, 254, 341, 164, 30, 409, 330, 221, 116, 44, 299, 199, 315, 65, 474, 255, 142, 361, 316, 161, 228, 246, 281, 264, 313, 195, 58, 451, 24, 252, 64, 262, 274, 354, 309, 224, 149, 50, 310, 455, 363, 355, 422, 282, 402, 70, 80, 348, 90, 113, 436, 238, 418, 1, 0, 40, 234, 269, 400, 105, 303, 187, 367, 333, 374, 412, 86, 297, 83, 223, 93, 8, 272, 16, 96, 325, 60, 435, 257, 23, 364, 152, 327, 448, 182, 319, 472, 99, 345, 67, 340, 7, 278, 411, 347, 334, 76, 304, 265, 283, 335, 175, 308, 111, 382, 462, 133, 453, 148, 192, 112, 300, 131, 373, 39, 72, 323, 206, 405, 443, 10, 352, 205, 19, 380, 216, 54, 454, 140, 351, 230, 427, 208, 365, 151, 26, 43, 359, 329, 259, 14, 452, 156, 444, 63, 439, 18, 251, 353, 419, 13, 296, 291, 166, 426, 207, 200, 57, 337, 469, 404, 473, 203, 153, 157, 197, 109, 47, 466, 321, 144, 46, 232, 428, 129, 421, 36, 5, 233, 84, 217, 68, 126, 89, 430, 385, 293, 328, 413, 244, 53, 28, 102, 29, 94, 210, 253, 75, 123, 267, 135, 268, 401, 73, 215, 362, 420, 456, 397, 194, 408, 460, 284, 438, 298, 147, 410, 245, 196, 165, 285, 434, 61, 143, 11, 447, 403, 104, 465, 350, 168, 31, 242, 41, 423, 344, 212, 386, 346, 287, 132, 379, 395, 288, 407, 464, 160, 331, 275, 211, 225, 342, 372, 312, 88, 445, 77, 118, 35, 295, 6, 128, 119, 250, 307, 2, 20, 155, 173, 9, 191, 139, 186, 69, 417, 87, 470, 124, 406, 266, 180]
og index list energy: 325628295.8789945
index list: [448, 3, 82, 236, 58, 451, 51, 137, 292, 219, 384, 194, 424, 315, 195, 223, 79, 91, 473, 399, 433, 204, 105, 304, 414, 101, 191, 364, 283, 109, 221, 38, 190, 469, 404, 248, 152, 241, 287, 5, 329, 330, 400, 34, 216, 295, 318, 461, 336, 6, 56, 89, 397, 317, 128, 110, 22, 382, 4, 150, 327, 171, 182, 155, 464, 405, 443, 227, 96, 353, 170, 151, 454, 158, 172, 339, 42, 256, 167, 10, 175, 74, 134, 338, 396, 28, 249, 425, 146, 214, 116, 70, 380, 344, 285, 377, 381, 279, 187, 198, 138, 166, 178, 474, 255, 408, 270, 463, 95, 149, 348, 343, 276, 313, 141, 159, 447, 17, 153, 163, 264, 426, 207, 419, 13, 437, 225, 102, 266, 423, 201, 412, 86, 218, 326, 49, 176, 390, 32, 280, 103, 286, 429, 119, 439, 383, 136, 379, 197, 284, 438, 203, 436, 240, 449, 371, 57, 39, 385, 11, 99, 55, 90, 1, 132, 252, 81, 123, 100, 431, 358, 310, 455, 125, 41, 68, 165, 14, 460, 85, 413, 244, 2, 269, 88, 290, 406, 0, 261, 48, 452, 37, 263, 387, 177, 254, 184, 407, 471, 398, 357, 183, 115, 44, 453, 274, 356, 65, 466, 238, 418, 160, 316, 161, 94, 262, 281, 106, 301, 206, 320, 130, 459, 314, 430, 23, 127, 303, 108, 224, 298, 50, 202, 468, 243, 416, 210, 234, 268, 367, 64, 154, 220, 239, 78, 107, 332, 328, 76, 40, 129, 420, 337, 440, 237, 434, 15, 375, 142, 273, 374, 345, 83, 458, 93, 8, 409, 16, 205, 325, 60, 111, 360, 59, 230, 247, 25, 189, 188, 215, 117, 233, 126, 321, 340, 7, 140, 351, 53, 66, 415, 289, 71, 179, 209, 258, 308, 121, 372, 462, 133, 33, 242, 389, 370, 222, 97, 334, 365, 131, 294, 61, 359, 349, 296, 376, 229, 157, 341, 354, 45, 19, 245, 435, 257, 52, 80, 12, 54, 26, 174, 392, 362, 148, 192, 369, 251, 63, 373, 120, 271, 323, 259, 164, 196, 309, 291, 46, 232, 73, 231, 421, 36, 75, 213, 181, 450, 147, 410, 186, 265, 347, 122, 9, 144, 112, 300, 297, 200, 217, 253, 401, 333, 445, 21, 457, 378, 411, 393, 335, 267, 352, 363, 355, 422, 145, 441, 311, 228, 307, 394, 212, 114, 428, 305, 402, 208, 391, 47, 27, 442, 98, 299, 302, 29, 113, 260, 293, 386, 346, 282, 306, 446, 319, 472, 92, 143, 403, 104, 465, 350, 467, 62, 226, 168, 31, 67, 322, 368, 180, 156, 444, 395, 250, 18, 324, 427, 35, 288, 43, 361, 331, 275, 211, 162, 342, 24, 84, 235, 30, 272, 118, 135, 246, 456, 193, 366, 72, 312, 432, 20, 277, 173, 185, 169, 139, 278, 69, 417, 87, 470, 124, 199, 77, 388]
index list energy: 138404763.152988Done

iterations:1001, temp:1000000.0, exponent:0.9, eif:300.0
time taken (sec): 2.2304582595825195
number of iterations: 1001
final temperature: 129.0070078170105og index list: [113, 460, 452, 45, 380, 411, 341, 441, 400, 137, 312, 363, 384, 108, 390, 453, 110, 224, 407, 211, 231, 345, 307, 104, 319, 308, 84, 255, 59, 322, 1, 427, 229, 134, 431, 379, 36, 52, 206, 132, 15, 153, 283, 124, 469, 212, 69, 305, 295, 72, 368, 270, 92, 292, 57, 214, 320, 131, 62, 417, 2, 239, 356, 14, 125, 464, 241, 205, 232, 86, 243, 150, 397, 316, 116, 248, 175, 446, 217, 436, 171, 424, 410, 193, 233, 290, 51, 389, 123, 102, 402, 408, 202, 393, 288, 130, 13, 258, 30, 287, 274, 311, 268, 326, 434, 99, 242, 303, 97, 49, 383, 169, 32, 46, 184, 388, 375, 177, 350, 53, 160, 109, 461, 6, 24, 181, 155, 329, 355, 370, 204, 387, 118, 235, 74, 111, 454, 47, 228, 249, 64, 18, 197, 369, 280, 209, 344, 251, 207, 438, 426, 376, 458, 196, 78, 161, 101, 198, 41, 157, 250, 297, 331, 309, 439, 149, 269, 357, 281, 353, 33, 63, 100, 135, 127, 226, 203, 44, 42, 314, 199, 133, 225, 339, 430, 180, 335, 468, 126, 7, 373, 327, 277, 85, 313, 80, 262, 38, 61, 418, 144, 272, 404, 139, 279, 406, 413, 26, 457, 216, 96, 451, 425, 428, 154, 43, 332, 90, 296, 66, 12, 48, 73, 189, 442, 358, 445, 187, 213, 55, 3, 412, 162, 403, 366, 467, 267, 301, 11, 244, 88, 378, 122, 95, 333, 435, 246, 170, 391, 337, 166, 245, 50, 261, 321, 474, 306, 433, 71, 106, 398, 470, 298, 463, 385, 340, 381, 39, 158, 140, 257, 19, 392, 5, 317, 223, 121, 429, 178, 371, 65, 8, 266, 247, 450, 129, 222, 194, 128, 334, 423, 29, 291, 37, 145, 456, 352, 382, 330, 437, 455, 349, 81, 210, 259, 264, 167, 176, 405, 299, 459, 421, 138, 343, 183, 310, 0, 364, 28, 164, 188, 336, 372, 201, 289, 302, 16, 256, 98, 10, 163, 448, 420, 141, 293, 191, 151, 273, 172, 182, 82, 414, 112, 367, 465, 54, 346, 87, 227, 444, 219, 473, 365, 120, 93, 165, 416, 148, 185, 237, 9, 40, 253, 119, 70, 200, 103, 328, 4, 360, 325, 136, 34, 142, 374, 79, 168, 159, 117, 323, 362, 17, 195, 89, 238, 338, 315, 386, 285, 68, 276, 240, 348, 254, 351, 318, 23, 304, 76, 179, 58, 342, 192, 449, 271, 324, 394, 278, 152, 25, 409, 173, 396, 31, 419, 20, 443, 115, 60, 260, 83, 21, 236, 218, 361, 147, 67, 472, 94, 294, 91, 156, 286, 174, 146, 265, 105, 422, 399, 208, 462, 263, 466, 282, 234, 35, 347, 75, 186, 471, 359, 252, 377, 401, 275, 395, 190, 230, 284, 107, 300, 56, 415, 354, 447, 440, 27, 432, 114, 221, 143, 220, 22, 215, 77]
og index list energy: 269136986.1332916
index list: [262, 357, 337, 166, 362, 370, 148, 207, 127, 383, 438, 147, 418, 177, 408, 433, 241, 365, 294, 211, 35, 452, 141, 34, 135, 88, 84, 380, 411, 31, 22, 20, 4, 345, 352, 382, 330, 290, 407, 414, 201, 179, 174, 351, 469, 286, 227, 278, 28, 320, 368, 21, 187, 423, 267, 99, 319, 131, 62, 1, 2, 327, 258, 293, 367, 153, 369, 205, 209, 86, 246, 195, 29, 197, 216, 281, 158, 442, 358, 159, 71, 114, 221, 143, 413, 228, 51, 419, 0, 470, 402, 251, 214, 224, 25, 243, 253, 215, 137, 453, 110, 202, 49, 288, 130, 13, 64, 245, 226, 404, 139, 225, 32, 105, 422, 399, 235, 74, 349, 324, 100, 400, 409, 173, 257, 155, 164, 27, 136, 18, 39, 83, 178, 390, 392, 421, 138, 314, 387, 82, 91, 396, 46, 190, 389, 144, 188, 68, 381, 343, 306, 299, 385, 462, 78, 113, 460, 372, 232, 157, 250, 273, 331, 341, 181, 73, 94, 384, 102, 233, 76, 350, 124, 160, 109, 461, 6, 182, 280, 54, 261, 260, 445, 167, 176, 405, 119, 206, 97, 128, 334, 354, 447, 333, 435, 132, 335, 468, 126, 3, 37, 272, 134, 431, 50, 406, 60, 325, 291, 36, 52, 85, 156, 125, 394, 283, 168, 53, 296, 323, 270, 56, 415, 175, 395, 116, 108, 292, 254, 455, 360, 328, 162, 210, 101, 198, 41, 301, 11, 12, 308, 48, 289, 332, 342, 459, 219, 353, 191, 309, 189, 255, 203, 44, 42, 279, 218, 229, 410, 193, 398, 346, 169, 426, 33, 248, 196, 204, 403, 366, 467, 8, 312, 5, 339, 284, 274, 57, 185, 237, 24, 106, 123, 92, 199, 265, 222, 347, 474, 321, 297, 172, 231, 30, 142, 89, 268, 59, 65, 444, 104, 303, 81, 239, 194, 264, 23, 163, 69, 305, 192, 111, 454, 47, 183, 313, 9, 40, 379, 236, 322, 336, 416, 17, 120, 307, 449, 271, 355, 269, 388, 375, 446, 217, 436, 171, 424, 363, 472, 317, 230, 43, 439, 149, 412, 386, 133, 302, 16, 344, 249, 10, 377, 397, 93, 165, 247, 450, 129, 448, 420, 14, 458, 376, 70, 200, 244, 7, 373, 315, 259, 38, 61, 80, 374, 79, 161, 103, 117, 58, 432, 282, 356, 329, 427, 393, 430, 180, 285, 277, 276, 223, 121, 429, 118, 318, 151, 304, 441, 212, 66, 107, 145, 348, 240, 361, 464, 140, 465, 19, 473, 298, 463, 295, 378, 122, 443, 115, 266, 371, 220, 326, 434, 146, 238, 55, 311, 256, 437, 338, 456, 287, 310, 67, 242, 340, 98, 152, 364, 208, 72, 263, 466, 90, 234, 15, 184, 75, 252, 150, 401, 186, 471, 359, 275, 316, 26, 457, 77, 440, 300, 417, 87, 95, 213, 112, 63, 170, 391, 96, 451, 425, 428, 154, 45]
index list energy: 137440150.09818757Done

