iterations:1001, temp:1000000.0, exponent:0.9, eif:300.0
time taken (sec): 2.4683079719543457
number of iterations: 1001
final temperature: 129.0070078170105og index list: [312, 170, 307, 92, 373, 396, 45, 468, 349, 286, 165, 16, 80, 388, 446, 85, 130, 402, 119, 6, 456, 148, 417, 245, 88, 104, 54, 58, 238, 368, 241, 381, 336, 409, 382, 240, 53, 403, 365, 134, 113, 194, 249, 18, 46, 268, 124, 379, 363, 329, 70, 275, 441, 201, 60, 142, 126, 2, 311, 301, 348, 67, 133, 69, 220, 454, 189, 224, 155, 217, 91, 10, 167, 12, 228, 398, 467, 159, 290, 247, 352, 110, 252, 377, 192, 313, 362, 405, 76, 168, 197, 122, 25, 429, 331, 196, 411, 320, 319, 144, 219, 211, 162, 394, 431, 254, 63, 324, 158, 413, 462, 356, 296, 440, 51, 309, 164, 263, 218, 102, 5, 107, 389, 234, 56, 8, 156, 15, 410, 397, 299, 457, 460, 3, 145, 179, 459, 38, 118, 384, 464, 246, 257, 283, 193, 0, 453, 73, 270, 452, 74, 371, 120, 135, 20, 297, 178, 472, 300, 79, 251, 285, 128, 221, 81, 57, 55, 295, 86, 117, 203, 265, 248, 298, 181, 208, 404, 136, 40, 42, 390, 433, 138, 172, 152, 90, 9, 318, 291, 383, 216, 279, 183, 84, 449, 328, 401, 287, 474, 424, 28, 188, 425, 391, 205, 239, 129, 125, 469, 127, 39, 100, 465, 439, 131, 200, 32, 253, 306, 407, 236, 317, 447, 256, 355, 276, 209, 77, 87, 169, 282, 190, 277, 375, 199, 473, 111, 415, 96, 316, 105, 97, 227, 230, 322, 357, 98, 359, 269, 341, 37, 11, 72, 274, 44, 24, 434, 166, 408, 187, 109, 308, 215, 210, 442, 310, 26, 171, 154, 50, 339, 435, 262, 27, 214, 337, 280, 367, 392, 303, 7, 250, 334, 466, 14, 177, 420, 191, 351, 372, 132, 29, 101, 281, 147, 422, 139, 22, 176, 399, 271, 243, 344, 232, 314, 4, 99, 137, 264, 141, 23, 83, 326, 426, 261, 153, 52, 294, 106, 419, 354, 330, 358, 327, 112, 78, 59, 21, 443, 163, 61, 157, 461, 182, 273, 342, 94, 412, 143, 242, 233, 385, 386, 387, 361, 66, 108, 17, 380, 95, 1, 75, 471, 374, 146, 432, 315, 335, 378, 195, 293, 123, 333, 463, 13, 272, 321, 406, 267, 35, 416, 430, 418, 62, 428, 186, 353, 103, 255, 116, 64, 161, 140, 174, 304, 266, 235, 30, 278, 225, 350, 47, 395, 376, 400, 150, 19, 364, 151, 31, 323, 332, 222, 258, 445, 82, 33, 149, 455, 71, 180, 448, 347, 89, 288, 114, 207, 173, 366, 436, 65, 229, 346, 438, 284, 340, 444, 160, 450, 292, 370, 260, 345, 244, 41, 423, 470, 369, 451, 302, 231, 338, 204, 305, 198, 289, 93, 427, 48, 421, 121, 343, 34, 259, 68, 175, 437, 223, 458, 206, 202, 414, 325, 212, 43, 185, 115, 36, 393, 213, 237, 49, 360, 184, 226]
og index list energy: 314999105.37596214
index list: [463, 13, 318, 92, 105, 53, 173, 397, 160, 450, 292, 467, 159, 388, 142, 85, 130, 402, 119, 175, 258, 445, 82, 418, 62, 46, 268, 375, 218, 299, 357, 231, 435, 120, 135, 197, 200, 334, 466, 366, 436, 121, 343, 428, 145, 179, 76, 471, 0, 453, 54, 58, 19, 260, 250, 127, 75, 276, 209, 191, 322, 67, 392, 186, 183, 16, 311, 224, 155, 263, 352, 110, 252, 12, 337, 449, 328, 65, 421, 406, 93, 427, 48, 422, 212, 128, 70, 405, 254, 306, 407, 220, 202, 414, 325, 196, 297, 319, 178, 472, 300, 284, 280, 426, 285, 206, 241, 324, 79, 104, 161, 80, 308, 210, 339, 310, 134, 132, 184, 321, 144, 225, 118, 386, 348, 8, 60, 296, 440, 189, 111, 332, 460, 73, 77, 230, 314, 171, 154, 369, 433, 194, 281, 353, 193, 282, 354, 415, 96, 237, 395, 358, 148, 417, 240, 438, 403, 365, 89, 228, 439, 131, 71, 195, 81, 399, 103, 295, 42, 350, 47, 317, 447, 256, 355, 245, 35, 374, 40, 221, 207, 448, 31, 238, 389, 90, 74, 9, 201, 336, 456, 372, 177, 15, 410, 61, 229, 301, 22, 222, 28, 188, 425, 363, 329, 203, 262, 125, 277, 286, 185, 182, 27, 214, 86, 122, 32, 253, 34, 249, 68, 137, 84, 23, 294, 451, 29, 424, 87, 169, 273, 362, 275, 216, 138, 4, 43, 55, 265, 316, 158, 97, 192, 442, 235, 409, 382, 94, 412, 162, 470, 112, 167, 269, 236, 347, 469, 401, 223, 199, 211, 279, 215, 180, 151, 413, 5, 38, 338, 91, 474, 50, 416, 380, 459, 172, 51, 205, 385, 123, 52, 390, 377, 419, 371, 272, 376, 59, 181, 267, 141, 345, 83, 291, 383, 344, 88, 361, 108, 204, 271, 126, 367, 11, 327, 227, 150, 107, 320, 99, 129, 146, 432, 315, 351, 102, 420, 157, 461, 100, 465, 246, 261, 313, 434, 166, 473, 25, 109, 143, 331, 431, 17, 303, 37, 356, 115, 26, 63, 18, 36, 393, 124, 168, 457, 69, 243, 441, 152, 95, 1, 394, 2, 136, 312, 170, 307, 234, 387, 323, 44, 368, 309, 164, 217, 391, 165, 106, 56, 133, 72, 101, 293, 10, 270, 452, 232, 6, 251, 147, 429, 264, 116, 64, 333, 288, 342, 30, 278, 33, 117, 274, 360, 444, 226, 446, 396, 384, 464, 247, 379, 290, 78, 373, 66, 14, 458, 174, 7, 398, 45, 468, 349, 462, 266, 114, 364, 340, 156, 335, 378, 287, 257, 305, 219, 330, 39, 149, 455, 153, 370, 326, 341, 244, 41, 423, 140, 98, 259, 213, 3, 176, 404, 233, 198, 289, 208, 381, 57, 302, 346, 113, 408, 187, 454, 20, 298, 437, 304, 430, 21, 443, 163, 139, 24, 411, 190, 242, 248, 400, 359, 49, 283, 239, 255]
index list energy: 146797223.04791635Done

iterations:1001, temp:1000000.0, exponent:0.9, eif:300.0
time taken (sec): 2.4988479614257812
number of iterations: 1001
final temperature: 129.0070078170105og index list: [378, 293, 460, 334, 133, 446, 418, 305, 347, 278, 224, 459, 73, 139, 19, 405, 350, 222, 233, 344, 329, 258, 267, 97, 107, 100, 250, 140, 391, 126, 290, 235, 101, 74, 424, 39, 77, 70, 440, 230, 84, 263, 176, 415, 246, 297, 86, 232, 353, 266, 414, 32, 49, 410, 197, 106, 127, 206, 231, 239, 335, 408, 309, 396, 172, 71, 192, 53, 85, 22, 467, 18, 67, 195, 119, 124, 109, 117, 385, 444, 191, 90, 443, 135, 445, 338, 451, 427, 180, 63, 314, 462, 349, 434, 422, 169, 272, 455, 238, 366, 398, 330, 315, 137, 363, 283, 346, 248, 262, 431, 165, 88, 389, 163, 52, 327, 299, 243, 61, 188, 286, 370, 253, 159, 69, 395, 323, 47, 287, 125, 319, 270, 36, 436, 291, 357, 457, 383, 194, 105, 364, 98, 59, 332, 228, 397, 54, 66, 193, 310, 265, 376, 93, 333, 337, 439, 170, 307, 387, 58, 35, 8, 132, 181, 56, 225, 202, 68, 276, 311, 198, 171, 2, 321, 339, 34, 213, 134, 216, 384, 264, 304, 148, 157, 281, 214, 65, 151, 201, 76, 351, 456, 464, 33, 292, 174, 45, 403, 394, 120, 162, 416, 41, 55, 96, 179, 355, 62, 303, 217, 123, 144, 288, 371, 15, 393, 149, 312, 167, 136, 377, 218, 5, 112, 211, 92, 81, 318, 356, 468, 407, 340, 16, 255, 204, 158, 429, 141, 301, 372, 452, 331, 183, 185, 474, 254, 219, 430, 404, 12, 168, 461, 143, 392, 200, 138, 113, 164, 99, 10, 325, 423, 7, 361, 94, 306, 471, 104, 425, 0, 227, 51, 21, 102, 190, 435, 428, 437, 328, 386, 320, 115, 186, 453, 402, 447, 240, 324, 156, 177, 382, 29, 406, 14, 40, 89, 207, 79, 463, 38, 449, 336, 271, 298, 44, 342, 388, 72, 17, 9, 470, 241, 399, 43, 1, 20, 313, 413, 251, 80, 205, 354, 412, 369, 274, 189, 441, 285, 448, 466, 400, 348, 375, 60, 268, 417, 4, 365, 273, 221, 196, 245, 242, 469, 295, 341, 223, 166, 236, 13, 316, 27, 95, 322, 352, 184, 294, 114, 6, 153, 50, 368, 145, 64, 11, 237, 367, 249, 25, 432, 381, 23, 173, 234, 390, 154, 420, 401, 116, 256, 374, 118, 31, 426, 210, 130, 279, 247, 473, 103, 269, 150, 302, 343, 308, 300, 48, 411, 226, 284, 30, 215, 280, 75, 199, 259, 155, 326, 146, 78, 229, 458, 282, 212, 129, 252, 160, 208, 37, 91, 187, 472, 121, 161, 57, 358, 373, 465, 289, 438, 379, 360, 317, 82, 277, 42, 433, 450, 380, 28, 209, 26, 147, 296, 454, 421, 3, 152, 131, 359, 111, 409, 345, 175, 442, 87, 24, 203, 260, 362, 220, 142, 46, 257, 261, 83, 110, 419, 275, 178, 108, 122, 182, 244, 128]
og index list energy: 288965340.7551843
index list: [245, 442, 87, 190, 203, 352, 315, 96, 347, 299, 393, 100, 229, 167, 71, 65, 79, 178, 341, 351, 22, 114, 460, 57, 458, 373, 23, 227, 391, 202, 148, 55, 93, 74, 424, 39, 77, 243, 159, 184, 448, 162, 115, 422, 169, 325, 423, 7, 353, 217, 414, 302, 455, 50, 340, 172, 84, 196, 267, 99, 469, 327, 142, 107, 94, 40, 8, 53, 186, 453, 116, 208, 198, 225, 468, 392, 45, 137, 365, 308, 300, 467, 132, 166, 16, 136, 70, 216, 384, 251, 230, 5, 339, 51, 82, 154, 128, 401, 274, 358, 88, 321, 459, 104, 425, 0, 416, 41, 342, 200, 244, 398, 323, 236, 13, 309, 67, 12, 44, 368, 286, 385, 444, 272, 271, 238, 180, 255, 209, 313, 367, 330, 133, 277, 86, 232, 264, 6, 129, 31, 426, 206, 437, 175, 228, 420, 54, 66, 193, 117, 265, 376, 101, 333, 306, 68, 465, 160, 447, 374, 35, 48, 344, 226, 380, 218, 253, 285, 276, 237, 56, 171, 2, 17, 173, 428, 213, 350, 254, 246, 270, 363, 366, 157, 281, 214, 332, 72, 432, 26, 24, 407, 131, 359, 125, 319, 435, 205, 122, 191, 283, 170, 307, 19, 405, 58, 301, 430, 381, 165, 386, 320, 295, 185, 369, 440, 80, 59, 354, 451, 204, 179, 355, 372, 324, 156, 161, 224, 69, 127, 15, 404, 472, 317, 413, 11, 61, 118, 357, 457, 383, 63, 408, 250, 406, 152, 438, 273, 199, 49, 135, 326, 262, 379, 462, 304, 36, 197, 297, 429, 141, 336, 329, 466, 219, 433, 20, 222, 233, 463, 158, 60, 192, 121, 390, 147, 42, 402, 126, 290, 113, 289, 112, 25, 252, 349, 143, 195, 149, 293, 382, 29, 75, 14, 78, 90, 443, 239, 431, 120, 464, 288, 282, 103, 474, 32, 388, 28, 249, 9, 470, 241, 399, 269, 434, 235, 436, 291, 452, 62, 461, 284, 303, 139, 231, 108, 73, 153, 177, 361, 211, 1, 189, 234, 119, 417, 4, 187, 182, 356, 395, 110, 95, 144, 256, 91, 223, 247, 473, 194, 412, 27, 123, 322, 134, 400, 421, 164, 334, 76, 387, 188, 456, 47, 287, 292, 97, 240, 146, 371, 181, 242, 312, 106, 105, 364, 337, 34, 52, 155, 201, 360, 278, 377, 419, 89, 279, 331, 183, 210, 43, 163, 403, 394, 298, 314, 257, 411, 266, 130, 445, 338, 10, 3, 21, 102, 316, 343, 150, 140, 268, 318, 389, 259, 410, 258, 328, 280, 37, 145, 471, 263, 176, 415, 348, 375, 441, 38, 449, 212, 427, 168, 418, 305, 248, 446, 294, 450, 207, 151, 98, 439, 310, 30, 215, 378, 296, 454, 396, 33, 111, 409, 345, 85, 311, 346, 124, 109, 260, 362, 220, 335, 46, 174, 261, 83, 92, 81, 64, 18, 370, 221, 275, 138, 397]
index list energy: 122521071.57367931Done

iterations:1001, temp:1000000.0, exponent:0.9, eif:300.0
time taken (sec): 2.2351558208465576
number of iterations: 1001
final temperature: 129.0070078170105og index list: [157, 18, 146, 359, 310, 62, 330, 299, 282, 205, 202, 438, 151, 122, 185, 226, 366, 227, 271, 387, 0, 430, 173, 312, 187, 166, 402, 376, 381, 14, 262, 73, 250, 159, 322, 55, 180, 3, 398, 70, 17, 131, 288, 150, 231, 441, 315, 237, 27, 343, 320, 152, 48, 224, 458, 336, 176, 417, 209, 463, 292, 101, 389, 304, 350, 314, 269, 77, 5, 2, 337, 285, 106, 391, 284, 183, 148, 213, 445, 394, 242, 400, 331, 444, 295, 195, 251, 190, 468, 201, 265, 216, 15, 198, 245, 96, 115, 243, 302, 230, 412, 13, 225, 345, 260, 191, 423, 437, 397, 383, 32, 339, 298, 274, 149, 349, 20, 407, 211, 7, 95, 277, 248, 303, 428, 404, 45, 105, 119, 253, 308, 335, 355, 156, 154, 60, 388, 280, 137, 8, 363, 1, 141, 258, 439, 454, 472, 68, 165, 296, 401, 266, 206, 128, 279, 67, 127, 234, 24, 50, 419, 249, 433, 181, 408, 21, 104, 247, 85, 193, 241, 49, 448, 22, 179, 289, 370, 270, 233, 261, 155, 264, 372, 268, 218, 199, 114, 208, 450, 158, 120, 175, 116, 103, 328, 290, 65, 361, 414, 306, 42, 147, 43, 59, 168, 305, 338, 71, 212, 203, 420, 29, 219, 210, 470, 451, 153, 424, 189, 405, 31, 64, 63, 129, 87, 69, 40, 164, 425, 186, 38, 107, 4, 429, 109, 102, 395, 443, 384, 327, 293, 39, 283, 56, 16, 267, 342, 167, 238, 124, 11, 373, 378, 79, 125, 272, 74, 142, 162, 447, 118, 386, 89, 301, 57, 110, 403, 460, 346, 163, 278, 406, 220, 382, 297, 35, 307, 457, 309, 139, 81, 169, 449, 135, 365, 473, 436, 286, 133, 228, 371, 287, 12, 174, 134, 182, 418, 273, 194, 464, 334, 324, 257, 240, 364, 144, 23, 466, 98, 28, 138, 47, 333, 369, 86, 321, 356, 192, 442, 318, 160, 471, 368, 377, 44, 276, 259, 340, 474, 93, 294, 316, 232, 244, 415, 413, 453, 78, 37, 323, 422, 396, 72, 53, 214, 132, 434, 317, 461, 33, 145, 217, 26, 409, 94, 393, 332, 455, 354, 255, 188, 390, 9, 263, 130, 123, 204, 325, 172, 90, 177, 351, 83, 117, 426, 197, 375, 326, 75, 374, 143, 358, 347, 25, 465, 10, 421, 136, 367, 357, 19, 58, 80, 46, 456, 385, 319, 427, 254, 462, 30, 362, 440, 66, 140, 222, 256, 329, 200, 184, 88, 207, 112, 446, 196, 432, 399, 54, 91, 380, 100, 467, 111, 392, 348, 76, 252, 360, 215, 352, 469, 435, 416, 170, 229, 281, 99, 379, 36, 353, 6, 51, 300, 246, 239, 126, 113, 61, 82, 221, 431, 411, 452, 84, 171, 236, 92, 275, 161, 108, 291, 41, 223, 410, 311, 459, 344, 52, 313, 34, 97, 178, 341, 121, 235]
og index list energy: 293153710.52645105
index list: [331, 4, 146, 94, 392, 450, 158, 425, 56, 38, 378, 7, 151, 122, 185, 358, 366, 227, 177, 387, 268, 107, 129, 336, 315, 99, 447, 303, 393, 472, 294, 326, 60, 308, 61, 181, 180, 252, 78, 327, 192, 442, 58, 407, 377, 228, 412, 291, 466, 357, 422, 152, 456, 117, 351, 300, 169, 449, 175, 139, 11, 295, 389, 411, 350, 314, 396, 235, 5, 2, 337, 197, 106, 36, 157, 423, 80, 206, 430, 406, 242, 400, 332, 115, 101, 383, 251, 133, 130, 282, 109, 159, 145, 298, 167, 62, 153, 345, 260, 123, 65, 369, 111, 156, 154, 230, 359, 210, 9, 3, 374, 286, 89, 395, 470, 163, 372, 275, 218, 287, 19, 162, 15, 83, 126, 461, 322, 113, 361, 414, 183, 341, 31, 68, 165, 150, 187, 402, 385, 319, 427, 330, 329, 250, 340, 474, 93, 224, 458, 381, 249, 278, 285, 128, 279, 67, 118, 195, 176, 215, 352, 382, 297, 416, 170, 467, 103, 328, 290, 193, 37, 1, 360, 189, 306, 333, 370, 270, 233, 134, 155, 403, 409, 373, 248, 264, 114, 208, 54, 455, 50, 419, 401, 433, 13, 317, 27, 112, 318, 200, 312, 462, 105, 135, 97, 194, 256, 446, 196, 432, 90, 418, 266, 398, 465, 10, 325, 390, 198, 84, 171, 281, 92, 371, 87, 69, 40, 164, 199, 464, 334, 324, 437, 316, 265, 102, 399, 217, 219, 202, 204, 39, 283, 186, 16, 267, 213, 388, 238, 457, 127, 277, 18, 43, 141, 71, 74, 241, 415, 413, 342, 445, 394, 263, 284, 110, 453, 231, 125, 293, 253, 55, 408, 255, 188, 302, 307, 124, 309, 212, 81, 338, 272, 23, 132, 434, 34, 323, 296, 269, 149, 182, 420, 29, 21, 237, 12, 174, 104, 247, 85, 254, 45, 77, 367, 172, 173, 46, 348, 137, 365, 140, 436, 335, 49, 448, 22, 179, 289, 355, 42, 147, 321, 144, 44, 438, 232, 376, 258, 14, 262, 148, 259, 439, 190, 468, 168, 24, 313, 119, 8, 211, 473, 52, 214, 203, 0, 79, 344, 33, 444, 76, 26, 244, 223, 131, 429, 257, 276, 191, 469, 435, 397, 301, 98, 28, 343, 63, 143, 354, 288, 205, 347, 246, 426, 35, 375, 17, 75, 108, 222, 226, 391, 116, 362, 440, 66, 88, 47, 30, 96, 32, 339, 225, 380, 299, 274, 161, 349, 20, 353, 6, 51, 459, 72, 424, 142, 405, 86, 184, 239, 305, 207, 216, 273, 70, 73, 410, 311, 64, 292, 364, 356, 57, 368, 166, 201, 95, 417, 209, 463, 240, 454, 100, 229, 236, 451, 379, 421, 136, 138, 320, 53, 245, 460, 346, 443, 384, 82, 221, 431, 220, 243, 304, 452, 386, 280, 363, 25, 120, 271, 41, 404, 310, 59, 428, 160, 471, 48, 441, 234, 178, 91, 121, 261]
index list energy: 120395589.1451175Done

iterations:1001, temp:1000000.0, exponent:0.9, eif:300.0
time taken (sec): 2.0673811435699463
number of iterations: 1001
final temperature: 129.0070078170105og index list: [104, 3, 242, 294, 235, 328, 158, 223, 34, 151, 71, 326, 313, 15, 403, 344, 426, 300, 358, 275, 334, 98, 453, 265, 150, 399, 215, 188, 428, 85, 469, 467, 60, 226, 424, 99, 147, 61, 360, 349, 169, 371, 269, 17, 316, 454, 355, 253, 10, 325, 95, 77, 59, 461, 130, 458, 258, 348, 33, 303, 69, 377, 251, 157, 131, 160, 436, 266, 383, 89, 422, 372, 196, 217, 413, 232, 132, 222, 174, 201, 190, 457, 293, 353, 22, 306, 473, 252, 90, 81, 18, 289, 32, 471, 149, 23, 183, 146, 271, 227, 362, 106, 430, 181, 154, 9, 55, 305, 437, 400, 370, 228, 401, 66, 364, 369, 140, 250, 82, 177, 198, 25, 429, 54, 382, 376, 68, 315, 262, 153, 216, 155, 286, 394, 20, 276, 307, 62, 301, 148, 167, 127, 425, 189, 56, 466, 462, 36, 270, 166, 31, 30, 144, 97, 295, 100, 225, 470, 408, 138, 53, 114, 75, 219, 321, 322, 456, 395, 420, 43, 402, 347, 44, 304, 8, 87, 94, 26, 392, 434, 51, 50, 374, 13, 288, 299, 273, 308, 407, 83, 137, 164, 320, 113, 199, 0, 279, 468, 91, 12, 324, 459, 221, 116, 78, 247, 238, 29, 185, 405, 171, 1, 19, 96, 48, 46, 314, 79, 192, 136, 86, 259, 220, 414, 390, 204, 357, 178, 156, 260, 213, 197, 417, 38, 411, 363, 350, 386, 406, 111, 263, 281, 64, 162, 282, 203, 205, 439, 329, 278, 380, 446, 187, 337, 103, 175, 108, 249, 404, 73, 339, 4, 118, 389, 63, 312, 126, 356, 341, 361, 351, 415, 218, 449, 391, 6, 102, 416, 465, 193, 123, 448, 317, 393, 202, 330, 431, 354, 70, 443, 122, 39, 359, 284, 302, 287, 292, 248, 141, 309, 234, 291, 285, 378, 297, 342, 65, 180, 92, 375, 387, 37, 472, 107, 124, 182, 296, 379, 194, 241, 381, 427, 452, 57, 74, 101, 373, 264, 49, 2, 283, 365, 319, 438, 245, 72, 444, 11, 277, 239, 323, 191, 451, 212, 384, 397, 41, 423, 135, 396, 366, 460, 352, 410, 368, 367, 143, 333, 105, 345, 170, 236, 7, 224, 244, 184, 115, 80, 76, 412, 455, 128, 463, 209, 445, 172, 310, 440, 24, 173, 67, 254, 21, 233, 268, 340, 261, 346, 240, 125, 28, 474, 338, 42, 409, 159, 109, 208, 45, 134, 112, 88, 16, 47, 237, 139, 176, 419, 432, 243, 332, 280, 186, 129, 336, 272, 5, 207, 246, 14, 441, 256, 214, 385, 230, 290, 121, 40, 398, 311, 119, 331, 447, 327, 152, 142, 168, 442, 433, 206, 84, 117, 145, 388, 298, 229, 163, 27, 231, 120, 255, 343, 210, 318, 161, 93, 435, 421, 450, 211, 200, 52, 35, 257, 165, 464, 179, 418, 133, 195, 58, 110, 335, 274, 267]
og index list energy: 292444609.6460253
index list: [72, 444, 397, 180, 398, 214, 151, 223, 34, 87, 291, 55, 418, 133, 110, 335, 264, 297, 105, 345, 454, 14, 441, 226, 464, 293, 162, 299, 273, 224, 382, 60, 424, 30, 403, 145, 153, 257, 177, 449, 394, 85, 386, 17, 120, 255, 343, 22, 276, 329, 453, 172, 59, 461, 130, 289, 325, 156, 442, 196, 27, 71, 154, 239, 339, 3, 459, 300, 152, 260, 427, 25, 126, 217, 413, 302, 132, 433, 316, 258, 305, 92, 375, 108, 222, 174, 332, 355, 50, 407, 309, 10, 336, 168, 49, 321, 56, 146, 5, 390, 385, 163, 9, 179, 106, 371, 361, 351, 415, 218, 7, 42, 447, 327, 144, 97, 295, 191, 58, 247, 127, 383, 0, 279, 202, 201, 463, 348, 389, 443, 122, 237, 47, 29, 20, 186, 307, 197, 208, 45, 53, 347, 270, 346, 368, 205, 252, 129, 366, 460, 83, 430, 181, 426, 171, 358, 337, 391, 259, 425, 189, 233, 75, 188, 104, 19, 363, 86, 199, 100, 380, 63, 253, 2, 450, 147, 94, 364, 142, 451, 36, 439, 262, 121, 275, 455, 101, 39, 221, 271, 203, 473, 192, 235, 328, 158, 54, 185, 468, 12, 387, 399, 272, 116, 78, 234, 410, 28, 160, 436, 155, 1, 230, 62, 48, 33, 99, 314, 452, 301, 148, 315, 69, 469, 277, 204, 357, 89, 422, 372, 213, 96, 417, 38, 411, 57, 183, 466, 406, 111, 79, 377, 64, 215, 88, 404, 73, 362, 198, 40, 353, 446, 187, 229, 103, 175, 432, 249, 137, 165, 318, 4, 118, 367, 157, 242, 359, 206, 51, 434, 211, 216, 131, 238, 402, 6, 320, 113, 286, 140, 123, 109, 41, 423, 135, 228, 401, 66, 396, 167, 274, 243, 288, 392, 227, 287, 369, 303, 141, 91, 292, 76, 412, 311, 400, 322, 456, 395, 420, 170, 435, 281, 462, 134, 149, 182, 296, 344, 356, 250, 349, 138, 324, 184, 263, 8, 267, 278, 176, 419, 283, 458, 330, 294, 354, 437, 128, 333, 190, 457, 32, 471, 225, 470, 408, 323, 317, 393, 370, 26, 107, 376, 212, 210, 46, 428, 209, 445, 77, 178, 416, 465, 193, 31, 80, 467, 378, 342, 244, 312, 115, 282, 232, 241, 431, 350, 421, 95, 340, 285, 67, 117, 21, 256, 44, 84, 405, 139, 240, 125, 13, 124, 18, 81, 161, 93, 16, 306, 379, 246, 112, 266, 268, 219, 23, 11, 338, 166, 304, 90, 254, 280, 136, 68, 261, 65, 352, 207, 388, 365, 319, 438, 245, 248, 331, 310, 440, 24, 173, 74, 290, 70, 472, 37, 114, 164, 102, 236, 119, 251, 98, 143, 265, 15, 220, 150, 298, 474, 231, 384, 334, 308, 374, 43, 409, 159, 448, 326, 313, 82, 200, 52, 35, 61, 360, 284, 169, 341, 269, 195, 194, 414, 381, 429, 373]
index list energy: 128578980.00233248Done

iterations:1001, temp:1000000.0, exponent:0.9, eif:300.0
time taken (sec): 2.1756041049957275
number of iterations: 1001
final temperature: 129.0070078170105og index list: [121, 416, 127, 160, 129, 97, 21, 103, 45, 234, 176, 263, 450, 158, 90, 314, 78, 369, 417, 325, 57, 313, 219, 73, 262, 151, 217, 440, 381, 64, 120, 284, 220, 343, 444, 421, 308, 72, 63, 441, 382, 429, 141, 397, 226, 324, 336, 178, 332, 361, 274, 456, 272, 316, 37, 145, 62, 458, 285, 41, 214, 351, 445, 330, 423, 107, 413, 329, 387, 115, 27, 150, 286, 449, 61, 385, 56, 237, 405, 209, 412, 148, 138, 277, 320, 18, 354, 12, 67, 298, 46, 326, 119, 193, 35, 38, 19, 15, 396, 256, 300, 93, 367, 239, 311, 362, 180, 246, 154, 250, 215, 84, 341, 143, 437, 0, 307, 290, 409, 327, 281, 1, 318, 414, 459, 165, 245, 51, 170, 373, 146, 173, 469, 33, 22, 310, 328, 270, 11, 427, 83, 287, 211, 20, 294, 302, 400, 82, 59, 455, 109, 3, 89, 299, 100, 39, 257, 426, 301, 389, 44, 454, 266, 352, 365, 225, 465, 236, 55, 231, 81, 7, 13, 346, 420, 364, 258, 199, 451, 216, 443, 23, 436, 402, 197, 335, 238, 144, 204, 50, 247, 462, 155, 334, 58, 345, 184, 289, 149, 5, 370, 399, 275, 259, 235, 28, 87, 48, 410, 175, 240, 473, 186, 296, 221, 255, 264, 315, 366, 353, 280, 406, 152, 125, 133, 79, 60, 323, 54, 213, 461, 322, 187, 249, 295, 229, 448, 394, 457, 403, 434, 198, 251, 439, 348, 131, 278, 161, 344, 66, 253, 356, 293, 42, 431, 195, 116, 447, 16, 466, 306, 118, 230, 110, 309, 123, 254, 384, 190, 30, 261, 40, 368, 453, 347, 321, 24, 94, 31, 407, 395, 189, 415, 201, 169, 168, 74, 4, 375, 305, 474, 433, 283, 96, 379, 340, 392, 8, 26, 206, 196, 292, 358, 139, 337, 359, 377, 77, 208, 233, 360, 99, 108, 114, 401, 47, 132, 265, 317, 268, 172, 430, 371, 136, 390, 134, 111, 2, 135, 32, 10, 188, 98, 349, 472, 463, 393, 223, 142, 319, 303, 91, 183, 350, 404, 260, 282, 140, 185, 273, 70, 182, 137, 101, 192, 435, 68, 130, 128, 126, 378, 218, 248, 200, 312, 159, 232, 372, 166, 207, 106, 411, 14, 342, 468, 398, 162, 363, 29, 53, 452, 241, 380, 25, 163, 177, 205, 271, 331, 471, 112, 428, 418, 52, 422, 338, 34, 267, 88, 212, 228, 102, 65, 355, 464, 104, 304, 467, 432, 383, 147, 194, 438, 85, 446, 156, 388, 333, 227, 69, 222, 6, 202, 71, 179, 17, 291, 269, 92, 43, 9, 252, 95, 460, 408, 167, 86, 425, 210, 374, 181, 113, 419, 386, 171, 153, 124, 391, 75, 105, 244, 339, 357, 442, 80, 243, 76, 157, 191, 36, 288, 203, 49, 174, 122, 297, 164, 376, 279, 242, 224, 117, 470, 424, 276]
og index list energy: 278808403.640217
index list: [227, 418, 187, 27, 285, 34, 49, 116, 447, 16, 466, 306, 462, 75, 90, 254, 433, 283, 25, 65, 57, 354, 164, 408, 96, 83, 32, 342, 326, 165, 244, 176, 387, 298, 388, 382, 224, 95, 108, 82, 312, 429, 141, 397, 226, 324, 395, 281, 135, 125, 442, 80, 351, 265, 37, 145, 62, 319, 101, 411, 160, 338, 417, 300, 381, 438, 85, 446, 156, 10, 193, 235, 221, 230, 175, 269, 29, 131, 120, 115, 470, 366, 410, 150, 179, 56, 209, 412, 147, 88, 289, 463, 393, 385, 360, 189, 327, 8, 45, 100, 71, 47, 13, 38, 310, 328, 113, 138, 390, 64, 291, 205, 271, 106, 23, 337, 380, 288, 53, 452, 241, 317, 206, 196, 30, 329, 40, 51, 170, 391, 229, 448, 17, 469, 33, 159, 473, 321, 1, 201, 292, 107, 413, 233, 105, 234, 363, 405, 142, 103, 435, 68, 24, 63, 302, 19, 303, 39, 240, 67, 92, 361, 445, 330, 423, 174, 122, 218, 268, 4, 252, 313, 358, 304, 467, 311, 444, 43, 398, 210, 443, 46, 359, 402, 263, 335, 238, 134, 258, 21, 93, 243, 211, 341, 143, 61, 449, 345, 42, 431, 370, 180, 12, 231, 377, 77, 208, 383, 368, 458, 296, 332, 186, 190, 249, 334, 177, 406, 94, 436, 346, 274, 456, 272, 133, 79, 89, 18, 54, 225, 152, 287, 357, 158, 273, 371, 136, 137, 162, 112, 460, 87, 441, 72, 468, 144, 430, 161, 309, 213, 204, 199, 293, 378, 102, 248, 389, 0, 171, 155, 339, 182, 451, 239, 237, 223, 48, 148, 453, 284, 374, 245, 350, 455, 261, 325, 355, 464, 104, 394, 73, 344, 153, 474, 184, 472, 149, 253, 421, 308, 183, 440, 340, 31, 407, 457, 403, 434, 198, 109, 26, 262, 279, 301, 121, 416, 127, 172, 132, 217, 323, 99, 251, 439, 348, 76, 299, 276, 36, 55, 119, 188, 267, 22, 154, 86, 98, 386, 280, 336, 169, 168, 35, 192, 194, 20, 454, 266, 349, 203, 255, 91, 60, 28, 404, 315, 400, 343, 185, 295, 331, 471, 157, 307, 290, 128, 3, 70, 347, 126, 215, 214, 195, 362, 246, 426, 257, 286, 166, 207, 264, 250, 367, 110, 432, 212, 118, 372, 228, 111, 220, 318, 414, 352, 7, 191, 465, 236, 58, 437, 81, 428, 69, 316, 459, 353, 2, 415, 14, 11, 15, 151, 74, 419, 124, 163, 44, 173, 260, 401, 427, 282, 450, 270, 247, 114, 256, 333, 461, 322, 222, 6, 202, 396, 130, 50, 356, 232, 5, 399, 9, 97, 365, 219, 216, 167, 384, 41, 84, 178, 181, 139, 369, 146, 314, 78, 277, 320, 123, 140, 259, 375, 305, 52, 422, 129, 425, 278, 379, 409, 392, 373, 200, 420, 364, 297, 59, 376, 197, 242, 275, 117, 294, 424, 66]
index list energy: 130445249.50692707Done

iterations:1001, temp:1000000.0, exponent:0.9, eif:300.0
time taken (sec): 2.1536760330200195
number of iterations: 1001
final temperature: 129.0070078170105og index list: [417, 206, 54, 456, 181, 104, 204, 465, 408, 88, 48, 242, 179, 61, 233, 278, 442, 108, 172, 460, 226, 351, 70, 218, 301, 96, 297, 295, 87, 144, 132, 312, 366, 401, 344, 435, 184, 187, 11, 316, 81, 300, 97, 341, 212, 418, 342, 80, 441, 152, 105, 470, 423, 38, 112, 357, 52, 308, 426, 194, 359, 27, 413, 221, 353, 1, 126, 326, 343, 259, 358, 182, 192, 10, 215, 473, 365, 458, 273, 39, 161, 199, 106, 201, 268, 287, 151, 430, 169, 369, 311, 452, 228, 383, 40, 137, 322, 332, 14, 214, 318, 18, 198, 180, 363, 20, 223, 239, 79, 134, 209, 387, 139, 386, 399, 354, 107, 162, 63, 264, 455, 427, 260, 130, 211, 394, 16, 382, 150, 9, 85, 447, 141, 229, 296, 444, 293, 77, 360, 281, 46, 252, 471, 5, 100, 93, 304, 59, 472, 110, 446, 347, 298, 249, 397, 203, 433, 461, 419, 474, 388, 368, 334, 22, 99, 384, 324, 13, 3, 337, 391, 154, 42, 257, 44, 380, 131, 429, 171, 164, 111, 286, 236, 450, 153, 120, 119, 373, 263, 118, 374, 32, 232, 331, 330, 64, 247, 439, 113, 385, 66, 135, 395, 55, 288, 170, 462, 240, 425, 122, 73, 421, 246, 84, 24, 307, 255, 381, 392, 72, 415, 285, 406, 320, 403, 459, 431, 235, 393, 289, 156, 376, 231, 265, 205, 355, 213, 26, 404, 407, 195, 145, 241, 25, 227, 237, 101, 409, 147, 402, 350, 62, 440, 420, 362, 238, 352, 133, 124, 155, 123, 250, 267, 333, 315, 83, 261, 445, 149, 49, 160, 8, 270, 356, 243, 157, 74, 327, 389, 43, 448, 65, 86, 103, 47, 321, 117, 280, 422, 269, 177, 469, 28, 453, 262, 336, 245, 329, 33, 67, 91, 277, 37, 176, 185, 379, 34, 346, 340, 414, 254, 17, 451, 248, 282, 405, 158, 116, 0, 290, 432, 190, 60, 338, 464, 30, 449, 457, 163, 463, 310, 58, 175, 19, 438, 7, 283, 335, 428, 294, 51, 142, 390, 138, 272, 302, 56, 372, 325, 220, 183, 323, 189, 6, 276, 193, 53, 2, 437, 191, 129, 82, 76, 173, 416, 207, 454, 178, 410, 200, 375, 319, 115, 78, 166, 98, 15, 219, 275, 168, 127, 174, 411, 251, 148, 36, 279, 284, 92, 258, 167, 377, 306, 396, 467, 68, 128, 256, 186, 271, 222, 266, 299, 75, 41, 370, 21, 230, 23, 434, 146, 234, 89, 121, 364, 12, 348, 303, 468, 378, 313, 71, 57, 309, 217, 253, 466, 196, 114, 29, 244, 94, 95, 31, 424, 165, 412, 125, 274, 349, 69, 210, 102, 400, 159, 197, 345, 143, 305, 216, 361, 398, 224, 136, 371, 314, 292, 35, 208, 291, 90, 202, 367, 443, 225, 140, 339, 45, 317, 436, 4, 50, 328, 109, 188]
og index list energy: 279753985.24945784
index list: [417, 1, 54, 456, 181, 91, 232, 72, 287, 88, 255, 138, 78, 302, 364, 453, 67, 368, 90, 202, 397, 114, 396, 86, 48, 291, 165, 295, 447, 394, 284, 312, 233, 34, 344, 129, 184, 187, 339, 45, 81, 17, 97, 156, 446, 405, 158, 380, 207, 454, 19, 101, 423, 38, 422, 269, 261, 434, 149, 194, 359, 69, 205, 162, 12, 399, 354, 41, 173, 100, 404, 182, 384, 10, 271, 222, 107, 377, 59, 39, 113, 199, 461, 201, 141, 66, 208, 214, 18, 313, 305, 244, 411, 251, 148, 346, 40, 164, 288, 98, 80, 105, 340, 414, 7, 20, 60, 322, 44, 230, 393, 175, 318, 471, 167, 458, 273, 418, 311, 452, 213, 472, 110, 234, 430, 169, 410, 185, 150, 9, 26, 51, 353, 226, 96, 372, 325, 178, 118, 292, 463, 126, 324, 357, 172, 460, 146, 42, 298, 316, 112, 343, 37, 176, 300, 379, 30, 449, 335, 317, 436, 4, 211, 189, 16, 128, 256, 74, 216, 398, 227, 83, 13, 57, 465, 152, 209, 419, 166, 347, 131, 429, 171, 432, 249, 400, 119, 376, 263, 29, 285, 31, 424, 297, 412, 386, 111, 457, 163, 278, 442, 108, 188, 267, 224, 32, 272, 474, 308, 218, 73, 421, 385, 142, 231, 464, 281, 468, 170, 462, 240, 415, 270, 455, 306, 247, 174, 315, 427, 177, 469, 236, 329, 265, 413, 221, 204, 337, 408, 122, 355, 145, 99, 378, 192, 237, 3, 388, 147, 360, 303, 229, 139, 212, 53, 2, 352, 387, 375, 155, 123, 127, 55, 333, 225, 143, 75, 441, 370, 197, 350, 27, 277, 268, 425, 151, 426, 46, 351, 103, 473, 365, 203, 433, 106, 50, 328, 135, 395, 215, 79, 310, 307, 366, 140, 336, 383, 115, 381, 15, 21, 219, 349, 282, 450, 330, 435, 382, 341, 304, 391, 76, 289, 248, 258, 296, 444, 293, 228, 245, 200, 223, 239, 47, 327, 153, 332, 137, 104, 89, 130, 195, 280, 356, 198, 58, 283, 70, 467, 68, 238, 260, 52, 61, 409, 262, 56, 36, 11, 342, 183, 65, 134, 6, 276, 193, 116, 0, 334, 22, 180, 82, 348, 125, 274, 121, 85, 407, 254, 154, 445, 257, 363, 390, 246, 35, 109, 392, 323, 132, 264, 406, 320, 403, 93, 92, 279, 63, 220, 160, 416, 367, 443, 286, 117, 102, 242, 179, 25, 431, 235, 266, 299, 71, 326, 338, 206, 144, 23, 77, 84, 371, 314, 252, 301, 5, 459, 33, 8, 190, 275, 168, 28, 159, 319, 94, 451, 133, 369, 373, 124, 401, 290, 49, 243, 402, 470, 309, 217, 253, 466, 196, 374, 345, 439, 161, 437, 191, 241, 95, 361, 250, 331, 136, 62, 440, 358, 87, 157, 186, 14, 389, 43, 448, 64, 420, 362, 259, 321, 428, 294, 210, 438, 120, 24]
index list energy: 121431250.37951992Done

iterations:1001, temp:1000000.0, exponent:0.9, eif:300.0
time taken (sec): 2.242502212524414
number of iterations: 1001
final temperature: 129.0070078170105og index list: [320, 38, 87, 296, 214, 219, 240, 64, 32, 287, 266, 323, 377, 62, 14, 34, 159, 283, 237, 357, 442, 187, 313, 279, 382, 330, 390, 446, 208, 373, 171, 6, 49, 98, 252, 343, 147, 66, 391, 271, 335, 10, 462, 11, 196, 51, 443, 139, 116, 394, 375, 151, 352, 325, 431, 118, 44, 406, 220, 365, 336, 129, 401, 456, 254, 123, 175, 57, 369, 428, 315, 89, 1, 42, 88, 398, 447, 170, 277, 441, 61, 281, 105, 416, 329, 144, 197, 94, 21, 445, 43, 236, 309, 95, 102, 7, 250, 247, 262, 245, 372, 334, 191, 395, 77, 444, 272, 470, 356, 136, 225, 169, 205, 426, 318, 16, 164, 270, 166, 261, 412, 438, 432, 258, 337, 239, 180, 435, 5, 216, 204, 420, 379, 229, 293, 471, 126, 25, 103, 388, 83, 185, 248, 158, 53, 233, 162, 298, 167, 41, 20, 308, 79, 451, 148, 86, 282, 241, 260, 163, 328, 112, 134, 472, 366, 60, 111, 114, 192, 45, 31, 413, 84, 56, 223, 243, 350, 324, 312, 47, 231, 165, 259, 99, 314, 200, 157, 23, 184, 178, 108, 194, 232, 48, 4, 405, 310, 104, 461, 280, 353, 331, 209, 341, 278, 311, 228, 132, 285, 181, 393, 349, 186, 360, 55, 215, 115, 274, 182, 294, 460, 179, 110, 418, 346, 54, 131, 97, 150, 384, 284, 224, 389, 19, 246, 276, 96, 400, 160, 230, 301, 67, 474, 467, 85, 189, 267, 419, 249, 322, 424, 333, 404, 408, 361, 303, 292, 92, 244, 427, 273, 362, 332, 291, 453, 90, 402, 124, 3, 58, 387, 81, 218, 242, 146, 288, 269, 28, 417, 210, 464, 75, 358, 78, 149, 15, 411, 12, 327, 437, 354, 113, 392, 153, 127, 359, 121, 255, 143, 430, 0, 138, 130, 93, 264, 305, 339, 117, 265, 135, 33, 473, 2, 76, 46, 177, 183, 201, 213, 304, 340, 407, 364, 141, 300, 376, 455, 82, 100, 29, 302, 235, 433, 9, 63, 125, 37, 371, 410, 367, 193, 101, 378, 24, 202, 450, 468, 383, 306, 275, 434, 466, 423, 452, 59, 154, 80, 152, 386, 168, 396, 374, 107, 145, 465, 355, 422, 317, 207, 326, 17, 257, 348, 429, 226, 299, 321, 68, 297, 368, 307, 344, 399, 409, 36, 458, 198, 128, 71, 463, 459, 440, 234, 176, 342, 156, 397, 140, 109, 221, 385, 188, 73, 40, 217, 290, 253, 421, 35, 39, 414, 251, 203, 65, 18, 439, 436, 316, 286, 137, 319, 263, 238, 195, 295, 469, 425, 69, 351, 174, 380, 30, 8, 370, 190, 52, 27, 347, 120, 119, 457, 222, 173, 256, 50, 133, 22, 172, 161, 415, 74, 449, 227, 338, 268, 403, 199, 211, 91, 13, 155, 206, 363, 70, 122, 289, 72, 345, 212, 142, 448, 106, 26, 381, 454]
og index list energy: 311844451.6882035
index list: [395, 417, 405, 341, 121, 285, 413, 138, 471, 212, 53, 411, 129, 233, 344, 14, 159, 283, 196, 309, 290, 410, 367, 56, 446, 272, 185, 106, 208, 373, 171, 6, 49, 219, 252, 310, 4, 134, 76, 12, 380, 1, 132, 227, 48, 240, 386, 120, 295, 469, 291, 453, 267, 419, 249, 118, 44, 286, 393, 246, 266, 46, 146, 100, 364, 338, 351, 126, 189, 30, 101, 21, 445, 225, 85, 358, 40, 22, 202, 450, 398, 447, 170, 400, 179, 18, 439, 154, 89, 281, 339, 300, 376, 433, 74, 7, 332, 231, 434, 166, 204, 320, 191, 355, 77, 444, 158, 350, 425, 245, 452, 203, 415, 361, 84, 16, 416, 24, 268, 52, 247, 133, 306, 258, 145, 465, 360, 420, 385, 97, 265, 143, 58, 229, 254, 175, 57, 25, 232, 304, 183, 279, 382, 206, 37, 436, 316, 388, 167, 460, 207, 464, 103, 83, 390, 178, 217, 378, 418, 211, 312, 363, 66, 467, 61, 32, 28, 263, 261, 241, 220, 365, 336, 193, 368, 243, 305, 324, 0, 401, 456, 119, 457, 222, 195, 35, 353, 136, 91, 223, 406, 130, 282, 69, 381, 205, 105, 164, 319, 371, 238, 122, 384, 349, 10, 8, 352, 72, 448, 181, 141, 335, 186, 31, 55, 215, 115, 303, 182, 250, 50, 262, 423, 372, 334, 123, 236, 41, 221, 404, 15, 34, 389, 387, 277, 441, 218, 210, 160, 230, 397, 188, 362, 271, 47, 431, 253, 421, 68, 454, 348, 429, 226, 256, 148, 156, 292, 144, 244, 427, 273, 73, 296, 298, 399, 260, 402, 124, 3, 180, 343, 81, 95, 242, 82, 288, 269, 45, 117, 90, 169, 88, 71, 275, 149, 67, 474, 391, 38, 114, 104, 278, 168, 396, 374, 107, 150, 463, 459, 440, 5, 216, 113, 392, 96, 470, 356, 284, 43, 327, 437, 354, 458, 357, 99, 192, 280, 359, 311, 109, 340, 407, 294, 228, 111, 78, 165, 259, 70, 29, 302, 326, 17, 257, 63, 125, 299, 321, 162, 23, 184, 151, 110, 135, 33, 473, 2, 198, 108, 432, 60, 42, 140, 92, 197, 94, 287, 377, 157, 313, 201, 345, 468, 187, 153, 318, 59, 234, 11, 412, 51, 9, 331, 438, 323, 239, 19, 200, 235, 276, 426, 224, 442, 86, 128, 127, 194, 209, 379, 333, 422, 408, 317, 409, 314, 39, 26, 36, 308, 64, 435, 322, 424, 65, 116, 394, 375, 462, 237, 472, 366, 443, 139, 414, 251, 307, 301, 329, 20, 137, 152, 270, 466, 163, 328, 112, 176, 342, 75, 174, 27, 347, 93, 370, 190, 451, 369, 428, 315, 54, 293, 79, 173, 264, 455, 383, 337, 172, 161, 199, 102, 449, 274, 62, 403, 213, 87, 346, 80, 13, 155, 330, 297, 461, 147, 289, 325, 255, 248, 142, 131, 177, 430, 214, 98]
index list energy: 126855879.52070923Done

iterations:1001, temp:1000000.0, exponent:0.9, eif:300.0
time taken (sec): 2.394752025604248
number of iterations: 1001
final temperature: 129.0070078170105og index list: [410, 232, 441, 5, 427, 460, 107, 147, 48, 292, 255, 157, 323, 281, 223, 2, 385, 15, 282, 219, 381, 264, 46, 296, 139, 364, 240, 313, 347, 401, 96, 141, 266, 436, 304, 41, 447, 421, 142, 412, 423, 356, 411, 318, 197, 77, 420, 92, 30, 136, 218, 320, 235, 390, 303, 9, 472, 331, 321, 85, 80, 127, 151, 473, 271, 34, 453, 214, 98, 8, 133, 38, 274, 246, 58, 76, 277, 216, 428, 205, 224, 101, 368, 210, 225, 242, 180, 194, 73, 169, 137, 231, 75, 20, 396, 128, 117, 37, 150, 213, 375, 161, 408, 337, 384, 363, 446, 433, 212, 334, 21, 425, 115, 272, 361, 3, 455, 256, 340, 55, 284, 243, 465, 166, 42, 87, 260, 155, 16, 167, 0, 470, 229, 39, 163, 233, 132, 442, 467, 458, 422, 338, 254, 131, 350, 357, 227, 165, 113, 179, 451, 33, 6, 315, 183, 306, 370, 342, 459, 146, 126, 12, 191, 91, 11, 439, 171, 319, 259, 47, 18, 469, 195, 301, 71, 359, 372, 249, 474, 40, 100, 327, 135, 72, 203, 432, 28, 386, 300, 406, 95, 424, 59, 440, 209, 344, 99, 471, 215, 196, 245, 444, 298, 394, 1, 244, 326, 103, 159, 102, 352, 415, 61, 341, 45, 345, 226, 109, 160, 51, 395, 94, 311, 362, 417, 204, 454, 239, 448, 29, 413, 325, 154, 285, 50, 393, 97, 252, 222, 111, 184, 263, 68, 268, 122, 206, 168, 377, 208, 409, 236, 250, 445, 188, 86, 351, 248, 190, 367, 152, 457, 366, 144, 153, 280, 162, 374, 145, 464, 207, 450, 238, 286, 257, 343, 130, 187, 121, 189, 404, 348, 392, 106, 391, 387, 431, 27, 125, 22, 399, 354, 419, 88, 335, 129, 185, 398, 65, 380, 211, 355, 54, 44, 110, 339, 307, 104, 288, 449, 461, 383, 388, 314, 349, 405, 287, 324, 177, 270, 123, 414, 201, 329, 19, 400, 434, 402, 379, 220, 14, 23, 134, 31, 336, 295, 322, 294, 32, 346, 78, 251, 74, 328, 25, 198, 89, 247, 90, 52, 309, 119, 373, 149, 466, 84, 178, 26, 49, 57, 353, 64, 56, 267, 7, 116, 176, 67, 70, 24, 53, 69, 63, 186, 276, 407, 43, 418, 192, 289, 83, 429, 182, 202, 463, 430, 333, 114, 376, 262, 302, 273, 4, 297, 290, 378, 156, 174, 124, 158, 79, 175, 317, 170, 308, 299, 221, 199, 118, 283, 10, 148, 143, 278, 172, 371, 316, 120, 60, 403, 382, 332, 360, 369, 293, 305, 258, 181, 193, 426, 82, 312, 108, 93, 140, 234, 416, 138, 17, 365, 112, 438, 468, 228, 35, 358, 279, 330, 105, 462, 389, 217, 230, 200, 62, 265, 443, 253, 237, 269, 435, 275, 437, 261, 81, 291, 456, 173, 310, 66, 13, 397, 241, 164, 452, 36]
og index list energy: 317031267.34755206
index list: [94, 252, 143, 3, 114, 255, 150, 213, 372, 267, 39, 451, 109, 45, 47, 9, 116, 399, 30, 340, 96, 153, 361, 101, 83, 455, 256, 443, 379, 401, 120, 321, 330, 207, 304, 411, 238, 407, 457, 366, 328, 223, 105, 58, 167, 269, 11, 16, 28, 226, 103, 450, 25, 357, 71, 439, 171, 319, 234, 347, 318, 64, 56, 203, 257, 343, 42, 87, 260, 111, 285, 148, 274, 289, 72, 76, 80, 277, 279, 78, 251, 41, 447, 421, 142, 471, 208, 409, 236, 19, 31, 22, 389, 20, 341, 33, 346, 173, 104, 162, 48, 413, 291, 229, 384, 430, 232, 254, 415, 363, 187, 124, 405, 79, 404, 392, 106, 431, 387, 391, 151, 473, 271, 91, 350, 301, 184, 21, 425, 115, 435, 275, 437, 261, 424, 59, 265, 75, 211, 462, 112, 438, 315, 345, 423, 356, 376, 436, 358, 375, 441, 140, 456, 272, 284, 393, 102, 195, 144, 303, 286, 281, 86, 210, 136, 160, 185, 331, 259, 258, 293, 18, 123, 414, 201, 126, 139, 46, 168, 121, 95, 459, 146, 416, 224, 17, 176, 67, 326, 406, 263, 464, 268, 122, 199, 249, 474, 74, 215, 396, 177, 228, 352, 394, 53, 313, 198, 299, 221, 288, 449, 395, 410, 243, 465, 163, 458, 287, 452, 374, 13, 32, 38, 344, 419, 15, 342, 37, 302, 273, 219, 297, 154, 10, 50, 60, 194, 300, 222, 385, 429, 189, 182, 165, 463, 77, 420, 92, 454, 239, 248, 63, 380, 253, 412, 382, 82, 245, 89, 29, 348, 250, 445, 157, 428, 205, 469, 118, 440, 206, 36, 468, 155, 432, 398, 7, 186, 52, 99, 166, 427, 460, 107, 51, 145, 68, 27, 125, 365, 113, 40, 138, 24, 335, 129, 472, 12, 292, 237, 369, 5, 54, 57, 170, 6, 156, 262, 422, 338, 329, 327, 296, 314, 349, 158, 84, 135, 377, 23, 100, 240, 8, 351, 169, 137, 190, 310, 434, 306, 14, 227, 209, 26, 336, 367, 308, 453, 214, 334, 364, 133, 442, 368, 323, 62, 131, 247, 61, 359, 309, 119, 373, 149, 466, 180, 178, 220, 49, 85, 65, 127, 448, 1, 390, 444, 202, 2, 280, 337, 282, 311, 141, 333, 276, 354, 93, 152, 353, 246, 196, 402, 362, 417, 204, 134, 317, 110, 339, 307, 183, 179, 370, 225, 290, 378, 298, 174, 467, 98, 231, 191, 400, 97, 324, 244, 371, 322, 44, 461, 383, 388, 34, 278, 172, 230, 200, 217, 90, 403, 117, 332, 55, 188, 355, 305, 175, 181, 446, 433, 212, 312, 108, 295, 69, 164, 235, 192, 159, 161, 408, 270, 43, 418, 0, 470, 88, 283, 266, 73, 70, 316, 193, 426, 130, 233, 132, 147, 386, 242, 218, 320, 197, 294, 81, 325, 216, 360, 128, 66, 35, 397, 241, 4, 381, 264]
index list energy: 131507892.1441506Done

iterations:1001, temp:1000000.0, exponent:0.9, eif:300.0
time taken (sec): 2.2854058742523193
number of iterations: 1001
final temperature: 129.0070078170105og index list: [291, 31, 243, 129, 316, 446, 350, 300, 133, 199, 152, 37, 376, 272, 118, 111, 32, 67, 328, 387, 207, 437, 395, 351, 229, 38, 202, 13, 110, 183, 81, 213, 457, 50, 43, 295, 464, 374, 195, 423, 161, 41, 104, 259, 271, 329, 438, 433, 196, 30, 472, 348, 469, 146, 11, 411, 255, 301, 236, 394, 135, 227, 304, 362, 410, 219, 283, 138, 380, 257, 342, 9, 470, 114, 145, 102, 70, 149, 90, 217, 384, 48, 303, 179, 69, 24, 420, 249, 89, 170, 27, 413, 474, 92, 176, 322, 252, 222, 105, 250, 298, 77, 311, 321, 17, 419, 267, 339, 101, 439, 128, 407, 449, 256, 59, 356, 369, 323, 276, 188, 162, 361, 309, 315, 286, 355, 308, 82, 10, 223, 326, 231, 313, 375, 454, 403, 144, 109, 458, 21, 100, 444, 148, 307, 22, 331, 197, 354, 23, 372, 178, 28, 174, 74, 225, 428, 218, 29, 426, 344, 154, 277, 0, 305, 261, 359, 357, 330, 40, 180, 139, 56, 293, 462, 107, 120, 281, 455, 177, 159, 201, 205, 278, 425, 399, 364, 182, 166, 209, 47, 221, 349, 124, 193, 408, 132, 34, 289, 121, 262, 461, 325, 60, 130, 310, 383, 432, 391, 284, 62, 94, 247, 382, 245, 191, 280, 72, 360, 288, 52, 119, 44, 367, 71, 108, 466, 450, 453, 233, 25, 73, 393, 275, 20, 370, 164, 258, 287, 299, 116, 468, 123, 415, 234, 112, 228, 192, 274, 12, 194, 156, 435, 147, 206, 398, 290, 136, 240, 35, 153, 189, 442, 269, 365, 1, 16, 155, 80, 306, 473, 214, 106, 64, 87, 427, 134, 343, 448, 340, 95, 75, 467, 181, 150, 57, 346, 79, 61, 65, 49, 93, 418, 204, 115, 6, 172, 215, 68, 463, 203, 97, 2, 168, 314, 113, 386, 190, 8, 414, 238, 282, 103, 131, 264, 406, 224, 235, 15, 302, 63, 338, 187, 366, 404, 431, 292, 33, 137, 208, 297, 352, 46, 98, 327, 26, 273, 42, 377, 456, 210, 260, 55, 452, 169, 5, 416, 140, 412, 122, 171, 402, 141, 397, 347, 320, 251, 405, 212, 51, 3, 443, 14, 332, 86, 200, 270, 85, 421, 39, 353, 158, 220, 186, 167, 294, 83, 230, 279, 445, 368, 436, 381, 451, 417, 263, 335, 396, 441, 345, 409, 265, 126, 4, 424, 388, 125, 385, 296, 88, 237, 96, 333, 216, 99, 127, 317, 7, 91, 336, 246, 211, 334, 163, 422, 242, 459, 401, 319, 19, 226, 66, 378, 45, 392, 84, 390, 471, 373, 241, 400, 244, 151, 36, 142, 285, 324, 430, 268, 358, 239, 117, 53, 175, 312, 248, 429, 160, 254, 379, 318, 232, 363, 371, 198, 434, 447, 266, 173, 389, 465, 460, 54, 337, 165, 253, 341, 157, 18, 185, 78, 184, 440, 58, 76, 143]
og index list energy: 312630734.1083645
index list: [170, 469, 146, 90, 368, 114, 437, 263, 190, 135, 202, 379, 29, 120, 200, 111, 5, 416, 140, 137, 251, 43, 85, 421, 316, 446, 350, 442, 327, 318, 424, 390, 471, 35, 306, 183, 282, 395, 71, 229, 117, 41, 389, 39, 208, 27, 413, 121, 87, 473, 214, 300, 366, 279, 308, 345, 409, 110, 236, 394, 326, 422, 304, 362, 133, 452, 152, 249, 241, 47, 221, 272, 298, 325, 145, 19, 70, 149, 445, 217, 384, 15, 303, 186, 69, 163, 321, 242, 130, 371, 198, 388, 125, 224, 449, 255, 301, 222, 307, 197, 98, 77, 378, 52, 119, 44, 180, 423, 161, 439, 132, 346, 201, 256, 59, 356, 369, 261, 21, 387, 292, 118, 31, 315, 286, 355, 296, 168, 417, 113, 154, 231, 313, 375, 454, 199, 281, 239, 187, 165, 88, 244, 284, 347, 320, 460, 363, 410, 271, 444, 143, 426, 150, 175, 225, 294, 218, 333, 382, 153, 212, 92, 176, 322, 457, 50, 453, 17, 275, 195, 370, 56, 148, 266, 107, 23, 431, 203, 376, 458, 361, 408, 151, 310, 340, 466, 283, 425, 405, 432, 342, 349, 124, 291, 357, 128, 247, 311, 402, 262, 157, 358, 468, 278, 138, 353, 257, 64, 290, 136, 73, 373, 171, 189, 191, 280, 348, 360, 9, 470, 192, 407, 103, 351, 265, 38, 383, 48, 302, 63, 240, 274, 433, 141, 83, 34, 89, 173, 204, 109, 258, 60, 164, 36, 273, 285, 324, 430, 268, 374, 156, 435, 147, 206, 243, 396, 312, 62, 32, 403, 276, 177, 123, 269, 94, 49, 65, 80, 74, 30, 472, 181, 391, 216, 419, 79, 82, 76, 235, 51, 323, 464, 299, 131, 264, 67, 288, 61, 99, 91, 185, 78, 184, 411, 6, 172, 215, 4, 112, 228, 97, 2, 253, 26, 223, 365, 1, 455, 116, 295, 11, 182, 447, 129, 105, 380, 126, 95, 233, 25, 338, 193, 309, 159, 155, 205, 209, 400, 344, 293, 277, 42, 68, 46, 10, 142, 100, 75, 467, 106, 297, 352, 81, 441, 196, 18, 367, 267, 108, 93, 418, 337, 440, 58, 399, 250, 8, 414, 238, 436, 381, 451, 260, 86, 72, 270, 427, 134, 343, 448, 245, 188, 102, 450, 12, 465, 289, 398, 415, 287, 463, 37, 84, 167, 428, 0, 230, 341, 377, 456, 210, 474, 28, 174, 305, 194, 359, 392, 162, 237, 96, 104, 57, 339, 127, 404, 7, 101, 336, 330, 386, 158, 364, 434, 178, 259, 406, 397, 144, 329, 66, 461, 45, 166, 22, 13, 115, 246, 211, 334, 24, 420, 314, 459, 401, 319, 179, 226, 438, 234, 16, 53, 328, 227, 248, 429, 160, 254, 335, 33, 232, 55, 252, 219, 54, 332, 331, 220, 207, 3, 443, 14, 169, 462, 385, 412, 122, 317, 139, 354, 213, 372, 393, 40, 20]
index list energy: 143019699.17667276Done

iterations:1001, temp:1000000.0, exponent:0.9, eif:300.0
time taken (sec): 2.4538252353668213
number of iterations: 1001
final temperature: 129.0070078170105og index list: [216, 220, 164, 404, 311, 204, 61, 334, 84, 148, 80, 325, 331, 456, 374, 1, 415, 264, 452, 171, 342, 438, 145, 408, 162, 247, 363, 4, 316, 266, 212, 17, 92, 434, 113, 410, 242, 25, 422, 191, 370, 154, 470, 22, 287, 406, 56, 320, 106, 469, 188, 193, 97, 11, 12, 8, 150, 362, 46, 176, 142, 459, 458, 255, 449, 301, 317, 399, 190, 126, 90, 65, 197, 365, 157, 146, 232, 473, 403, 158, 306, 210, 76, 378, 120, 245, 275, 51, 143, 228, 138, 69, 75, 123, 248, 412, 269, 2, 109, 15, 238, 173, 290, 451, 38, 57, 285, 59, 224, 129, 347, 192, 321, 310, 121, 124, 128, 460, 335, 199, 229, 353, 388, 274, 464, 405, 21, 299, 298, 472, 426, 178, 313, 3, 450, 236, 24, 397, 131, 186, 218, 37, 196, 251, 329, 189, 441, 184, 41, 414, 424, 20, 240, 315, 67, 28, 104, 420, 103, 19, 165, 289, 249, 18, 135, 413, 463, 185, 133, 263, 465, 209, 88, 258, 381, 286, 179, 333, 111, 115, 467, 170, 318, 439, 379, 156, 322, 54, 91, 6, 431, 468, 369, 443, 31, 429, 304, 351, 78, 319, 89, 98, 79, 268, 444, 35, 400, 390, 419, 271, 77, 50, 117, 66, 383, 305, 384, 127, 211, 177, 337, 243, 471, 442, 373, 52, 402, 252, 341, 213, 206, 187, 462, 309, 181, 237, 166, 87, 149, 437, 221, 377, 343, 217, 107, 27, 295, 446, 265, 409, 349, 7, 272, 5, 94, 358, 62, 116, 327, 393, 312, 68, 141, 74, 43, 234, 372, 461, 26, 326, 392, 387, 14, 360, 180, 345, 283, 453, 418, 33, 361, 338, 96, 230, 44, 13, 348, 282, 396, 323, 152, 455, 194, 167, 195, 225, 339, 336, 391, 253, 151, 417, 466, 256, 366, 134, 85, 445, 284, 183, 241, 432, 281, 278, 47, 330, 291, 233, 160, 168, 474, 250, 161, 260, 82, 53, 169, 102, 155, 153, 394, 367, 376, 423, 364, 108, 208, 407, 257, 368, 356, 9, 425, 293, 277, 235, 40, 100, 457, 416, 64, 200, 375, 267, 300, 215, 359, 355, 226, 231, 163, 324, 10, 42, 29, 428, 130, 380, 259, 118, 440, 81, 175, 63, 279, 49, 246, 55, 144, 132, 101, 95, 308, 346, 386, 332, 70, 207, 411, 39, 99, 436, 222, 23, 398, 427, 371, 294, 140, 202, 395, 288, 16, 296, 72, 34, 382, 71, 136, 344, 122, 172, 448, 262, 32, 105, 273, 435, 254, 223, 58, 198, 401, 201, 385, 270, 36, 112, 280, 93, 137, 307, 350, 244, 447, 119, 303, 147, 60, 389, 214, 314, 454, 297, 354, 352, 433, 239, 139, 73, 182, 430, 48, 292, 114, 125, 83, 328, 302, 30, 205, 340, 45, 174, 219, 159, 357, 0, 276, 203, 227, 86, 421, 110, 261]
og index list energy: 307222354.3413938
index list: [216, 11, 164, 295, 311, 204, 317, 85, 182, 430, 59, 230, 331, 456, 374, 1, 415, 350, 396, 278, 76, 221, 323, 339, 309, 71, 363, 104, 102, 316, 362, 41, 70, 42, 332, 50, 192, 97, 220, 233, 21, 31, 429, 231, 175, 290, 451, 38, 148, 207, 413, 463, 229, 352, 149, 437, 251, 469, 199, 321, 227, 453, 418, 33, 128, 460, 335, 464, 405, 376, 81, 242, 445, 223, 18, 446, 265, 409, 349, 306, 334, 84, 370, 441, 180, 165, 304, 276, 183, 143, 101, 434, 78, 458, 255, 299, 198, 24, 114, 267, 369, 206, 79, 191, 343, 57, 272, 150, 450, 129, 275, 269, 288, 250, 373, 116, 322, 146, 417, 46, 176, 124, 471, 58, 351, 466, 256, 377, 291, 328, 302, 447, 119, 279, 62, 52, 402, 397, 211, 186, 277, 435, 337, 83, 338, 319, 258, 184, 318, 158, 43, 210, 142, 297, 48, 28, 268, 226, 443, 163, 324, 289, 249, 144, 287, 401, 298, 439, 341, 7, 63, 252, 237, 29, 381, 98, 174, 472, 44, 3, 244, 170, 5, 125, 358, 156, 147, 219, 187, 462, 218, 307, 54, 55, 366, 69, 111, 238, 185, 348, 61, 433, 73, 188, 473, 403, 6, 134, 419, 159, 107, 329, 360, 66, 15, 108, 13, 399, 470, 25, 60, 181, 410, 327, 467, 353, 468, 135, 354, 449, 261, 454, 315, 365, 45, 391, 383, 87, 247, 239, 64, 106, 208, 407, 67, 273, 264, 384, 432, 131, 422, 406, 56, 17, 398, 427, 202, 342, 438, 145, 245, 347, 292, 74, 203, 243, 372, 461, 213, 428, 130, 387, 257, 103, 19, 47, 77, 14, 389, 420, 123, 248, 412, 201, 2, 320, 232, 455, 281, 282, 152, 26, 117, 30, 225, 195, 380, 336, 296, 86, 421, 22, 379, 92, 40, 80, 280, 0, 37, 356, 241, 357, 382, 171, 345, 283, 113, 200, 375, 91, 408, 367, 161, 75, 82, 39, 100, 457, 416, 139, 99, 436, 305, 423, 112, 325, 110, 274, 442, 301, 16, 9, 228, 168, 212, 431, 217, 312, 4, 340, 157, 53, 89, 284, 190, 90, 194, 35, 400, 390, 448, 271, 10, 411, 155, 179, 392, 127, 426, 178, 162, 27, 286, 378, 388, 49, 246, 193, 404, 132, 240, 153, 308, 346, 386, 414, 224, 126, 214, 303, 474, 310, 115, 23, 253, 424, 20, 294, 140, 141, 459, 189, 88, 330, 72, 34, 196, 169, 136, 344, 122, 172, 160, 262, 32, 105, 440, 368, 8, 285, 385, 260, 314, 120, 452, 270, 36, 364, 118, 93, 137, 215, 293, 326, 235, 361, 425, 266, 167, 65, 205, 371, 395, 151, 222, 393, 138, 94, 177, 254, 234, 68, 444, 51, 300, 121, 333, 313, 95, 259, 197, 154, 133, 263, 465, 209, 394, 96, 109, 166, 236, 173, 12, 359, 355]
index list energy: 147432588.916797Done

