iterations:1100, temp:1000000.0, exponent:0.9, eif:300.0
time taken (sec): 0.44272494316101074
number of iterations: 1100
final temperature: 129.0070078170105og index list: [30, 78, 51, 42, 56, 55, 71, 22, 27, 7, 62, 16, 40, 69, 18, 74, 49, 19, 11, 36, 52, 25, 24, 63, 29, 39, 65, 54, 21, 33, 5, 59, 0, 20, 61, 38, 12, 4, 2, 35, 64, 57, 37, 32, 75, 66, 17, 67, 60, 28, 45, 3, 1, 58, 34, 43, 15, 10, 26, 53, 50, 79, 48, 6, 70, 31, 14, 41, 13, 73, 8, 46, 47, 77, 68, 76, 44, 23, 9, 72]
og index list energy: 144306783.23652244
index list: [60, 22, 49, 42, 14, 70, 6, 24, 7, 27, 30, 1, 2, 46, 19, 20, 57, 59, 52, 26, 0, 15, 54, 34, 35, 39, 25, 56, 4, 78, 23, 53, 67, 5, 41, 71, 12, 77, 8, 16, 76, 18, 44, 3, 66, 72, 17, 62, 36, 50, 51, 43, 47, 79, 61, 37, 63, 38, 48, 31, 45, 29, 28, 69, 32, 75, 11, 65, 40, 73, 10, 33, 64, 58, 74, 21, 55, 68, 9, 13]
index list energy: 14888060.643851472Done

iterations:1100, temp:1000000.0, exponent:0.9, eif:300.0
time taken (sec): 0.6875262260437012
number of iterations: 1100
final temperature: 129.0070078170105og index list: [73, 18, 69, 41, 3, 23, 10, 5, 57, 17, 51, 1, 40, 26, 20, 65, 7, 52, 35, 61, 36, 12, 21, 28, 25, 11, 76, 42, 60, 44, 14, 37, 34, 16, 49, 55, 32, 45, 47, 19, 79, 74, 8, 68, 75, 53, 31, 6, 33, 63, 46, 43, 29, 64, 56, 50, 38, 15, 71, 70, 77, 62, 72, 67, 0, 66, 22, 58, 13, 54, 78, 59, 27, 30, 48, 4, 2, 39, 24, 9]
og index list energy: 128575410.53050154
index list: [61, 64, 71, 38, 39, 4, 29, 50, 53, 41, 66, 14, 7, 28, 42, 67, 75, 78, 8, 51, 10, 11, 21, 65, 5, 43, 9, 55, 20, 68, 72, 37, 34, 31, 44, 45, 46, 58, 62, 19, 57, 56, 25, 26, 27, 76, 69, 73, 15, 17, 18, 6, 33, 52, 24, 12, 40, 70, 77, 54, 22, 23, 0, 79, 32, 60, 74, 63, 49, 3, 13, 16, 1, 30, 35, 36, 2, 59, 47, 48]
index list energy: 12695600.38629263Done

