iterations:10000, temp:1000000.0, exponent:0.9, eif:300.0
time taken (sec): 4.53341269493103
number of iterations: 10000
final temperature: 159.26791088519815og index list: [28, 57, 3, 73, 20, 70, 13, 44, 36, 33, 55, 52, 79, 29, 15, 66, 62, 30, 26, 12, 14, 31, 51, 23, 4, 18, 59, 22, 0, 37, 45, 71, 6, 74, 48, 9, 39, 54, 5, 8, 1, 77, 75, 21, 38, 46, 65, 56, 25, 63, 24, 2, 42, 17, 69, 58, 43, 41, 11, 68, 7, 76, 19, 50, 32, 60, 78, 10, 67, 64, 72, 27, 49, 34, 35, 16, 47, 61, 53, 40]
og index list energy: 104310637.10323203
index list: [31, 54, 37, 38, 39, 4, 15, 11, 21, 22, 74, 42, 29, 23, 24, 52, 17, 49, 72, 7, 0, 47, 73, 77, 48, 64, 12, 76, 30, 75, 8, 69, 14, 68, 67, 40, 36, 55, 26, 18, 46, 6, 70, 13, 19, 20, 71, 53, 45, 44, 32, 79, 33, 62, 59, 56, 66, 43, 41, 65, 25, 60, 61, 34, 35, 1, 2, 9, 57, 58, 78, 27, 28, 50, 3, 5, 16, 51, 10, 63]
index list energy: 5207854.057936388Done

iterations:10000, temp:1000000.0, exponent:0.9, eif:300.0
time taken (sec): 4.5955750942230225
number of iterations: 10000
final temperature: 159.26791088519815og index list: [56, 21, 77, 14, 30, 59, 25, 53, 38, 45, 75, 34, 36, 29, 69, 5, 12, 62, 33, 48, 22, 54, 35, 7, 70, 10, 50, 61, 19, 31, 23, 74, 68, 3, 15, 78, 63, 24, 26, 18, 55, 79, 44, 67, 8, 1, 49, 0, 73, 20, 2, 4, 13, 60, 46, 66, 27, 52, 6, 72, 16, 41, 64, 39, 11, 43, 51, 28, 40, 42, 9, 71, 57, 17, 37, 32, 65, 47, 58, 76]
og index list energy: 124528479.275262
index list: [28, 51, 10, 43, 1, 18, 39, 4, 49, 33, 55, 69, 70, 13, 16, 56, 71, 5, 11, 25, 75, 59, 20, 21, 22, 23, 42, 14, 26, 76, 67, 78, 8, 24, 57, 58, 31, 19, 60, 61, 34, 74, 27, 30, 35, 72, 73, 40, 3, 15, 45, 46, 41, 65, 66, 17, 2, 32, 12, 50, 63, 64, 37, 38, 44, 36, 79, 47, 48, 62, 54, 77, 68, 29, 0, 9, 52, 53, 6, 7]
index list energy: 4727660.458036047Done

