iterations:10000, temp:1000000.0, exponent:0.9, eif:300.0
time taken (sec): 22.692309141159058
number of iterations: 10000
final temperature: 159.26791088519815og index list: [393, 274, 163, 249, 332, 216, 156, 277, 32, 83, 218, 195, 323, 282, 2, 421, 122, 38, 6, 8, 235, 137, 271, 343, 273, 460, 267, 331, 112, 286, 176, 125, 375, 320, 140, 244, 396, 86, 225, 422, 223, 353, 427, 75, 409, 354, 221, 106, 419, 179, 90, 280, 181, 318, 120, 15, 100, 63, 19, 87, 268, 387, 177, 114, 187, 335, 123, 292, 457, 5, 312, 398, 151, 150, 214, 24, 178, 101, 380, 197, 448, 91, 330, 199, 174, 327, 307, 39, 434, 324, 338, 159, 98, 462, 319, 334, 70, 18, 68, 309, 263, 245, 415, 465, 412, 321, 440, 251, 50, 346, 328, 170, 198, 403, 313, 67, 297, 183, 202, 361, 302, 169, 148, 281, 192, 368, 54, 79, 93, 4, 436, 473, 351, 349, 449, 14, 367, 364, 56, 22, 51, 189, 97, 255, 316, 246, 53, 411, 141, 71, 278, 374, 115, 243, 36, 12, 173, 128, 49, 284, 455, 57, 219, 466, 317, 167, 205, 37, 325, 191, 222, 372, 339, 429, 247, 238, 82, 362, 472, 432, 7, 450, 428, 142, 184, 61, 9, 296, 147, 406, 262, 1, 21, 73, 270, 47, 162, 133, 388, 230, 113, 117, 303, 407, 474, 386, 291, 373, 20, 23, 260, 11, 233, 311, 16, 232, 394, 469, 426, 256, 290, 26, 443, 200, 451, 257, 295, 447, 229, 116, 397, 366, 64, 382, 105, 158, 220, 35, 99, 211, 52, 420, 433, 10, 155, 237, 77, 85, 272, 203, 241, 446, 111, 76, 193, 442, 213, 298, 89, 395, 301, 376, 359, 435, 62, 45, 276, 408, 3, 452, 352, 210, 401, 471, 96, 130, 41, 153, 285, 414, 46, 131, 378, 283, 336, 118, 209, 425, 468, 201, 250, 55, 413, 188, 293, 234, 42, 208, 253, 405, 242, 287, 40, 345, 28, 80, 342, 438, 78, 132, 134, 66, 30, 180, 228, 154, 310, 136, 135, 430, 144, 0, 288, 110, 384, 391, 171, 308, 81, 418, 337, 146, 423, 390, 95, 196, 224, 92, 389, 248, 27, 275, 441, 139, 461, 65, 102, 299, 463, 437, 13, 467, 166, 103, 145, 186, 439, 454, 161, 458, 431, 194, 300, 182, 74, 126, 464, 266, 252, 240, 164, 34, 341, 315, 322, 360, 29, 149, 121, 88, 152, 305, 212, 306, 175, 160, 165, 129, 445, 347, 459, 227, 377, 371, 358, 259, 392, 363, 399, 204, 264, 424, 48, 138, 381, 231, 258, 33, 236, 59, 108, 25, 172, 340, 217, 355, 400, 226, 84, 124, 185, 104, 43, 344, 94, 127, 72, 379, 254, 261, 265, 383, 44, 206, 365, 410, 350, 357, 314, 279, 143, 304, 190, 369, 157, 294, 207, 470, 333, 17, 119, 326, 453, 107, 329, 456, 348, 60, 402, 168, 416, 31, 215, 269, 370, 58, 356, 417, 289, 404, 239, 69, 444, 385, 109]
og index list energy: 380479862.007474
index list: [187, 334, 149, 356, 401, 85, 63, 303, 390, 399, 73, 166, 119, 278, 288, 14, 357, 79, 257, 99, 456, 98, 232, 299, 172, 274, 253, 316, 155, 332, 219, 249, 365, 255, 243, 330, 101, 3, 374, 151, 318, 343, 422, 72, 41, 326, 178, 121, 213, 240, 321, 283, 9, 309, 150, 228, 32, 442, 83, 313, 251, 171, 5, 49, 167, 104, 77, 409, 135, 92, 270, 279, 200, 227, 1, 451, 272, 230, 102, 337, 157, 124, 266, 413, 37, 141, 367, 113, 138, 241, 352, 265, 426, 402, 400, 4, 136, 238, 66, 264, 0, 423, 198, 97, 35, 448, 23, 466, 298, 210, 153, 461, 55, 86, 82, 233, 40, 369, 414, 290, 20, 15, 327, 190, 429, 214, 445, 247, 6, 458, 379, 439, 225, 388, 277, 56, 185, 281, 152, 24, 189, 112, 464, 62, 359, 306, 206, 468, 207, 93, 324, 397, 411, 181, 432, 183, 191, 184, 67, 108, 47, 46, 31, 308, 180, 173, 396, 42, 21, 296, 48, 144, 438, 323, 440, 129, 295, 215, 223, 186, 329, 39, 447, 76, 175, 335, 220, 242, 418, 362, 443, 51, 471, 160, 465, 405, 137, 436, 182, 450, 286, 2, 382, 258, 473, 18, 305, 16, 75, 156, 158, 410, 64, 162, 140, 386, 412, 378, 417, 118, 193, 431, 125, 391, 103, 434, 338, 319, 142, 177, 459, 393, 322, 81, 147, 406, 370, 11, 383, 192, 194, 235, 392, 452, 260, 36, 375, 26, 131, 133, 115, 385, 57, 275, 344, 88, 87, 428, 25, 132, 470, 358, 421, 315, 91, 7, 107, 70, 435, 347, 339, 381, 100, 134, 437, 163, 368, 209, 196, 345, 44, 78, 170, 110, 105, 430, 123, 460, 307, 297, 10, 302, 252, 28, 188, 320, 250, 127, 449, 224, 71, 245, 294, 280, 199, 211, 226, 174, 463, 376, 43, 8, 314, 53, 120, 168, 444, 139, 143, 216, 360, 130, 261, 259, 117, 407, 328, 346, 45, 74, 427, 384, 342, 80, 239, 50, 312, 269, 58, 467, 218, 454, 231, 179, 276, 222, 292, 106, 94, 425, 12, 22, 19, 372, 333, 262, 267, 271, 236, 353, 380, 146, 13, 389, 446, 366, 217, 455, 268, 248, 325, 433, 59, 90, 377, 340, 462, 114, 424, 282, 68, 29, 300, 364, 54, 341, 304, 246, 263, 205, 197, 164, 469, 30, 361, 33, 17, 116, 301, 60, 354, 204, 293, 453, 331, 472, 254, 403, 34, 208, 387, 195, 159, 419, 310, 165, 96, 285, 420, 89, 221, 176, 348, 284, 84, 394, 363, 317, 202, 373, 38, 398, 474, 27, 148, 203, 256, 237, 128, 234, 273, 404, 244, 336, 212, 109, 351, 355, 441, 69, 201, 169, 111, 291, 122, 287, 415, 349, 52, 457, 95, 416, 371, 395, 289, 126, 65, 145, 154, 61, 229, 161, 311, 350, 408]
index list energy: 95684606.6325856Done

iterations:10000, temp:1000000.0, exponent:0.9, eif:300.0
time taken (sec): 24.406831741333008
number of iterations: 10000
final temperature: 159.26791088519815og index list: [23, 237, 403, 22, 59, 414, 451, 169, 181, 370, 185, 394, 326, 435, 312, 218, 112, 132, 393, 156, 174, 314, 87, 81, 362, 276, 252, 38, 192, 383, 322, 50, 415, 324, 53, 201, 387, 88, 160, 127, 283, 176, 116, 133, 6, 431, 287, 448, 397, 254, 37, 456, 111, 468, 215, 134, 14, 427, 464, 92, 166, 299, 346, 206, 224, 424, 238, 138, 423, 419, 233, 296, 447, 290, 438, 207, 376, 405, 227, 167, 244, 291, 389, 125, 56, 97, 106, 139, 453, 422, 90, 337, 41, 471, 289, 235, 48, 363, 214, 84, 230, 18, 19, 104, 60, 34, 386, 246, 119, 439, 155, 270, 343, 366, 142, 205, 189, 36, 400, 178, 52, 74, 70, 78, 472, 465, 239, 86, 115, 4, 28, 208, 1, 222, 198, 5, 361, 73, 83, 228, 316, 470, 135, 269, 171, 330, 285, 349, 120, 318, 66, 411, 69, 440, 311, 62, 436, 20, 367, 191, 455, 474, 445, 80, 371, 266, 165, 44, 417, 335, 103, 261, 157, 384, 146, 98, 131, 197, 55, 240, 153, 462, 180, 313, 234, 245, 292, 441, 408, 226, 466, 71, 418, 294, 159, 430, 305, 200, 236, 33, 461, 336, 124, 381, 168, 274, 450, 301, 293, 288, 357, 152, 256, 428, 402, 331, 378, 358, 429, 300, 210, 129, 452, 35, 194, 219, 30, 68, 416, 173, 298, 260, 184, 469, 297, 359, 410, 110, 143, 457, 186, 442, 140, 319, 100, 154, 243, 385, 356, 21, 211, 151, 396, 2, 225, 303, 365, 247, 26, 390, 61, 348, 229, 310, 374, 304, 255, 325, 163, 232, 147, 101, 190, 307, 58, 175, 273, 25, 183, 258, 187, 96, 267, 204, 24, 170, 123, 77, 354, 209, 89, 39, 149, 220, 203, 341, 13, 382, 7, 372, 75, 253, 161, 409, 350, 421, 213, 306, 340, 360, 369, 467, 122, 309, 446, 375, 43, 11, 113, 265, 449, 264, 323, 221, 391, 420, 54, 94, 164, 280, 223, 321, 398, 443, 434, 105, 257, 433, 9, 302, 463, 333, 284, 401, 42, 250, 262, 413, 364, 282, 193, 373, 114, 67, 16, 444, 188, 395, 259, 272, 432, 454, 107, 459, 57, 241, 195, 0, 368, 407, 118, 242, 339, 329, 263, 473, 126, 95, 199, 109, 202, 3, 150, 320, 295, 93, 328, 332, 355, 65, 216, 342, 17, 271, 212, 46, 277, 388, 12, 317, 426, 179, 10, 27, 72, 79, 47, 338, 399, 278, 8, 85, 64, 279, 45, 128, 63, 196, 327, 144, 425, 347, 251, 172, 308, 351, 76, 99, 148, 392, 379, 248, 82, 404, 345, 108, 177, 141, 182, 437, 217, 406, 231, 31, 412, 268, 51, 286, 380, 137, 145, 49, 334, 275, 460, 344, 249, 158, 315, 15, 130, 281, 377, 458, 162, 29, 40, 102, 91, 121, 353, 32, 117, 136, 352]
og index list energy: 407537339.6555258
index list: [167, 346, 356, 30, 177, 411, 15, 423, 74, 231, 5, 255, 412, 53, 298, 173, 149, 393, 389, 376, 42, 269, 334, 237, 398, 171, 127, 420, 204, 352, 379, 473, 106, 434, 188, 439, 197, 446, 95, 360, 448, 288, 136, 336, 307, 65, 28, 369, 456, 163, 472, 296, 245, 226, 129, 45, 174, 139, 450, 161, 134, 409, 223, 397, 433, 16, 80, 401, 276, 91, 220, 388, 183, 114, 400, 451, 63, 60, 8, 85, 238, 348, 327, 191, 340, 449, 93, 202, 271, 396, 424, 0, 160, 343, 82, 287, 308, 156, 17, 392, 22, 120, 442, 3, 32, 427, 214, 415, 219, 453, 235, 285, 370, 185, 413, 6, 435, 115, 207, 437, 259, 430, 61, 337, 419, 304, 405, 421, 162, 432, 117, 320, 23, 426, 260, 291, 116, 280, 229, 210, 387, 71, 24, 447, 314, 362, 317, 374, 145, 252, 121, 201, 395, 468, 110, 138, 319, 140, 391, 215, 34, 230, 306, 441, 268, 107, 440, 309, 272, 247, 180, 169, 165, 99, 390, 123, 470, 382, 168, 331, 335, 242, 221, 278, 83, 385, 166, 37, 464, 143, 172, 124, 254, 72, 454, 131, 158, 78, 187, 10, 332, 212, 190, 261, 67, 9, 351, 199, 249, 325, 189, 384, 100, 301, 275, 159, 35, 293, 109, 119, 102, 241, 19, 152, 151, 322, 368, 20, 132, 375, 253, 283, 263, 460, 404, 458, 66, 445, 333, 244, 353, 321, 324, 256, 92, 36, 310, 211, 176, 363, 75, 422, 243, 248, 262, 428, 101, 148, 323, 344, 266, 213, 416, 196, 240, 386, 402, 354, 195, 52, 154, 305, 299, 312, 198, 366, 246, 270, 239, 399, 311, 70, 373, 59, 459, 68, 372, 133, 81, 418, 69, 27, 51, 41, 403, 300, 33, 338, 355, 62, 86, 39, 345, 339, 142, 206, 11, 76, 265, 329, 273, 257, 232, 234, 73, 50, 407, 141, 347, 38, 135, 128, 274, 146, 364, 469, 147, 414, 43, 431, 302, 97, 406, 150, 228, 194, 153, 137, 417, 21, 367, 192, 12, 474, 258, 94, 303, 111, 294, 77, 457, 104, 113, 224, 358, 408, 103, 425, 377, 227, 184, 452, 170, 48, 277, 216, 90, 361, 290, 359, 58, 295, 79, 316, 200, 380, 55, 118, 289, 49, 108, 164, 217, 54, 186, 2, 236, 56, 112, 209, 349, 89, 350, 87, 1, 122, 144, 25, 330, 463, 267, 444, 155, 466, 378, 181, 341, 436, 281, 443, 31, 315, 461, 126, 371, 225, 18, 465, 4, 286, 105, 40, 203, 383, 455, 250, 357, 318, 29, 233, 47, 222, 175, 292, 467, 326, 410, 284, 471, 282, 14, 179, 46, 462, 182, 26, 96, 394, 313, 7, 178, 381, 44, 342, 98, 205, 251, 429, 13, 438, 208, 279, 88, 157, 64, 218, 365, 57, 297, 328, 130, 84, 193, 264, 125]
index list energy: 75918578.08318606Done

iterations:10000, temp:1000000.0, exponent:0.9, eif:300.0
time taken (sec): 21.596294164657593
number of iterations: 10000
final temperature: 159.26791088519815og index list: [115, 175, 62, 38, 165, 86, 344, 241, 83, 364, 420, 153, 17, 445, 285, 440, 5, 378, 307, 198, 222, 136, 257, 157, 469, 289, 32, 291, 282, 423, 190, 269, 417, 416, 67, 20, 473, 138, 385, 121, 405, 389, 91, 411, 467, 22, 216, 426, 8, 150, 191, 90, 41, 435, 174, 284, 36, 195, 110, 388, 444, 302, 329, 151, 280, 217, 223, 260, 354, 119, 132, 139, 108, 152, 370, 425, 242, 54, 234, 368, 359, 290, 143, 192, 413, 350, 301, 308, 177, 442, 252, 220, 253, 219, 451, 103, 446, 172, 47, 377, 292, 97, 25, 353, 472, 240, 433, 48, 129, 274, 304, 390, 313, 277, 323, 394, 343, 294, 293, 409, 428, 46, 163, 352, 194, 218, 161, 361, 387, 468, 155, 319, 227, 146, 393, 448, 331, 465, 166, 202, 237, 452, 6, 11, 337, 369, 92, 51, 113, 382, 268, 226, 330, 273, 379, 297, 31, 104, 45, 145, 81, 34, 288, 4, 424, 100, 64, 383, 126, 449, 120, 318, 334, 180, 316, 197, 466, 347, 21, 272, 196, 305, 179, 89, 453, 244, 78, 13, 74, 77, 392, 71, 248, 264, 210, 122, 238, 386, 208, 362, 286, 403, 346, 335, 255, 356, 158, 325, 188, 168, 363, 183, 412, 456, 49, 434, 93, 332, 338, 76, 418, 66, 256, 128, 397, 225, 229, 212, 246, 460, 270, 327, 186, 94, 72, 135, 224, 221, 376, 60, 267, 96, 9, 203, 215, 262, 321, 68, 231, 399, 430, 149, 18, 345, 57, 265, 471, 295, 454, 95, 0, 395, 23, 134, 381, 342, 355, 422, 311, 3, 58, 228, 56, 19, 65, 80, 470, 50, 310, 247, 324, 130, 79, 374, 141, 303, 464, 233, 88, 441, 102, 236, 278, 336, 360, 160, 365, 27, 239, 400, 410, 232, 101, 114, 209, 396, 109, 70, 380, 200, 275, 185, 199, 384, 287, 82, 107, 436, 429, 184, 371, 73, 309, 14, 26, 367, 258, 1, 245, 249, 201, 432, 438, 98, 415, 61, 131, 281, 276, 419, 170, 189, 263, 437, 28, 10, 235, 421, 259, 173, 431, 317, 106, 87, 296, 44, 193, 37, 462, 117, 283, 339, 357, 366, 53, 206, 181, 414, 230, 187, 214, 162, 63, 59, 243, 439, 463, 182, 167, 207, 375, 123, 402, 204, 178, 459, 298, 40, 118, 105, 125, 116, 315, 84, 348, 159, 133, 250, 39, 322, 42, 447, 404, 111, 29, 427, 398, 443, 85, 328, 69, 33, 314, 15, 112, 457, 312, 407, 341, 349, 254, 30, 373, 326, 300, 251, 35, 372, 408, 279, 461, 391, 306, 127, 55, 351, 455, 271, 261, 43, 401, 147, 450, 75, 213, 171, 52, 458, 12, 211, 142, 99, 266, 169, 148, 7, 140, 144, 474, 124, 176, 156, 320, 16, 333, 164, 24, 137, 2, 358, 406, 205, 154, 340, 299]
og index list energy: 356881472.6143828
index list: [86, 208, 76, 105, 300, 150, 205, 292, 345, 269, 60, 225, 474, 236, 136, 293, 83, 320, 442, 9, 98, 107, 454, 366, 404, 384, 253, 418, 290, 313, 340, 31, 25, 104, 449, 152, 468, 193, 432, 210, 230, 299, 29, 427, 250, 61, 28, 272, 57, 194, 470, 141, 276, 297, 220, 51, 14, 334, 349, 258, 311, 62, 148, 130, 308, 182, 464, 48, 422, 271, 405, 262, 453, 17, 395, 95, 203, 357, 42, 43, 33, 233, 278, 390, 160, 365, 289, 324, 428, 408, 446, 164, 410, 155, 70, 65, 243, 364, 40, 41, 227, 411, 125, 84, 358, 244, 330, 170, 467, 39, 77, 369, 67, 298, 212, 211, 11, 117, 161, 1, 139, 89, 455, 275, 173, 37, 394, 151, 463, 207, 90, 445, 254, 78, 307, 119, 436, 73, 122, 6, 174, 280, 156, 317, 417, 27, 443, 166, 143, 106, 362, 341, 375, 180, 110, 326, 59, 55, 99, 232, 19, 441, 214, 188, 444, 121, 284, 128, 306, 133, 287, 169, 294, 376, 91, 402, 79, 7, 305, 97, 403, 221, 240, 291, 316, 255, 264, 461, 241, 323, 451, 315, 296, 167, 168, 412, 198, 363, 172, 158, 153, 162, 267, 15, 331, 123, 439, 124, 218, 24, 424, 135, 178, 47, 425, 274, 115, 251, 189, 372, 238, 415, 195, 228, 102, 373, 149, 452, 192, 322, 409, 81, 132, 181, 4, 103, 351, 80, 204, 231, 184, 387, 85, 187, 248, 165, 312, 109, 398, 458, 18, 437, 147, 407, 49, 201, 374, 473, 257, 401, 100, 472, 252, 433, 8, 288, 92, 179, 346, 263, 82, 279, 414, 126, 283, 69, 389, 337, 237, 332, 58, 235, 438, 200, 108, 113, 13, 268, 434, 185, 46, 295, 327, 2, 72, 368, 120, 426, 171, 450, 381, 245, 465, 140, 431, 338, 397, 35, 435, 361, 310, 217, 249, 354, 54, 378, 16, 53, 266, 127, 344, 71, 190, 392, 383, 319, 466, 175, 142, 440, 302, 242, 471, 350, 430, 229, 329, 247, 429, 391, 12, 239, 226, 406, 191, 286, 423, 196, 281, 144, 209, 380, 353, 52, 459, 10, 456, 146, 22, 206, 469, 177, 0, 309, 112, 356, 131, 111, 385, 388, 32, 282, 101, 333, 176, 382, 335, 336, 348, 75, 36, 277, 30, 159, 343, 367, 314, 416, 23, 116, 68, 88, 420, 273, 379, 45, 462, 163, 421, 222, 419, 145, 63, 20, 56, 386, 114, 400, 219, 26, 138, 154, 303, 44, 301, 50, 137, 224, 64, 34, 265, 270, 371, 399, 304, 413, 285, 157, 66, 393, 460, 342, 355, 448, 87, 215, 359, 321, 199, 5, 93, 377, 197, 216, 352, 38, 183, 21, 94, 223, 3, 134, 447, 186, 96, 347, 234, 457, 260, 318, 328, 259, 325, 360, 339, 261, 118, 396, 213, 256, 246, 370, 129, 202, 74]
index list energy: 78209793.08767124Done

iterations:10000, temp:1000000.0, exponent:0.9, eif:300.0
time taken (sec): 23.093517065048218
number of iterations: 10000
final temperature: 159.26791088519815og index list: [401, 398, 112, 297, 414, 222, 99, 247, 147, 449, 295, 126, 342, 10, 316, 435, 323, 420, 356, 301, 109, 142, 412, 49, 433, 102, 154, 378, 53, 467, 119, 325, 322, 238, 220, 227, 452, 242, 63, 450, 7, 380, 388, 317, 129, 415, 389, 464, 402, 204, 390, 338, 46, 116, 462, 22, 114, 417, 372, 33, 218, 318, 365, 382, 278, 179, 69, 314, 461, 341, 164, 310, 458, 137, 52, 216, 80, 224, 95, 376, 184, 329, 67, 419, 153, 260, 466, 125, 175, 409, 465, 274, 312, 82, 210, 348, 352, 151, 424, 136, 357, 339, 149, 43, 396, 165, 265, 291, 181, 166, 251, 473, 321, 261, 290, 468, 436, 292, 35, 257, 255, 413, 157, 39, 379, 447, 240, 207, 203, 221, 12, 134, 286, 430, 234, 363, 32, 442, 118, 368, 61, 13, 276, 94, 40, 84, 159, 353, 454, 111, 287, 455, 206, 98, 374, 48, 311, 293, 200, 399, 110, 51, 209, 108, 303, 214, 300, 439, 45, 191, 150, 197, 173, 86, 73, 250, 334, 299, 443, 358, 170, 143, 237, 30, 457, 330, 369, 16, 28, 384, 335, 3, 405, 259, 14, 324, 90, 9, 174, 427, 225, 400, 19, 85, 141, 432, 38, 130, 451, 284, 350, 88, 263, 371, 0, 201, 231, 425, 127, 190, 309, 41, 239, 351, 281, 77, 208, 428, 18, 472, 106, 270, 15, 75, 446, 361, 441, 103, 308, 115, 392, 74, 205, 326, 437, 177, 266, 93, 47, 279, 366, 383, 113, 313, 391, 404, 262, 212, 456, 328, 27, 264, 444, 411, 87, 188, 362, 64, 24, 167, 246, 241, 373, 406, 332, 122, 277, 79, 76, 168, 410, 296, 268, 271, 171, 6, 304, 305, 145, 219, 120, 267, 117, 25, 349, 83, 65, 422, 8, 128, 195, 1, 381, 29, 252, 180, 347, 459, 71, 199, 258, 56, 104, 176, 146, 387, 359, 245, 192, 211, 377, 194, 36, 393, 440, 123, 132, 273, 386, 92, 100, 4, 285, 445, 248, 91, 148, 101, 89, 407, 354, 55, 196, 448, 138, 187, 232, 434, 426, 367, 345, 429, 139, 156, 5, 385, 319, 198, 471, 2, 254, 355, 62, 469, 11, 275, 418, 135, 320, 193, 215, 105, 158, 243, 202, 298, 256, 423, 121, 31, 360, 144, 431, 26, 66, 226, 333, 283, 162, 60, 370, 70, 107, 163, 397, 213, 217, 307, 470, 460, 133, 453, 269, 72, 344, 81, 50, 340, 54, 272, 375, 17, 315, 288, 228, 20, 364, 253, 235, 97, 230, 236, 34, 178, 185, 42, 327, 280, 331, 131, 282, 244, 23, 438, 474, 223, 161, 408, 68, 403, 183, 160, 336, 294, 96, 289, 37, 394, 343, 337, 463, 172, 186, 416, 59, 78, 57, 169, 155, 58, 302, 421, 233, 189, 140, 21, 44, 124, 395, 152, 229, 346, 182, 306, 249]
og index list energy: 367534047.22977525
index list: [316, 117, 315, 213, 389, 387, 424, 166, 182, 348, 224, 437, 301, 53, 100, 436, 284, 200, 75, 298, 429, 178, 468, 14, 314, 431, 321, 11, 289, 93, 372, 277, 30, 74, 241, 130, 402, 455, 217, 418, 23, 442, 115, 397, 12, 8, 276, 47, 54, 331, 79, 252, 288, 63, 220, 401, 358, 414, 255, 413, 196, 416, 144, 334, 1, 137, 290, 59, 292, 456, 70, 461, 24, 427, 131, 319, 351, 134, 10, 262, 251, 66, 218, 407, 159, 62, 254, 107, 353, 329, 237, 80, 86, 472, 147, 233, 257, 125, 388, 417, 73, 270, 333, 264, 469, 78, 399, 373, 71, 263, 322, 366, 69, 434, 260, 229, 161, 354, 245, 156, 151, 460, 209, 102, 50, 349, 77, 450, 378, 320, 72, 223, 97, 142, 51, 199, 61, 295, 173, 467, 163, 381, 297, 341, 391, 34, 400, 174, 167, 6, 394, 26, 364, 104, 35, 110, 91, 114, 445, 307, 336, 325, 362, 20, 340, 346, 411, 357, 360, 235, 261, 126, 48, 84, 246, 121, 153, 49, 109, 183, 367, 395, 243, 433, 170, 189, 302, 164, 280, 369, 273, 157, 409, 3, 421, 17, 311, 258, 172, 4, 90, 113, 326, 305, 377, 67, 146, 162, 190, 81, 198, 368, 227, 392, 176, 33, 64, 160, 149, 250, 234, 449, 371, 335, 304, 327, 430, 210, 376, 318, 123, 294, 135, 293, 150, 384, 155, 281, 344, 451, 55, 101, 9, 306, 232, 332, 186, 204, 175, 444, 206, 148, 76, 96, 141, 422, 41, 406, 152, 111, 225, 342, 118, 201, 440, 244, 375, 343, 22, 98, 382, 136, 5, 438, 57, 403, 269, 194, 192, 310, 423, 193, 452, 32, 425, 212, 238, 31, 470, 181, 165, 124, 140, 128, 195, 275, 268, 171, 139, 457, 38, 85, 390, 127, 179, 216, 432, 271, 448, 350, 303, 105, 106, 2, 265, 16, 249, 465, 408, 37, 177, 359, 39, 230, 274, 312, 282, 398, 453, 338, 138, 463, 383, 323, 83, 300, 44, 374, 446, 291, 248, 447, 43, 286, 202, 88, 103, 385, 272, 89, 443, 95, 259, 474, 36, 143, 52, 122, 94, 370, 420, 253, 454, 299, 28, 15, 211, 426, 308, 184, 309, 231, 345, 108, 242, 473, 120, 87, 471, 221, 410, 187, 356, 116, 267, 296, 215, 219, 317, 21, 42, 119, 361, 419, 285, 279, 92, 207, 328, 168, 458, 240, 347, 363, 278, 99, 439, 145, 266, 459, 169, 180, 46, 158, 462, 19, 330, 337, 205, 226, 396, 188, 197, 324, 256, 393, 65, 13, 214, 203, 404, 379, 412, 40, 441, 185, 464, 405, 352, 112, 27, 247, 380, 415, 339, 208, 60, 58, 0, 313, 129, 466, 132, 228, 18, 29, 355, 428, 7, 133, 45, 56, 283, 386, 239, 25, 222, 191, 287, 154, 82, 236, 435, 68, 365]
index list energy: 65710933.27339948Done

iterations:10000, temp:1000000.0, exponent:0.9, eif:300.0
time taken (sec): 22.159188270568848
number of iterations: 10000
final temperature: 159.26791088519815og index list: [33, 91, 42, 356, 131, 121, 363, 82, 149, 306, 355, 322, 375, 365, 171, 80, 293, 123, 288, 112, 18, 30, 176, 32, 379, 267, 166, 174, 411, 55, 367, 127, 342, 209, 215, 466, 136, 230, 263, 418, 27, 101, 295, 368, 88, 14, 110, 132, 161, 344, 324, 67, 203, 414, 89, 12, 305, 111, 117, 39, 353, 298, 71, 316, 284, 460, 145, 360, 260, 102, 415, 303, 104, 439, 427, 229, 433, 326, 11, 220, 152, 75, 400, 232, 406, 417, 15, 57, 100, 396, 160, 94, 165, 347, 398, 114, 173, 381, 3, 97, 254, 261, 271, 231, 240, 471, 164, 297, 109, 291, 456, 376, 48, 234, 60, 47, 13, 85, 311, 113, 7, 186, 422, 262, 255, 133, 2, 10, 54, 287, 272, 74, 440, 98, 329, 140, 26, 83, 61, 84, 99, 35, 228, 307, 447, 243, 310, 285, 473, 66, 201, 159, 283, 78, 333, 130, 170, 237, 357, 196, 126, 412, 25, 467, 300, 387, 212, 423, 296, 432, 455, 372, 309, 179, 118, 292, 213, 384, 430, 321, 408, 275, 198, 470, 373, 453, 119, 366, 148, 211, 403, 313, 258, 0, 350, 52, 29, 207, 390, 34, 274, 155, 370, 183, 45, 150, 221, 227, 208, 43, 56, 338, 266, 339, 41, 428, 219, 4, 259, 257, 1, 116, 87, 214, 139, 124, 268, 286, 147, 281, 6, 17, 163, 151, 449, 77, 93, 96, 23, 226, 256, 115, 24, 436, 289, 120, 437, 340, 462, 331, 36, 197, 426, 279, 429, 348, 395, 76, 459, 299, 314, 8, 394, 21, 405, 188, 16, 191, 70, 158, 280, 210, 238, 397, 448, 290, 270, 233, 50, 416, 359, 245, 334, 419, 351, 269, 175, 38, 374, 446, 312, 327, 141, 443, 343, 465, 444, 37, 172, 249, 244, 380, 122, 393, 328, 315, 189, 304, 251, 335, 205, 40, 425, 128, 442, 72, 143, 354, 178, 200, 108, 383, 441, 265, 138, 106, 308, 413, 125, 301, 19, 107, 323, 402, 474, 195, 386, 352, 192, 463, 252, 144, 346, 469, 177, 217, 468, 31, 153, 181, 434, 392, 320, 51, 157, 59, 90, 62, 388, 49, 182, 410, 65, 180, 9, 345, 371, 69, 184, 239, 435, 167, 276, 302, 250, 58, 194, 278, 452, 248, 431, 330, 185, 378, 247, 382, 95, 389, 46, 169, 73, 81, 337, 146, 317, 216, 341, 162, 362, 223, 86, 282, 168, 399, 421, 154, 142, 28, 438, 385, 450, 224, 135, 401, 20, 218, 457, 358, 236, 273, 369, 235, 137, 103, 206, 409, 156, 445, 79, 242, 361, 336, 241, 190, 193, 22, 134, 318, 420, 253, 129, 204, 187, 277, 92, 458, 325, 44, 264, 68, 64, 5, 364, 404, 294, 407, 246, 472, 222, 199, 319, 391, 202, 454, 464, 461, 424, 349, 332, 105, 377, 451, 63, 53, 225]
og index list energy: 352360453.81821305
index list: [181, 434, 262, 469, 143, 365, 277, 70, 236, 46, 111, 225, 384, 379, 55, 175, 107, 234, 220, 6, 8, 136, 276, 203, 126, 464, 246, 172, 137, 402, 272, 360, 259, 37, 74, 241, 222, 60, 133, 82, 138, 294, 89, 311, 218, 134, 10, 366, 69, 36, 287, 323, 114, 462, 258, 326, 140, 135, 300, 151, 112, 386, 64, 19, 169, 66, 437, 48, 238, 159, 471, 50, 443, 119, 1, 375, 116, 16, 2, 303, 452, 139, 224, 125, 460, 85, 421, 227, 445, 380, 99, 364, 355, 32, 359, 108, 3, 431, 363, 346, 76, 472, 14, 208, 340, 412, 282, 409, 185, 263, 63, 80, 92, 279, 117, 95, 424, 269, 350, 426, 281, 351, 454, 374, 128, 200, 430, 62, 196, 78, 162, 275, 183, 415, 321, 38, 177, 267, 265, 79, 457, 358, 328, 317, 72, 253, 144, 329, 178, 425, 296, 254, 54, 229, 115, 182, 210, 204, 9, 474, 342, 184, 376, 42, 418, 314, 233, 264, 193, 146, 401, 167, 461, 315, 306, 333, 345, 77, 221, 174, 448, 271, 12, 419, 0, 280, 216, 343, 336, 56, 372, 81, 214, 295, 257, 44, 453, 301, 312, 27, 427, 335, 176, 201, 439, 285, 344, 367, 368, 148, 57, 290, 189, 397, 219, 316, 231, 31, 250, 105, 354, 414, 166, 332, 212, 156, 371, 103, 313, 318, 420, 163, 406, 361, 433, 124, 43, 122, 288, 325, 65, 243, 68, 18, 190, 305, 104, 388, 142, 370, 28, 13, 161, 41, 75, 322, 240, 391, 447, 215, 320, 87, 459, 341, 455, 256, 441, 270, 347, 252, 98, 377, 61, 395, 198, 357, 97, 217, 30, 393, 404, 235, 373, 17, 392, 102, 213, 299, 338, 274, 339, 83, 298, 382, 209, 249, 458, 187, 71, 465, 381, 52, 179, 101, 435, 15, 202, 73, 302, 49, 100, 121, 232, 398, 429, 191, 310, 120, 96, 45, 51, 25, 155, 396, 223, 34, 423, 170, 59, 197, 432, 307, 319, 352, 7, 165, 291, 230, 244, 428, 145, 466, 245, 450, 330, 292, 242, 403, 369, 205, 207, 22, 417, 261, 387, 157, 436, 206, 463, 106, 127, 164, 160, 470, 4, 389, 153, 308, 188, 324, 11, 451, 394, 273, 284, 440, 118, 39, 348, 130, 353, 211, 473, 24, 53, 416, 239, 283, 289, 286, 149, 113, 327, 408, 378, 195, 228, 248, 47, 199, 390, 407, 438, 304, 268, 171, 468, 20, 334, 58, 456, 86, 449, 158, 192, 173, 422, 383, 411, 385, 444, 399, 337, 35, 88, 186, 255, 33, 147, 180, 194, 247, 131, 110, 260, 129, 109, 5, 26, 400, 362, 237, 150, 29, 93, 90, 331, 413, 226, 293, 132, 467, 123, 168, 349, 446, 84, 278, 67, 405, 297, 94, 410, 251, 23, 152, 21, 442, 309, 141, 266, 40, 356, 154, 91]
index list energy: 64083345.240171Done

iterations:10000, temp:1000000.0, exponent:0.9, eif:300.0
time taken (sec): 22.311763286590576
number of iterations: 10000
final temperature: 159.26791088519815og index list: [50, 276, 179, 295, 172, 205, 169, 133, 29, 209, 64, 118, 255, 79, 465, 398, 25, 462, 225, 390, 228, 299, 329, 186, 73, 59, 162, 407, 130, 282, 343, 261, 174, 260, 464, 396, 389, 91, 194, 273, 252, 13, 337, 204, 136, 222, 356, 458, 173, 327, 95, 352, 60, 220, 344, 7, 402, 78, 280, 292, 140, 185, 19, 187, 112, 93, 77, 405, 267, 171, 96, 212, 47, 110, 51, 30, 49, 351, 182, 253, 37, 97, 121, 18, 41, 307, 440, 116, 448, 364, 257, 262, 128, 361, 335, 152, 409, 219, 272, 90, 137, 24, 382, 404, 323, 445, 378, 17, 246, 94, 258, 453, 293, 84, 266, 388, 180, 433, 353, 48, 132, 321, 139, 235, 135, 165, 216, 429, 28, 313, 230, 131, 214, 35, 347, 284, 421, 213, 456, 357, 106, 315, 376, 400, 81, 341, 451, 466, 43, 416, 281, 1, 34, 198, 111, 31, 298, 217, 166, 316, 240, 399, 103, 226, 469, 290, 231, 362, 143, 74, 424, 120, 147, 125, 254, 265, 431, 419, 346, 109, 188, 349, 161, 233, 406, 75, 297, 85, 62, 418, 370, 138, 340, 473, 277, 99, 384, 379, 168, 71, 425, 420, 83, 114, 243, 245, 301, 363, 145, 385, 181, 115, 215, 460, 98, 40, 474, 286, 403, 463, 270, 183, 374, 113, 241, 411, 244, 449, 412, 387, 256, 61, 395, 467, 435, 314, 175, 32, 45, 455, 146, 199, 207, 184, 320, 55, 44, 269, 289, 154, 189, 268, 249, 457, 101, 415, 229, 148, 58, 80, 386, 251, 348, 200, 369, 319, 176, 123, 15, 274, 436, 104, 6, 334, 300, 238, 46, 330, 16, 0, 196, 227, 372, 193, 302, 437, 342, 76, 237, 367, 283, 427, 459, 92, 368, 26, 197, 211, 339, 163, 468, 288, 54, 21, 223, 471, 86, 160, 82, 279, 439, 3, 291, 350, 408, 88, 9, 264, 331, 413, 224, 360, 354, 119, 358, 167, 27, 134, 203, 11, 470, 248, 122, 89, 247, 158, 151, 306, 359, 39, 20, 87, 355, 447, 380, 328, 397, 303, 221, 317, 202, 105, 124, 100, 401, 218, 373, 63, 333, 107, 144, 242, 67, 305, 365, 377, 38, 438, 53, 434, 42, 56, 22, 312, 287, 127, 296, 234, 322, 345, 318, 157, 66, 117, 393, 391, 142, 190, 68, 153, 70, 8, 52, 309, 72, 311, 338, 381, 472, 102, 2, 336, 10, 129, 195, 326, 192, 259, 232, 208, 278, 392, 450, 206, 178, 57, 371, 236, 14, 201, 461, 5, 170, 69, 394, 410, 36, 452, 210, 432, 177, 191, 23, 375, 4, 304, 155, 108, 141, 294, 417, 33, 426, 149, 325, 271, 159, 250, 324, 239, 443, 383, 444, 446, 422, 442, 423, 414, 430, 126, 310, 150, 366, 65, 428, 263, 164, 12, 156, 332, 308, 275, 441, 454, 285]
og index list energy: 372338369.6240093
index list: [156, 159, 439, 73, 125, 354, 321, 281, 347, 2, 384, 415, 228, 369, 232, 372, 387, 447, 131, 426, 323, 437, 147, 434, 187, 312, 7, 371, 204, 192, 182, 464, 286, 241, 409, 26, 105, 311, 137, 103, 382, 31, 468, 376, 293, 345, 269, 285, 450, 10, 86, 171, 124, 145, 287, 461, 289, 300, 220, 77, 331, 167, 45, 397, 170, 155, 199, 294, 63, 446, 266, 60, 68, 56, 135, 186, 433, 271, 185, 115, 128, 44, 27, 339, 223, 158, 417, 113, 222, 474, 87, 88, 444, 391, 394, 8, 183, 181, 358, 196, 146, 102, 127, 200, 114, 406, 226, 457, 404, 423, 235, 448, 233, 456, 342, 471, 353, 18, 206, 435, 139, 90, 194, 403, 92, 97, 75, 412, 264, 428, 219, 179, 198, 262, 419, 53, 248, 256, 411, 282, 21, 221, 157, 346, 118, 253, 40, 49, 258, 283, 401, 280, 172, 443, 390, 191, 35, 378, 407, 416, 408, 263, 245, 208, 355, 83, 109, 278, 469, 59, 279, 250, 42, 455, 267, 275, 39, 436, 64, 212, 117, 202, 385, 362, 344, 337, 195, 370, 361, 11, 89, 324, 3, 395, 274, 134, 429, 254, 452, 259, 291, 43, 112, 305, 174, 431, 405, 123, 273, 327, 314, 94, 126, 270, 121, 81, 389, 466, 189, 41, 91, 138, 207, 12, 247, 24, 243, 101, 252, 375, 421, 162, 440, 57, 295, 184, 257, 393, 153, 143, 47, 467, 318, 432, 315, 136, 453, 335, 299, 70, 213, 317, 400, 424, 349, 176, 255, 230, 20, 319, 414, 19, 25, 341, 240, 470, 350, 352, 116, 67, 69, 210, 133, 356, 17, 458, 168, 302, 130, 52, 61, 473, 33, 148, 242, 465, 62, 238, 104, 169, 307, 244, 332, 166, 325, 336, 334, 160, 246, 420, 239, 215, 80, 218, 442, 99, 54, 74, 348, 96, 310, 383, 55, 6, 177, 79, 122, 288, 237, 151, 85, 261, 65, 9, 340, 462, 190, 377, 48, 260, 5, 320, 211, 150, 298, 343, 380, 328, 119, 413, 203, 460, 316, 297, 37, 197, 58, 209, 308, 188, 231, 234, 76, 22, 36, 333, 82, 108, 142, 144, 284, 15, 373, 229, 351, 360, 438, 227, 225, 268, 441, 392, 399, 418, 201, 313, 368, 445, 236, 50, 265, 364, 66, 224, 154, 180, 427, 306, 111, 149, 129, 374, 23, 330, 216, 379, 365, 34, 164, 463, 217, 175, 205, 326, 132, 178, 366, 140, 425, 38, 454, 95, 422, 381, 472, 363, 449, 398, 276, 106, 93, 120, 30, 84, 304, 396, 28, 13, 410, 277, 303, 72, 1, 214, 272, 322, 110, 98, 249, 290, 459, 14, 193, 357, 329, 173, 152, 451, 46, 296, 100, 0, 309, 78, 388, 29, 165, 301, 141, 386, 4, 292, 51, 430, 338, 367, 163, 359, 32, 107, 251, 161, 402, 71, 16]
index list energy: 67677000.9578436Done

iterations:10000, temp:1000000.0, exponent:0.9, eif:300.0
time taken (sec): 23.596302270889282
number of iterations: 10000
final temperature: 159.26791088519815og index list: [88, 259, 358, 325, 144, 124, 224, 231, 55, 30, 428, 9, 22, 320, 448, 307, 385, 274, 159, 131, 398, 337, 435, 82, 409, 16, 130, 120, 461, 278, 312, 51, 318, 410, 217, 268, 400, 467, 468, 225, 45, 199, 90, 84, 116, 431, 91, 6, 429, 326, 172, 252, 275, 254, 160, 52, 221, 233, 242, 190, 261, 388, 203, 444, 229, 426, 176, 77, 29, 374, 273, 198, 348, 32, 267, 319, 263, 151, 472, 333, 54, 138, 299, 466, 236, 465, 414, 357, 355, 346, 290, 105, 226, 12, 162, 1, 10, 121, 111, 265, 397, 104, 345, 65, 366, 188, 125, 83, 62, 74, 228, 158, 441, 205, 264, 238, 283, 243, 174, 134, 13, 284, 250, 89, 310, 165, 363, 25, 219, 360, 94, 38, 235, 177, 43, 305, 341, 173, 170, 443, 276, 57, 406, 399, 323, 416, 354, 171, 4, 183, 377, 297, 106, 379, 390, 452, 26, 96, 419, 394, 166, 216, 157, 8, 350, 271, 110, 164, 375, 286, 329, 182, 19, 61, 24, 339, 127, 149, 269, 156, 85, 240, 92, 380, 234, 281, 392, 386, 458, 49, 143, 442, 384, 423, 3, 422, 53, 295, 107, 302, 324, 72, 280, 195, 369, 14, 279, 200, 239, 36, 331, 132, 309, 364, 359, 356, 391, 311, 42, 178, 303, 215, 66, 418, 101, 407, 301, 87, 258, 454, 457, 451, 446, 78, 147, 204, 79, 148, 153, 395, 314, 257, 11, 126, 35, 133, 424, 330, 291, 447, 50, 227, 473, 140, 438, 436, 287, 230, 31, 352, 155, 17, 347, 48, 378, 315, 437, 381, 251, 95, 396, 425, 412, 46, 15, 187, 189, 33, 256, 220, 294, 69, 47, 145, 382, 40, 100, 114, 316, 185, 23, 421, 459, 362, 169, 115, 328, 317, 97, 202, 342, 304, 44, 5, 300, 232, 248, 117, 372, 449, 327, 67, 474, 404, 340, 376, 75, 306, 28, 152, 415, 277, 401, 18, 163, 470, 262, 322, 118, 211, 98, 21, 0, 469, 403, 39, 308, 370, 402, 206, 196, 361, 460, 298, 249, 109, 150, 367, 272, 266, 289, 99, 81, 223, 413, 247, 411, 353, 135, 41, 237, 255, 197, 68, 471, 64, 387, 102, 142, 7, 270, 433, 244, 119, 2, 405, 27, 60, 59, 432, 420, 86, 212, 373, 175, 129, 207, 439, 208, 455, 464, 313, 222, 321, 180, 191, 417, 76, 70, 141, 139, 37, 332, 128, 365, 186, 292, 338, 245, 167, 344, 288, 463, 209, 184, 246, 253, 58, 113, 351, 136, 122, 335, 63, 456, 241, 108, 453, 194, 445, 213, 434, 430, 71, 285, 393, 383, 154, 427, 179, 371, 161, 192, 282, 201, 462, 146, 293, 336, 123, 260, 181, 193, 218, 103, 80, 73, 210, 214, 137, 168, 34, 334, 349, 20, 112, 93, 408, 440, 450, 296, 56, 343, 368, 389]
og index list energy: 371075931.1510383
index list: [238, 422, 151, 185, 49, 85, 153, 31, 316, 452, 359, 455, 73, 436, 322, 325, 449, 308, 418, 211, 467, 305, 146, 462, 24, 454, 363, 274, 111, 457, 103, 142, 232, 202, 400, 113, 207, 97, 256, 204, 120, 83, 149, 451, 191, 285, 228, 105, 394, 148, 36, 337, 423, 10, 424, 198, 194, 413, 18, 443, 335, 33, 215, 330, 1, 139, 190, 379, 45, 201, 404, 227, 248, 435, 382, 353, 68, 220, 98, 398, 318, 314, 279, 40, 156, 4, 323, 351, 176, 50, 472, 258, 181, 303, 344, 5, 234, 172, 147, 355, 438, 233, 441, 61, 193, 456, 131, 364, 59, 429, 280, 372, 52, 246, 82, 249, 237, 223, 243, 373, 250, 93, 32, 75, 299, 324, 2, 341, 133, 79, 126, 261, 108, 140, 91, 293, 57, 72, 264, 393, 368, 221, 169, 425, 38, 389, 466, 383, 0, 107, 241, 122, 175, 313, 62, 319, 262, 245, 434, 255, 229, 150, 266, 51, 180, 106, 416, 30, 327, 278, 276, 13, 464, 135, 474, 183, 77, 101, 90, 361, 253, 14, 295, 152, 385, 55, 58, 217, 356, 352, 357, 380, 129, 192, 240, 136, 309, 402, 343, 115, 94, 89, 272, 391, 218, 442, 235, 39, 445, 331, 420, 301, 206, 260, 8, 42, 154, 167, 338, 268, 334, 346, 328, 67, 296, 159, 297, 80, 401, 171, 189, 219, 470, 119, 174, 16, 419, 291, 210, 100, 247, 87, 188, 300, 339, 92, 411, 358, 403, 265, 76, 116, 348, 448, 163, 333, 282, 289, 195, 99, 64, 332, 63, 137, 199, 269, 71, 141, 405, 35, 354, 9, 273, 239, 132, 369, 208, 287, 226, 225, 178, 446, 251, 242, 437, 43, 209, 162, 7, 134, 155, 78, 362, 310, 244, 130, 386, 312, 44, 160, 473, 124, 125, 347, 427, 144, 340, 396, 463, 270, 461, 284, 110, 20, 127, 453, 53, 431, 196, 410, 96, 118, 288, 433, 170, 161, 294, 81, 48, 21, 336, 320, 186, 329, 371, 360, 197, 460, 408, 367, 11, 263, 6, 117, 302, 426, 168, 34, 283, 165, 286, 15, 459, 267, 230, 275, 298, 387, 271, 447, 66, 56, 450, 224, 254, 173, 307, 350, 430, 25, 200, 428, 143, 88, 203, 376, 277, 37, 311, 65, 471, 212, 444, 399, 414, 84, 138, 440, 349, 409, 145, 54, 213, 407, 252, 390, 317, 257, 47, 377, 214, 121, 109, 345, 27, 157, 384, 292, 421, 290, 465, 123, 104, 365, 392, 231, 22, 69, 128, 102, 458, 205, 74, 397, 166, 432, 3, 375, 158, 342, 415, 378, 406, 17, 179, 177, 468, 306, 417, 259, 19, 222, 388, 216, 12, 60, 439, 326, 381, 70, 469, 395, 26, 112, 281, 321, 184, 28, 86, 187, 236, 95, 29, 46, 315, 182, 370, 164, 412, 374, 23, 41, 114, 304, 366]
index list energy: 66080029.53304707Done

iterations:10000, temp:1000000.0, exponent:0.9, eif:300.0
time taken (sec): 24.626600980758667
number of iterations: 10000
final temperature: 159.26791088519815og index list: [360, 301, 363, 97, 103, 215, 50, 55, 400, 424, 62, 378, 467, 376, 28, 328, 343, 466, 39, 219, 240, 10, 430, 341, 202, 331, 147, 333, 235, 371, 63, 94, 335, 465, 99, 417, 295, 308, 171, 347, 115, 403, 370, 126, 96, 330, 100, 455, 297, 56, 374, 411, 225, 179, 422, 298, 21, 338, 64, 200, 139, 319, 359, 123, 334, 156, 437, 320, 175, 468, 293, 16, 210, 352, 346, 49, 259, 104, 266, 132, 127, 164, 12, 232, 54, 304, 291, 112, 410, 361, 459, 242, 429, 340, 105, 98, 243, 76, 414, 439, 194, 125, 95, 46, 136, 264, 252, 421, 113, 449, 307, 35, 306, 452, 88, 157, 52, 385, 294, 221, 292, 303, 386, 191, 227, 425, 408, 60, 72, 281, 290, 312, 57, 18, 196, 170, 9, 463, 83, 224, 1, 364, 402, 111, 337, 404, 165, 218, 44, 182, 23, 233, 448, 367, 418, 82, 161, 198, 377, 163, 268, 270, 454, 305, 0, 48, 314, 399, 17, 192, 406, 405, 438, 299, 435, 201, 231, 190, 384, 85, 205, 195, 234, 420, 247, 397, 206, 102, 109, 187, 26, 230, 30, 283, 211, 391, 86, 321, 148, 31, 42, 269, 11, 4, 114, 208, 58, 93, 323, 358, 282, 263, 61, 70, 128, 311, 456, 79, 228, 5, 447, 462, 336, 322, 443, 183, 77, 445, 300, 460, 92, 173, 433, 193, 181, 162, 203, 158, 366, 149, 380, 250, 178, 24, 251, 135, 339, 309, 285, 271, 19, 65, 47, 7, 130, 27, 172, 141, 75, 272, 2, 329, 350, 90, 409, 345, 365, 137, 369, 412, 8, 84, 258, 248, 472, 207, 153, 396, 74, 185, 316, 238, 189, 265, 381, 318, 15, 357, 41, 180, 174, 310, 106, 253, 71, 473, 91, 450, 446, 432, 34, 119, 37, 66, 145, 382, 22, 108, 78, 20, 236, 276, 413, 216, 444, 222, 401, 260, 388, 278, 440, 327, 373, 461, 121, 110, 277, 155, 423, 146, 197, 59, 255, 279, 325, 67, 419, 117, 427, 392, 177, 120, 362, 324, 101, 81, 209, 116, 372, 353, 354, 273, 287, 280, 138, 267, 14, 87, 166, 431, 133, 13, 286, 464, 398, 262, 36, 29, 43, 160, 245, 25, 451, 33, 296, 274, 344, 249, 237, 129, 223, 394, 356, 144, 154, 176, 326, 368, 387, 168, 3, 239, 159, 118, 332, 199, 140, 45, 241, 69, 53, 389, 434, 395, 349, 317, 458, 441, 474, 342, 68, 257, 246, 284, 124, 288, 289, 229, 436, 442, 40, 32, 220, 393, 428, 186, 80, 213, 302, 390, 457, 313, 107, 453, 261, 151, 212, 416, 383, 244, 379, 469, 143, 471, 348, 167, 275, 351, 254, 204, 169, 315, 6, 470, 131, 256, 51, 152, 407, 226, 89, 134, 38, 355, 184, 375, 214, 142, 426, 188, 122, 150, 73, 415, 217]
og index list energy: 390685425.77092206
index list: [171, 363, 351, 226, 175, 124, 118, 184, 104, 37, 101, 300, 269, 22, 153, 278, 91, 379, 261, 238, 292, 394, 223, 324, 467, 208, 400, 378, 267, 472, 295, 127, 151, 328, 47, 325, 34, 19, 417, 63, 312, 281, 176, 132, 460, 364, 110, 275, 85, 89, 172, 339, 98, 108, 174, 335, 79, 277, 141, 415, 140, 185, 189, 302, 131, 115, 164, 457, 100, 444, 123, 470, 52, 347, 285, 180, 8, 54, 169, 452, 395, 283, 435, 136, 159, 17, 439, 105, 186, 330, 74, 331, 309, 198, 32, 445, 212, 410, 361, 58, 314, 293, 14, 264, 427, 307, 453, 1, 315, 437, 245, 42, 252, 416, 48, 442, 207, 117, 166, 385, 259, 348, 311, 290, 232, 102, 434, 398, 365, 326, 368, 370, 93, 376, 344, 150, 340, 327, 45, 178, 61, 359, 447, 114, 95, 287, 29, 349, 144, 129, 75, 305, 373, 187, 338, 473, 3, 366, 390, 282, 392, 96, 20, 308, 471, 214, 239, 397, 194, 256, 55, 179, 288, 83, 190, 36, 279, 429, 202, 225, 243, 286, 289, 40, 219, 333, 436, 231, 422, 183, 438, 27, 213, 260, 103, 51, 97, 235, 316, 2, 222, 209, 334, 145, 230, 99, 298, 313, 112, 352, 383, 254, 357, 121, 69, 401, 59, 414, 266, 448, 163, 4, 126, 321, 31, 24, 6, 218, 7, 160, 46, 374, 43, 33, 450, 125, 155, 94, 65, 0, 12, 90, 177, 354, 449, 249, 13, 461, 362, 263, 353, 468, 229, 318, 388, 86, 291, 469, 294, 355, 21, 143, 372, 459, 70, 458, 380, 382, 404, 319, 154, 220, 44, 134, 358, 87, 304, 425, 82, 399, 72, 342, 406, 280, 332, 60, 253, 128, 456, 215, 122, 377, 381, 158, 204, 56, 250, 274, 66, 367, 247, 317, 246, 71, 431, 30, 133, 446, 346, 299, 455, 360, 64, 409, 78, 38, 10, 191, 337, 270, 9, 306, 23, 413, 167, 428, 139, 181, 423, 147, 116, 371, 284, 272, 310, 465, 41, 107, 188, 241, 393, 464, 237, 336, 391, 120, 443, 15, 130, 39, 426, 195, 412, 240, 433, 142, 369, 77, 138, 35, 216, 76, 297, 88, 5, 192, 440, 268, 68, 329, 405, 343, 135, 205, 424, 199, 420, 257, 356, 411, 217, 430, 206, 157, 182, 462, 244, 419, 303, 197, 236, 11, 109, 402, 320, 53, 421, 271, 119, 18, 296, 384, 224, 25, 67, 156, 341, 463, 161, 203, 84, 210, 81, 200, 301, 50, 441, 387, 26, 242, 28, 466, 255, 196, 137, 407, 265, 251, 62, 80, 201, 165, 386, 146, 16, 221, 389, 276, 111, 396, 451, 262, 474, 149, 73, 152, 248, 227, 323, 345, 322, 375, 148, 258, 113, 234, 92, 432, 162, 211, 233, 49, 273, 170, 57, 403, 228, 454, 168, 350, 418, 408, 106, 193, 173]
index list energy: 73355782.59678295Done

iterations:10000, temp:1000000.0, exponent:0.9, eif:300.0
time taken (sec): 24.40311288833618
number of iterations: 10000
final temperature: 159.26791088519815og index list: [392, 111, 56, 353, 123, 71, 393, 148, 386, 157, 165, 382, 190, 274, 122, 72, 9, 417, 140, 265, 248, 326, 301, 185, 47, 390, 453, 68, 45, 18, 89, 298, 13, 370, 300, 39, 350, 410, 450, 228, 142, 258, 6, 212, 172, 22, 170, 107, 473, 267, 128, 208, 377, 218, 428, 396, 356, 434, 357, 376, 447, 363, 455, 247, 150, 210, 25, 177, 266, 305, 0, 96, 126, 349, 452, 328, 8, 260, 34, 316, 330, 26, 106, 385, 114, 90, 38, 93, 51, 358, 85, 189, 454, 469, 341, 372, 183, 339, 201, 171, 426, 194, 397, 292, 14, 332, 147, 98, 27, 151, 33, 423, 366, 168, 125, 74, 61, 379, 437, 255, 226, 69, 118, 424, 127, 380, 457, 180, 167, 407, 394, 86, 404, 413, 109, 436, 223, 464, 337, 4, 206, 320, 78, 281, 249, 435, 338, 94, 121, 58, 87, 411, 166, 29, 381, 44, 80, 264, 233, 100, 348, 405, 3, 200, 237, 408, 293, 286, 203, 427, 418, 391, 197, 161, 345, 474, 184, 296, 202, 415, 221, 160, 463, 186, 378, 236, 285, 82, 244, 250, 412, 188, 303, 113, 335, 95, 323, 283, 181, 209, 421, 288, 162, 182, 308, 65, 311, 461, 159, 275, 252, 259, 388, 439, 115, 324, 143, 416, 425, 220, 175, 134, 307, 333, 440, 238, 225, 368, 271, 232, 88, 59, 360, 299, 365, 105, 304, 278, 155, 195, 130, 272, 75, 448, 253, 67, 315, 83, 321, 35, 468, 138, 334, 449, 163, 10, 43, 108, 119, 7, 124, 401, 49, 178, 103, 99, 53, 11, 314, 215, 317, 139, 414, 395, 28, 15, 92, 55, 174, 280, 354, 419, 369, 235, 346, 144, 191, 290, 129, 216, 158, 383, 50, 327, 441, 30, 149, 273, 192, 284, 361, 120, 340, 442, 66, 460, 41, 231, 306, 207, 152, 23, 164, 217, 471, 430, 291, 79, 458, 279, 246, 141, 176, 37, 193, 211, 54, 133, 261, 309, 462, 295, 313, 422, 199, 62, 438, 21, 312, 102, 222, 241, 373, 136, 467, 331, 1, 289, 276, 402, 5, 101, 318, 329, 445, 32, 112, 352, 371, 245, 270, 52, 64, 48, 251, 24, 257, 213, 433, 135, 76, 269, 420, 63, 367, 459, 406, 465, 398, 444, 242, 230, 325, 347, 243, 46, 310, 240, 31, 319, 472, 36, 2, 355, 204, 429, 229, 110, 399, 256, 282, 198, 132, 137, 196, 156, 16, 40, 57, 451, 389, 104, 446, 117, 384, 77, 173, 179, 73, 456, 466, 302, 400, 387, 60, 84, 81, 187, 362, 403, 97, 227, 234, 154, 224, 342, 294, 19, 351, 364, 20, 12, 145, 431, 169, 17, 70, 214, 375, 277, 374, 443, 219, 432, 262, 205, 239, 254, 409, 322, 359, 91, 343, 153, 470, 344, 287, 336, 146, 297, 263, 131, 268, 42, 116]
og index list energy: 395672979.1110659
index list: [132, 176, 204, 183, 406, 389, 236, 294, 472, 299, 302, 60, 209, 414, 283, 450, 114, 130, 31, 469, 27, 321, 350, 460, 159, 363, 177, 274, 267, 15, 354, 418, 104, 425, 155, 91, 166, 196, 459, 152, 455, 337, 146, 90, 265, 1, 17, 0, 366, 448, 398, 7, 61, 199, 344, 79, 201, 227, 435, 212, 317, 157, 10, 426, 169, 407, 92, 252, 156, 57, 230, 108, 80, 248, 395, 456, 67, 18, 382, 333, 318, 139, 140, 390, 401, 211, 330, 50, 361, 369, 370, 359, 373, 4, 33, 467, 226, 186, 149, 194, 295, 257, 254, 437, 192, 397, 271, 400, 182, 313, 353, 253, 377, 125, 288, 128, 11, 78, 399, 131, 446, 62, 224, 403, 26, 6, 137, 464, 392, 378, 36, 43, 101, 42, 408, 325, 259, 285, 247, 404, 355, 228, 24, 303, 148, 109, 74, 241, 34, 218, 261, 63, 251, 338, 163, 85, 312, 66, 122, 21, 207, 323, 306, 237, 340, 127, 162, 269, 433, 311, 189, 364, 83, 223, 298, 190, 296, 178, 179, 154, 76, 231, 336, 474, 281, 405, 423, 129, 374, 430, 168, 41, 235, 262, 98, 365, 37, 416, 187, 59, 449, 342, 410, 3, 255, 372, 345, 46, 232, 458, 115, 429, 55, 309, 161, 172, 110, 86, 173, 348, 103, 347, 453, 329, 206, 352, 205, 461, 87, 239, 32, 16, 385, 221, 451, 279, 249, 266, 428, 381, 341, 208, 328, 331, 417, 278, 386, 310, 393, 314, 324, 468, 335, 13, 315, 77, 40, 23, 38, 97, 217, 473, 327, 264, 471, 402, 133, 124, 210, 246, 136, 394, 106, 375, 431, 304, 12, 351, 88, 258, 175, 319, 160, 470, 180, 452, 69, 356, 409, 346, 153, 322, 123, 422, 143, 275, 126, 439, 200, 427, 99, 52, 438, 95, 376, 419, 118, 293, 289, 117, 420, 256, 432, 282, 112, 119, 443, 191, 220, 138, 465, 301, 413, 188, 170, 64, 164, 167, 158, 280, 70, 28, 454, 184, 273, 308, 234, 113, 440, 96, 65, 145, 144, 229, 73, 286, 222, 371, 349, 107, 68, 270, 277, 284, 358, 240, 379, 334, 291, 51, 388, 260, 84, 424, 93, 197, 268, 396, 19, 307, 72, 297, 195, 462, 58, 75, 343, 135, 441, 56, 233, 272, 290, 457, 300, 203, 29, 362, 100, 111, 22, 387, 30, 142, 44, 436, 245, 150, 305, 225, 102, 411, 250, 193, 54, 215, 198, 391, 339, 360, 2, 415, 134, 242, 445, 287, 47, 94, 185, 25, 202, 216, 71, 14, 357, 412, 174, 165, 214, 53, 82, 466, 171, 120, 316, 116, 121, 151, 384, 263, 243, 367, 326, 434, 380, 20, 292, 8, 9, 141, 213, 181, 147, 332, 219, 276, 5, 35, 48, 81, 463, 89, 421, 238, 442, 383, 39, 320, 244, 49, 45, 444, 368, 447, 105]
index list energy: 67794886.23204881Done

iterations:10000, temp:1000000.0, exponent:0.9, eif:300.0
time taken (sec): 22.808260917663574
number of iterations: 10000
final temperature: 159.26791088519815og index list: [106, 209, 380, 344, 457, 150, 229, 213, 444, 399, 224, 303, 419, 462, 56, 199, 151, 438, 96, 195, 85, 174, 319, 125, 37, 264, 180, 354, 429, 215, 74, 471, 273, 361, 234, 309, 23, 241, 392, 175, 322, 456, 258, 86, 79, 381, 398, 119, 100, 276, 297, 5, 41, 453, 110, 68, 252, 91, 204, 214, 76, 141, 351, 43, 135, 123, 292, 171, 173, 63, 447, 108, 311, 25, 39, 267, 336, 294, 231, 162, 328, 168, 59, 233, 345, 24, 133, 71, 185, 103, 256, 194, 90, 95, 378, 259, 310, 212, 116, 16, 20, 207, 118, 321, 149, 394, 420, 396, 405, 291, 466, 305, 7, 101, 160, 277, 154, 412, 288, 289, 134, 138, 284, 228, 4, 349, 261, 427, 448, 155, 147, 188, 269, 340, 102, 60, 359, 463, 93, 306, 414, 177, 347, 450, 77, 459, 176, 245, 473, 239, 45, 19, 270, 372, 137, 363, 22, 335, 338, 197, 329, 451, 474, 159, 167, 318, 426, 315, 377, 6, 470, 184, 183, 408, 298, 468, 287, 193, 402, 35, 31, 51, 320, 220, 263, 66, 203, 249, 36, 464, 54, 216, 253, 17, 376, 89, 290, 142, 29, 369, 140, 113, 432, 178, 390, 431, 251, 428, 272, 364, 221, 163, 355, 404, 370, 73, 144, 210, 460, 0, 465, 230, 255, 454, 153, 271, 352, 400, 172, 357, 38, 14, 286, 416, 411, 472, 295, 115, 84, 152, 46, 169, 127, 417, 385, 117, 274, 94, 206, 42, 278, 70, 346, 128, 281, 164, 327, 88, 374, 107, 389, 158, 10, 283, 232, 131, 313, 285, 443, 218, 358, 458, 373, 12, 461, 126, 200, 279, 191, 341, 57, 97, 434, 124, 225, 469, 314, 415, 146, 330, 201, 65, 437, 104, 181, 166, 75, 34, 222, 235, 190, 293, 21, 121, 122, 129, 262, 112, 219, 32, 275, 53, 52, 312, 268, 50, 348, 296, 425, 441, 435, 367, 111, 48, 237, 332, 186, 3, 187, 353, 391, 418, 198, 33, 13, 393, 449, 130, 55, 227, 439, 304, 301, 62, 360, 83, 105, 81, 99, 395, 387, 316, 244, 72, 240, 350, 337, 452, 365, 98, 1, 9, 61, 243, 136, 424, 382, 202, 161, 246, 217, 339, 375, 445, 260, 196, 28, 343, 247, 430, 2, 433, 139, 467, 114, 208, 254, 282, 145, 379, 300, 436, 80, 383, 280, 362, 422, 421, 356, 409, 236, 308, 442, 58, 401, 366, 143, 27, 242, 323, 69, 189, 333, 413, 170, 302, 317, 64, 148, 325, 455, 11, 307, 238, 407, 44, 257, 368, 47, 40, 403, 324, 266, 326, 386, 67, 109, 156, 179, 446, 334, 82, 265, 87, 165, 248, 299, 182, 8, 397, 410, 223, 440, 211, 78, 15, 388, 30, 384, 26, 205, 342, 132, 226, 331, 18, 120, 157, 250, 423, 371, 192, 49, 92, 406]
og index list energy: 399809766.1352792
index list: [1, 223, 76, 73, 175, 370, 86, 332, 349, 428, 60, 290, 166, 79, 441, 92, 243, 361, 372, 63, 65, 85, 425, 264, 84, 2, 259, 156, 66, 420, 121, 471, 301, 470, 267, 429, 216, 444, 182, 307, 251, 48, 366, 426, 61, 160, 468, 270, 411, 153, 165, 51, 205, 164, 0, 320, 181, 446, 52, 39, 281, 187, 392, 117, 274, 59, 434, 233, 336, 255, 212, 344, 95, 266, 13, 319, 389, 303, 78, 49, 81, 189, 383, 135, 171, 268, 465, 191, 467, 102, 133, 100, 440, 207, 257, 145, 201, 395, 459, 196, 357, 120, 198, 211, 450, 244, 472, 169, 385, 412, 293, 75, 296, 69, 394, 8, 371, 239, 202, 224, 315, 456, 19, 388, 287, 188, 152, 38, 227, 91, 360, 112, 326, 359, 448, 190, 321, 222, 265, 148, 106, 253, 316, 17, 262, 237, 302, 131, 347, 129, 72, 41, 381, 416, 40, 54, 177, 21, 413, 280, 462, 314, 23, 74, 170, 88, 50, 324, 343, 162, 338, 345, 317, 180, 294, 246, 283, 273, 335, 284, 289, 204, 161, 365, 330, 291, 455, 143, 418, 286, 410, 358, 194, 402, 309, 158, 351, 263, 311, 346, 458, 99, 16, 355, 433, 34, 15, 98, 427, 373, 10, 374, 231, 47, 261, 230, 432, 172, 64, 236, 35, 313, 174, 282, 369, 134, 115, 208, 142, 375, 4, 380, 183, 87, 12, 327, 367, 218, 306, 6, 146, 173, 431, 45, 249, 70, 33, 139, 18, 245, 58, 159, 391, 30, 101, 248, 435, 55, 184, 32, 295, 379, 141, 298, 53, 137, 288, 77, 354, 140, 154, 213, 439, 250, 271, 93, 393, 29, 105, 304, 97, 114, 457, 62, 334, 168, 130, 308, 312, 445, 185, 96, 82, 382, 378, 118, 386, 463, 167, 452, 339, 125, 430, 210, 136, 144, 409, 221, 225, 340, 415, 292, 127, 272, 405, 3, 421, 333, 107, 116, 398, 328, 155, 407, 11, 438, 299, 24, 57, 192, 119, 443, 186, 473, 195, 325, 364, 111, 242, 123, 404, 403, 46, 422, 25, 461, 368, 464, 110, 31, 241, 150, 474, 219, 449, 132, 27, 228, 300, 109, 234, 80, 238, 214, 138, 352, 5, 348, 396, 399, 209, 197, 275, 384, 437, 279, 26, 37, 36, 122, 90, 285, 305, 454, 377, 453, 310, 417, 390, 376, 28, 215, 424, 256, 436, 163, 108, 350, 408, 179, 178, 329, 277, 199, 9, 401, 44, 240, 220, 363, 460, 71, 469, 151, 356, 149, 323, 387, 128, 342, 113, 126, 260, 14, 414, 200, 193, 229, 341, 337, 203, 235, 318, 269, 247, 451, 7, 89, 22, 297, 397, 226, 104, 276, 423, 43, 419, 206, 103, 252, 254, 83, 20, 124, 278, 447, 406, 67, 400, 466, 362, 258, 68, 331, 176, 56, 353, 157, 147, 94, 322, 232, 42, 217, 442]
index list energy: 61763619.78968215Done

