2289880.862153761
2613536.3357350207
1892314.8075165
2421465.033554232
3944817.824069343
1929863.8470959656
6530041.7997337235
2476570.0565449633
2112807.2303388366
1662946.5397008879
2813890.9387042946
2393829.7421457325
1994291.0097223462
4053509.714120181
3115988.9551337324
2097908.829948585
3152120.3970018816
1626682.142033309
2561765.487855295
2232172.7471192917
2599348.02467354
2320597.190547342
2108692.0391020505
4005418.937735213
2598763.5644282475
4702562.456645787
2163631.66745091
3646665.7587241614
2755328.074847188
2381961.1061491114
2080091.7816669452
7305140.864494891
2858272.5464426945
2900742.4472925602
2496544.179191731
3025990.517700563
3633248.865543244
2071389.0133459577
1858650.148484684
1984273.5219751538
2199678.6380447345
2464039.455531674
1474334.8515990023
2772082.8887957823
1511442.9629725798
2455002.249672131
2585699.261229855
2832380.4151819083
2349214.6495938944
2047093.1725566892
2927326.2040403066
14945175.877784036
8051904.124768578
2212105.5803069603
3087146.7962515387
2338433.91022365
2578855.669847425
2630471.560740523
3327238.68135829
5163699.881665177
2568597.2449098933
2052778.3922152922
2018422.409630764
2604051.0549263265
2436601.097058978
2964850.5903776917
2796041.2049257797
7438758.277369664
2016562.0876962615
3200882.6979276813
2132402.265585513
1823874.338769038
2439571.3021871755
2045995.4634904857
5692188.472059251
2346481.9446347677
3950775.056998915
2406197.8690957534
2081614.6371694547
2684538.3606212786
2955956.802950916
1596592.2229723232
2143358.502955811
3285435.8861113745
1967007.881658489
6642476.836838113
3562396.223246283
2112025.512068217
4640772.199508947
2252867.2151851095
2942091.6931399624
2249507.4921032437
2045427.1832833015
2022581.1285517062
2319155.6699473965
2093437.4903244348
2490582.746830997
1615151.6723762648
2266233.7661517314
2134997.602867673
2520309.9901031973
