iterations:10000000, temp:1000000.0, exponent:0.7, eif:200.0
time taken (sec): 53056.63747096062
og index list: [64, 52, 66, 48, 76, 69, 47, 73, 15, 78, 63, 1, 46, 5, 13, 58, 16, 75, 8, 29, 38, 0, 74, 30, 12, 17, 24, 7, 27, 60, 10, 11, 42, 26, 36, 45, 20, 35, 44, 55, 37, 6, 41, 40, 53, 4, 2, 68, 79, 72, 61, 71, 54, 34, 67, 21, 62, 9, 56, 39, 43, 18, 70, 32, 57, 65, 49, 14, 25, 50, 59, 33, 77, 51, 22, 23, 3, 28, 19, 31]
index list: [63, 64, 12, 13, 32, 25, 26, 27, 30, 31, 19, 68, 24, 50, 51, 10, 11, 57, 39, 4, 5, 3, 60, 61, 62, 69, 59, 0, 73, 77, 67, 74, 72, 6, 7, 8, 79, 44, 45, 36, 37, 38, 47, 58, 75, 28, 29, 49, 42, 70, 71, 20, 21, 76, 43, 9, 52, 53, 54, 55, 56, 66, 17, 18, 46, 48, 34, 35, 78, 33, 22, 23, 14, 15, 1, 2, 16, 40, 41, 65]
Done

iterations:10000000, temp:1000000.0, exponent:0.7, eif:200.0
time taken (sec): 52346.51874375343
og index list: [65, 67, 8, 39, 2, 60, 18, 40, 58, 51, 19, 21, 46, 13, 48, 49, 28, 24, 37, 74, 38, 61, 32, 68, 31, 75, 30, 59, 43, 53, 20, 79, 56, 10, 9, 16, 5, 34, 57, 22, 36, 45, 70, 52, 25, 4, 41, 42, 1, 72, 47, 62, 6, 12, 29, 15, 73, 66, 3, 23, 54, 17, 76, 44, 69, 55, 71, 77, 7, 78, 14, 64, 11, 26, 63, 0, 33, 27, 50, 35]
index list: [72, 1, 2, 46, 47, 50, 69, 17, 18, 41, 65, 66, 51, 38, 39, 4, 68, 53, 16, 25, 5, 6, 24, 79, 43, 3, 20, 21, 22, 23, 59, 26, 76, 27, 28, 29, 30, 31, 19, 49, 42, 33, 78, 67, 0, 73, 40, 58, 77, 70, 71, 60, 61, 34, 35, 54, 64, 57, 48, 55, 56, 75, 37, 52, 14, 15, 36, 62, 63, 74, 7, 8, 9, 10, 11, 12, 13, 44, 45, 32]
Done

iterations:10000000, temp:1000000.0, exponent:0.7, eif:200.0
time taken (sec): 54411.901463508606
og index list: [0, 41, 11, 1, 20, 73, 9, 67, 7, 37, 45, 44, 77, 36, 10, 76, 6, 71, 68, 50, 8, 75, 30, 33, 64, 27, 53, 4, 25, 23, 51, 43, 5, 72, 70, 56, 79, 66, 47, 3, 17, 58, 61, 62, 21, 13, 29, 52, 14, 60, 34, 57, 59, 39, 54, 16, 49, 35, 63, 69, 2, 48, 18, 42, 31, 40, 19, 26, 78, 32, 38, 15, 46, 28, 65, 22, 55, 74, 24, 12]
index list: [70, 65, 66, 67, 68, 24, 25, 26, 27, 30, 31, 77, 14, 15, 74, 17, 18, 41, 71, 4, 5, 3, 60, 61, 76, 29, 28, 42, 33, 22, 23, 78, 72, 9, 10, 11, 21, 34, 35, 54, 55, 56, 57, 39, 40, 19, 49, 43, 44, 45, 36, 62, 63, 64, 1, 2, 16, 0, 48, 37, 52, 53, 51, 38, 47, 58, 75, 73, 79, 6, 7, 8, 50, 69, 59, 20, 12, 13, 46, 32]
Done

iterations:10000000, temp:1000000.0, exponent:0.7, eif:200.0
time taken (sec): 50302.50032663345
og index list: [31, 15, 42, 2, 35, 9, 61, 34, 21, 19, 66, 32, 12, 13, 64, 11, 41, 55, 65, 43, 30, 37, 76, 29, 8, 22, 71, 5, 69, 75, 17, 78, 16, 40, 0, 7, 26, 18, 6, 27, 36, 23, 58, 52, 39, 10, 24, 70, 72, 47, 49, 51, 38, 3, 33, 59, 68, 50, 79, 4, 57, 14, 46, 60, 1, 56, 74, 45, 73, 63, 44, 62, 20, 77, 53, 28, 25, 54, 48, 67]
index list: [43, 63, 55, 56, 57, 16, 76, 69, 70, 65, 66, 72, 73, 40, 6, 7, 8, 9, 10, 67, 26, 27, 30, 61, 62, 11, 79, 42, 33, 22, 23, 17, 18, 46, 19, 20, 21, 37, 38, 58, 74, 24, 25, 75, 59, 68, 53, 54, 64, 12, 13, 32, 77, 29, 0, 48, 34, 35, 36, 50, 51, 52, 14, 5, 47, 39, 49, 28, 78, 31, 44, 45, 3, 4, 15, 1, 2, 41, 71, 60]
Done

iterations:10000000, temp:1000000.0, exponent:0.7, eif:200.0
time taken (sec): 49628.66245055199
og index list: [42, 33, 11, 43, 52, 1, 74, 36, 40, 26, 46, 39, 54, 75, 50, 77, 51, 70, 53, 30, 47, 41, 28, 78, 25, 34, 2, 68, 56, 63, 48, 7, 27, 32, 61, 60, 66, 35, 13, 4, 19, 29, 64, 58, 5, 45, 76, 72, 73, 49, 18, 15, 59, 69, 10, 12, 38, 0, 17, 71, 65, 21, 16, 62, 6, 57, 55, 8, 31, 9, 24, 44, 22, 23, 37, 3, 79, 20, 14, 67]
index list: [54, 55, 56, 66, 67, 74, 59, 49, 70, 12, 13, 46, 47, 48, 37, 38, 39, 68, 69, 17, 18, 32, 57, 58, 75, 72, 1, 2, 77, 22, 23, 14, 5, 3, 20, 71, 60, 61, 62, 79, 29, 30, 31, 9, 10, 11, 25, 4, 26, 27, 28, 42, 33, 76, 43, 44, 45, 16, 78, 53, 36, 34, 35, 6, 7, 8, 63, 64, 21, 0, 73, 50, 51, 52, 24, 40, 19, 15, 41, 65]
Done

iterations:10000000, temp:1000000.0, exponent:0.7, eif:200.0
time taken (sec): 50506.40587878227
og index list: [38, 50, 43, 33, 48, 36, 4, 7, 12, 71, 37, 30, 31, 72, 52, 35, 16, 32, 63, 6, 46, 62, 41, 70, 26, 2, 45, 78, 14, 57, 22, 76, 5, 10, 73, 42, 55, 61, 9, 27, 75, 39, 24, 34, 40, 79, 29, 18, 54, 53, 19, 67, 28, 23, 3, 66, 60, 11, 68, 17, 64, 77, 74, 21, 20, 25, 8, 1, 65, 56, 59, 47, 13, 0, 49, 15, 58, 44, 69, 51]
index list: [39, 40, 36, 22, 23, 14, 76, 29, 28, 42, 59, 60, 61, 62, 51, 13, 32, 12, 52, 7, 8, 9, 10, 63, 78, 70, 75, 11, 74, 17, 0, 1, 2, 3, 68, 53, 54, 37, 38, 48, 55, 56, 25, 4, 5, 6, 24, 66, 67, 15, 46, 47, 58, 50, 69, 72, 73, 79, 33, 64, 65, 57, 41, 71, 20, 21, 34, 35, 77, 18, 16, 49, 43, 44, 45, 19, 26, 27, 30, 31]
Done

iterations:10000000, temp:1000000.0, exponent:0.7, eif:200.0
time taken (sec): 51888.09747624397
og index list: [24, 57, 62, 0, 22, 3, 5, 68, 50, 73, 29, 41, 42, 51, 55, 23, 31, 79, 15, 30, 2, 18, 71, 36, 10, 77, 11, 66, 48, 26, 74, 34, 64, 69, 60, 65, 78, 7, 13, 43, 33, 27, 1, 20, 58, 35, 53, 40, 32, 72, 61, 76, 14, 54, 45, 46, 67, 52, 19, 75, 63, 16, 38, 6, 4, 28, 8, 21, 9, 25, 39, 12, 49, 37, 70, 56, 59, 17, 47, 44]
index list: [56, 57, 44, 45, 3, 4, 15, 1, 2, 6, 7, 8, 69, 33, 64, 12, 13, 32, 49, 29, 28, 42, 43, 77, 67, 68, 14, 5, 9, 10, 11, 76, 16, 47, 39, 40, 36, 37, 38, 48, 34, 35, 19, 20, 21, 22, 23, 53, 54, 55, 50, 63, 75, 24, 25, 26, 27, 0, 58, 79, 59, 60, 61, 62, 51, 52, 70, 71, 78, 17, 18, 41, 65, 66, 72, 73, 74, 30, 31, 46]
Done

iterations:10000000, temp:1000000.0, exponent:0.7, eif:200.0
time taken (sec): 50526.95552420616
og index list: [26, 9, 69, 68, 20, 71, 50, 77, 62, 39, 59, 8, 42, 0, 49, 24, 27, 33, 73, 79, 2, 6, 5, 66, 12, 54, 1, 53, 36, 30, 67, 78, 65, 46, 19, 32, 18, 48, 76, 23, 60, 35, 38, 7, 22, 40, 47, 29, 74, 11, 17, 13, 63, 57, 14, 31, 70, 52, 45, 56, 3, 55, 16, 61, 51, 34, 37, 44, 43, 28, 64, 15, 21, 25, 75, 58, 72, 4, 41, 10]
index list: [36, 22, 23, 70, 65, 40, 6, 7, 8, 51, 52, 24, 66, 67, 68, 69, 17, 18, 3, 4, 74, 59, 5, 58, 79, 35, 41, 71, 26, 27, 28, 29, 30, 31, 32, 25, 60, 61, 62, 63, 37, 38, 39, 77, 42, 43, 44, 45, 16, 20, 21, 64, 49, 53, 54, 55, 56, 57, 48, 50, 75, 14, 15, 46, 47, 78, 33, 34, 76, 72, 1, 2, 9, 10, 11, 12, 13, 19, 0, 73]
Done

iterations:10000000, temp:1000000.0, exponent:0.7, eif:200.0
time taken (sec): 54486.83369779587
og index list: [43, 53, 44, 47, 21, 76, 67, 36, 63, 24, 61, 66, 9, 52, 64, 74, 65, 20, 40, 13, 5, 1, 18, 79, 48, 50, 58, 10, 15, 68, 7, 54, 3, 69, 32, 26, 38, 27, 75, 56, 37, 55, 62, 35, 60, 70, 71, 16, 59, 30, 2, 77, 12, 45, 42, 29, 51, 19, 57, 78, 22, 8, 25, 41, 33, 17, 0, 34, 14, 46, 4, 72, 11, 6, 28, 49, 73, 31, 39, 23]
index list: [72, 73, 50, 51, 65, 66, 67, 77, 59, 68, 53, 54, 64, 12, 13, 6, 7, 8, 69, 17, 18, 41, 71, 60, 75, 16, 40, 19, 26, 27, 28, 29, 30, 31, 32, 57, 48, 55, 56, 49, 22, 23, 24, 52, 14, 15, 3, 20, 74, 35, 36, 34, 61, 62, 63, 79, 42, 70, 21, 0, 1, 2, 44, 45, 46, 58, 76, 43, 78, 33, 37, 38, 47, 39, 4, 5, 9, 10, 11, 25]
Done

iterations:10000000, temp:1000000.0, exponent:0.7, eif:200.0
time taken (sec): 51282.80055475235
og index list: [37, 75, 78, 63, 60, 55, 26, 72, 39, 58, 22, 10, 76, 73, 61, 25, 29, 71, 20, 48, 50, 5, 47, 44, 56, 49, 67, 34, 19, 41, 59, 79, 13, 7, 18, 32, 8, 6, 66, 11, 70, 0, 14, 35, 42, 52, 27, 16, 57, 15, 31, 40, 36, 53, 4, 24, 30, 1, 65, 45, 64, 12, 46, 2, 51, 28, 62, 3, 9, 33, 74, 43, 23, 38, 69, 54, 68, 77, 17, 21]
index list: [33, 22, 23, 59, 20, 65, 66, 17, 18, 36, 34, 35, 9, 10, 51, 13, 19, 68, 69, 67, 26, 27, 30, 61, 62, 11, 25, 5, 77, 29, 49, 7, 8, 6, 24, 50, 63, 37, 38, 48, 75, 72, 73, 4, 15, 47, 39, 60, 31, 32, 12, 57, 58, 76, 55, 56, 52, 70, 21, 78, 28, 42, 43, 3, 40, 44, 54, 64, 74, 14, 0, 1, 2, 16, 79, 53, 45, 46, 41, 71]
Done

iterations:10000000, temp:1000000.0, exponent:0.7, eif:200.0
time taken (sec): 53512.85810804367
og index list: [4, 19, 7, 18, 46, 8, 53, 76, 50, 70, 38, 13, 55, 29, 72, 10, 42, 16, 66, 68, 3, 79, 5, 33, 26, 6, 36, 48, 43, 57, 73, 27, 35, 40, 47, 44, 59, 61, 24, 51, 20, 30, 14, 0, 9, 25, 15, 64, 78, 69, 1, 75, 60, 74, 49, 34, 2, 62, 17, 54, 28, 32, 41, 12, 37, 39, 23, 31, 58, 52, 71, 11, 56, 63, 45, 65, 77, 67, 22, 21]
index list: [72, 73, 40, 41, 65, 66, 67, 77, 53, 16, 20, 12, 13, 46, 39, 4, 68, 7, 8, 9, 57, 19, 60, 61, 62, 51, 10, 11, 21, 22, 23, 69, 59, 26, 27, 28, 74, 30, 31, 36, 55, 56, 52, 14, 5, 44, 45, 1, 2, 32, 25, 15, 54, 64, 48, 37, 38, 47, 58, 75, 17, 18, 49, 42, 43, 50, 63, 76, 70, 71, 0, 6, 24, 78, 29, 79, 33, 34, 35, 3]
Done

iterations:10000000, temp:1000000.0, exponent:0.7, eif:200.0
time taken (sec): 54361.972742795944
og index list: [22, 13, 11, 49, 70, 47, 27, 78, 24, 7, 58, 35, 46, 72, 39, 4, 73, 62, 15, 19, 43, 32, 52, 37, 38, 5, 56, 2, 41, 10, 57, 29, 23, 55, 3, 68, 42, 17, 71, 50, 30, 28, 34, 12, 79, 33, 18, 74, 75, 26, 1, 20, 63, 44, 61, 0, 69, 6, 53, 64, 25, 48, 66, 59, 14, 8, 65, 16, 31, 77, 60, 40, 67, 76, 45, 36, 21, 54, 51, 9]
index list: [43, 1, 2, 16, 40, 19, 26, 27, 28, 29, 23, 59, 15, 41, 71, 76, 38, 39, 20, 21, 55, 7, 8, 63, 22, 77, 60, 61, 62, 69, 42, 17, 18, 6, 24, 25, 49, 30, 31, 36, 34, 35, 9, 10, 51, 57, 47, 48, 37, 50, 11, 12, 75, 67, 5, 3, 68, 53, 54, 64, 65, 74, 33, 0, 73, 4, 79, 72, 58, 78, 52, 14, 56, 13, 46, 44, 45, 32, 66, 70]
Done

iterations:10000000, temp:1000000.0, exponent:0.7, eif:200.0
time taken (sec): 52186.24273633957
og index list: [2, 72, 26, 73, 47, 25, 60, 3, 79, 9, 37, 61, 34, 17, 38, 35, 65, 13, 68, 71, 75, 50, 18, 11, 64, 24, 20, 12, 43, 54, 1, 33, 5, 6, 70, 56, 44, 57, 55, 41, 15, 63, 62, 76, 31, 42, 21, 14, 45, 29, 77, 39, 78, 10, 28, 22, 23, 32, 19, 8, 49, 30, 27, 69, 16, 59, 4, 7, 51, 58, 48, 36, 46, 52, 67, 40, 0, 66, 74, 53]
index list: [69, 17, 18, 41, 71, 68, 59, 79, 42, 70, 76, 72, 73, 4, 5, 44, 45, 32, 57, 39, 40, 19, 20, 21, 22, 23, 24, 25, 26, 27, 28, 29, 30, 31, 16, 78, 33, 37, 38, 58, 74, 35, 9, 52, 14, 56, 13, 46, 1, 2, 3, 60, 61, 49, 43, 6, 7, 8, 36, 34, 75, 53, 54, 55, 0, 77, 48, 62, 63, 64, 65, 66, 67, 15, 47, 50, 51, 10, 11, 12]
Done

iterations:10000000, temp:1000000.0, exponent:0.7, eif:200.0
time taken (sec): 49798.86763381958
og index list: [5, 62, 75, 11, 40, 23, 33, 54, 9, 10, 17, 66, 59, 77, 14, 49, 70, 31, 55, 42, 72, 60, 34, 20, 27, 28, 58, 6, 0, 73, 48, 15, 43, 74, 45, 56, 44, 61, 29, 4, 37, 18, 25, 78, 52, 53, 35, 79, 63, 76, 7, 50, 51, 71, 57, 30, 12, 24, 8, 22, 47, 68, 65, 26, 36, 19, 21, 38, 64, 41, 69, 1, 3, 67, 46, 39, 16, 2, 32, 13]
index list: [62, 11, 77, 14, 5, 9, 10, 69, 33, 37, 38, 47, 39, 20, 78, 72, 73, 40, 3, 4, 15, 41, 71, 76, 27, 28, 70, 52, 59, 79, 67, 26, 49, 29, 30, 31, 36, 34, 35, 54, 22, 23, 53, 16, 25, 68, 7, 8, 6, 24, 12, 57, 48, 64, 50, 63, 55, 56, 21, 0, 1, 2, 51, 13, 19, 60, 61, 74, 58, 75, 42, 43, 44, 45, 46, 32, 65, 66, 17, 18]
Done

iterations:10000000, temp:1000000.0, exponent:0.7, eif:200.0
time taken (sec): 53553.383130550385
og index list: [26, 1, 37, 74, 75, 73, 52, 42, 6, 79, 15, 29, 0, 4, 24, 48, 62, 40, 50, 77, 36, 23, 30, 10, 64, 56, 41, 78, 72, 71, 43, 61, 65, 54, 66, 34, 27, 67, 12, 35, 21, 58, 39, 32, 44, 51, 14, 16, 20, 25, 33, 19, 45, 49, 8, 9, 31, 13, 47, 38, 5, 55, 3, 57, 2, 53, 7, 63, 76, 22, 11, 18, 17, 46, 59, 69, 68, 70, 28, 60]
index list: [21, 37, 38, 47, 39, 20, 50, 69, 72, 1, 2, 46, 73, 78, 42, 43, 44, 45, 6, 7, 8, 9, 10, 63, 22, 23, 24, 25, 26, 27, 28, 29, 30, 31, 51, 13, 36, 64, 65, 49, 59, 60, 76, 61, 62, 11, 12, 52, 14, 75, 70, 71, 77, 17, 18, 19, 68, 53, 54, 79, 33, 34, 35, 32, 0, 58, 74, 57, 48, 55, 56, 66, 67, 15, 16, 4, 5, 3, 40, 41]
Done

iterations:10000000, temp:1000000.0, exponent:0.7, eif:200.0
time taken (sec): 53058.97432231903
og index list: [60, 18, 66, 54, 34, 40, 57, 24, 70, 16, 73, 69, 77, 29, 0, 4, 50, 12, 17, 26, 62, 56, 44, 79, 22, 58, 38, 51, 41, 30, 52, 55, 39, 23, 37, 2, 47, 71, 25, 32, 20, 72, 49, 68, 21, 53, 42, 46, 63, 59, 19, 36, 45, 64, 9, 13, 75, 5, 67, 1, 43, 76, 10, 28, 6, 35, 31, 14, 74, 8, 61, 48, 11, 7, 15, 27, 3, 33, 65, 78]
index list: [59, 20, 13, 16, 40, 3, 4, 26, 77, 14, 56, 66, 72, 51, 10, 69, 42, 43, 49, 27, 28, 29, 30, 61, 62, 11, 12, 57, 73, 79, 67, 78, 5, 19, 68, 53, 54, 64, 65, 75, 47, 58, 0, 1, 2, 41, 71, 60, 31, 44, 45, 46, 48, 55, 76, 17, 18, 32, 21, 34, 35, 36, 37, 38, 39, 74, 33, 50, 63, 22, 23, 24, 25, 15, 6, 7, 8, 9, 52, 70]
Done

iterations:10000000, temp:1000000.0, exponent:0.7, eif:200.0
time taken (sec): 51866.62696433067
og index list: [0, 58, 75, 34, 36, 15, 31, 13, 64, 69, 48, 20, 11, 54, 35, 60, 5, 52, 12, 79, 57, 6, 3, 17, 16, 41, 33, 24, 23, 45, 42, 66, 72, 73, 47, 4, 59, 70, 32, 8, 37, 10, 67, 61, 63, 19, 27, 40, 43, 22, 7, 65, 56, 39, 53, 50, 51, 68, 77, 74, 21, 71, 1, 2, 18, 49, 62, 29, 14, 44, 76, 30, 26, 78, 9, 55, 46, 38, 25, 28]
index list: [46, 1, 2, 9, 52, 59, 15, 74, 42, 72, 47, 39, 4, 56, 66, 17, 18, 19, 68, 7, 8, 3, 20, 21, 22, 23, 69, 67, 26, 27, 28, 29, 30, 31, 16, 50, 63, 37, 38, 48, 34, 35, 6, 24, 40, 0, 73, 79, 10, 51, 25, 60, 61, 62, 11, 12, 13, 78, 33, 55, 53, 54, 77, 32, 57, 58, 76, 43, 36, 64, 65, 75, 70, 71, 49, 14, 5, 44, 45, 41]
Done

iterations:10000000, temp:1000000.0, exponent:0.7, eif:200.0
time taken (sec): 52074.67369198799
og index list: [13, 56, 71, 69, 35, 6, 53, 73, 67, 28, 4, 45, 79, 10, 43, 41, 51, 36, 68, 78, 15, 44, 33, 32, 27, 64, 24, 72, 34, 29, 74, 22, 20, 38, 30, 0, 23, 19, 25, 50, 11, 63, 42, 61, 60, 47, 5, 7, 37, 49, 17, 16, 75, 66, 62, 31, 21, 76, 58, 46, 9, 1, 18, 8, 57, 59, 39, 70, 65, 48, 2, 26, 52, 55, 12, 40, 77, 3, 54, 14]
index list: [45, 16, 21, 22, 23, 59, 5, 1, 2, 51, 77, 28, 33, 37, 38, 39, 40, 46, 6, 7, 8, 9, 10, 63, 76, 34, 35, 19, 26, 27, 79, 14, 68, 72, 73, 0, 48, 64, 65, 75, 70, 52, 24, 25, 4, 15, 32, 12, 13, 41, 71, 20, 78, 67, 74, 29, 30, 31, 36, 62, 69, 42, 43, 3, 60, 61, 49, 53, 54, 55, 56, 66, 17, 18, 44, 50, 11, 57, 47, 58]
Done

iterations:10000000, temp:1000000.0, exponent:0.7, eif:200.0
time taken (sec): 51220.34979224205
og index list: [75, 42, 35, 18, 9, 20, 22, 39, 33, 48, 72, 32, 17, 26, 78, 64, 71, 68, 23, 15, 31, 52, 5, 41, 16, 19, 45, 66, 49, 6, 73, 37, 29, 24, 1, 8, 14, 7, 47, 79, 65, 54, 13, 28, 69, 56, 58, 62, 50, 27, 4, 3, 67, 21, 63, 40, 0, 44, 12, 34, 77, 74, 55, 36, 25, 38, 2, 53, 11, 30, 51, 60, 57, 10, 76, 46, 43, 59, 61, 70]
index list: [54, 22, 23, 14, 5, 44, 74, 29, 30, 31, 9, 10, 63, 55, 56, 52, 70, 71, 68, 7, 8, 51, 57, 48, 62, 69, 72, 73, 4, 75, 39, 49, 35, 32, 12, 13, 36, 37, 38, 78, 67, 15, 19, 60, 77, 42, 43, 1, 2, 46, 47, 58, 76, 53, 45, 16, 25, 20, 21, 64, 65, 66, 59, 26, 27, 28, 33, 34, 61, 79, 17, 18, 41, 50, 11, 0, 6, 24, 40, 3]
Done

iterations:10000000, temp:1000000.0, exponent:0.7, eif:200.0
time taken (sec): 52700.193019390106
og index list: [0, 25, 79, 58, 3, 40, 10, 44, 4, 46, 52, 15, 41, 68, 47, 63, 7, 32, 69, 67, 5, 77, 38, 74, 51, 33, 27, 48, 70, 37, 50, 24, 61, 29, 19, 72, 20, 30, 66, 28, 45, 14, 71, 6, 49, 59, 8, 75, 11, 12, 43, 56, 65, 35, 2, 60, 22, 36, 16, 34, 31, 55, 62, 1, 23, 26, 53, 73, 76, 9, 13, 39, 54, 21, 78, 17, 42, 57, 18, 64]
index list: [10, 11, 12, 13, 47, 39, 26, 27, 30, 31, 54, 34, 76, 33, 22, 23, 24, 25, 5, 3, 4, 7, 8, 36, 37, 52, 59, 68, 67, 79, 70, 49, 9, 50, 51, 38, 48, 77, 53, 78, 35, 6, 14, 15, 32, 66, 17, 18, 1, 2, 46, 58, 74, 69, 42, 43, 16, 20, 21, 55, 56, 57, 73, 40, 19, 60, 61, 62, 63, 64, 65, 75, 29, 28, 72, 41, 71, 0, 44, 45]
Done

iterations:10000000, temp:1000000.0, exponent:0.7, eif:200.0
time taken (sec): 53602.87090229988
og index list: [14, 21, 63, 39, 29, 79, 2, 47, 26, 42, 22, 25, 41, 32, 24, 5, 11, 51, 49, 56, 45, 66, 65, 30, 3, 15, 71, 20, 36, 76, 61, 46, 1, 19, 0, 68, 4, 67, 12, 9, 55, 6, 43, 78, 60, 34, 35, 8, 44, 38, 69, 73, 50, 10, 17, 27, 59, 28, 33, 62, 54, 53, 70, 18, 52, 75, 74, 58, 77, 37, 7, 48, 40, 23, 13, 57, 16, 72, 64, 31]
index list: [31, 32, 12, 13, 41, 71, 68, 17, 18, 19, 79, 42, 72, 69, 43, 44, 45, 46, 3, 4, 15, 9, 10, 63, 22, 23, 24, 66, 67, 26, 74, 29, 30, 78, 27, 28, 33, 34, 35, 36, 64, 65, 52, 14, 5, 73, 77, 70, 21, 55, 56, 25, 49, 7, 8, 51, 40, 58, 75, 59, 60, 61, 62, 11, 50, 76, 54, 0, 48, 37, 38, 1, 2, 47, 39, 20, 57, 6, 53, 16]
Done

iterations:10000000, temp:1000000.0, exponent:0.7, eif:200.0
time taken (sec): 50613.862367630005
og index list: [41, 46, 16, 79, 67, 21, 18, 13, 2, 65, 15, 12, 1, 0, 73, 32, 56, 59, 66, 34, 57, 6, 69, 8, 43, 29, 19, 64, 78, 17, 49, 7, 9, 51, 36, 39, 50, 71, 55, 58, 60, 24, 45, 11, 4, 35, 61, 54, 26, 74, 31, 72, 52, 47, 75, 70, 22, 33, 37, 27, 38, 23, 3, 48, 42, 25, 20, 10, 53, 44, 77, 5, 62, 30, 68, 14, 63, 40, 76, 28]
index list: [55, 56, 13, 32, 12, 52, 14, 7, 75, 70, 50, 9, 10, 11, 49, 42, 43, 6, 24, 4, 5, 3, 40, 58, 76, 44, 45, 46, 73, 77, 72, 74, 8, 51, 57, 47, 48, 78, 53, 54, 37, 38, 39, 20, 65, 66, 67, 68, 69, 17, 18, 41, 21, 64, 71, 79, 29, 28, 33, 34, 61, 62, 63, 22, 23, 59, 60, 35, 36, 0, 1, 2, 19, 15, 16, 25, 26, 27, 30, 31]
Done

iterations:10000000, temp:1000000.0, exponent:0.7, eif:200.0
time taken (sec): 51185.23950958252
og index list: [72, 25, 64, 13, 68, 12, 48, 67, 26, 1, 75, 55, 17, 59, 66, 36, 8, 38, 6, 0, 46, 30, 24, 35, 51, 22, 29, 49, 11, 41, 10, 2, 50, 14, 65, 40, 52, 4, 58, 74, 3, 60, 39, 73, 32, 31, 57, 76, 45, 77, 9, 53, 27, 16, 33, 28, 18, 19, 78, 69, 15, 71, 23, 44, 70, 63, 5, 42, 56, 43, 54, 61, 62, 47, 34, 79, 20, 21, 7, 37]
index list: [59, 5, 58, 49, 42, 43, 3, 76, 16, 40, 19, 20, 21, 55, 56, 57, 41, 65, 66, 67, 68, 7, 8, 63, 22, 23, 69, 70, 74, 14, 26, 27, 30, 31, 32, 25, 60, 35, 44, 54, 37, 38, 39, 4, 15, 9, 10, 11, 12, 52, 53, 45, 36, 64, 71, 77, 29, 28, 33, 75, 17, 18, 78, 47, 48, 34, 61, 62, 79, 72, 1, 2, 51, 13, 46, 6, 24, 50, 0, 73]
Done

iterations:10000000, temp:1000000.0, exponent:0.7, eif:200.0
time taken (sec): 50139.037862062454
og index list: [52, 19, 70, 71, 8, 20, 11, 55, 62, 49, 14, 13, 10, 17, 34, 28, 37, 18, 73, 38, 12, 33, 64, 60, 57, 16, 4, 31, 63, 41, 5, 69, 2, 22, 30, 74, 50, 72, 23, 56, 75, 53, 65, 78, 46, 43, 6, 42, 51, 27, 36, 9, 59, 7, 39, 79, 54, 21, 26, 1, 25, 48, 77, 68, 66, 0, 61, 35, 47, 44, 32, 40, 45, 29, 3, 76, 15, 24, 67, 58]
index list: [14, 15, 36, 37, 38, 39, 75, 29, 30, 31, 32, 25, 26, 78, 27, 28, 72, 73, 66, 17, 18, 47, 48, 76, 67, 5, 3, 20, 77, 7, 8, 74, 42, 43, 6, 69, 33, 34, 35, 41, 21, 22, 23, 70, 71, 0, 1, 2, 9, 10, 63, 55, 79, 59, 50, 51, 52, 53, 54, 64, 65, 57, 44, 45, 46, 58, 49, 60, 61, 62, 11, 12, 13, 19, 68, 24, 40, 16, 4, 56]
Done



iterations:10000000, temp:1000000.0, exponent:0.7, eif:200.0
time taken (sec): 54583.0848338604
og index list: [58, 55, 29, 9, 24, 42, 51, 27, 76, 13, 6, 34, 60, 2, 11, 72, 75, 0, 63, 54, 35, 49, 3, 25, 53, 21, 47, 45, 65, 22, 12, 7, 61, 19, 40, 16, 79, 14, 17, 73, 32, 36, 74, 71, 31, 33, 48, 39, 77, 69, 1, 59, 67, 8, 44, 18, 78, 28, 30, 46, 38, 43, 68, 5, 66, 52, 50, 64, 57, 62, 15, 37, 20, 26, 41, 23, 4, 70, 56, 10]
index list: [42, 43, 48, 64, 49, 59, 26, 27, 28, 75, 72, 73, 50, 11, 12, 13, 32, 25, 68, 7, 8, 9, 10, 63, 22, 23, 70, 65, 66, 17, 18, 1, 2, 51, 52, 53, 74, 58, 0, 77, 67, 5, 46, 47, 39, 40, 19, 20, 21, 55, 76, 45, 36, 37, 38, 41, 71, 60, 61, 62, 69, 33, 78, 14, 15, 16, 79, 29, 30, 31, 3, 4, 56, 57, 44, 54, 34, 35, 6, 24]
Done

iterations:10000000, temp:1000000.0, exponent:0.7, eif:200.0
time taken (sec): 54800.86997818947
og index list: [58, 33, 39, 67, 61, 43, 69, 59, 49, 10, 62, 46, 26, 40, 0, 57, 77, 51, 48, 70, 12, 1, 64, 44, 65, 17, 28, 38, 32, 30, 13, 47, 53, 5, 8, 11, 60, 29, 27, 72, 24, 31, 35, 7, 20, 23, 21, 9, 63, 74, 37, 45, 73, 52, 75, 36, 34, 56, 54, 55, 3, 66, 41, 25, 68, 16, 42, 19, 71, 4, 78, 18, 2, 14, 79, 15, 50, 22, 6, 76]
index list: [43, 1, 2, 3, 77, 42, 72, 79, 68, 7, 8, 63, 55, 56, 50, 69, 17, 18, 41, 65, 66, 67, 75, 33, 22, 23, 24, 25, 26, 27, 28, 29, 30, 31, 6, 53, 54, 37, 38, 48, 62, 51, 52, 14, 5, 9, 10, 11, 12, 13, 19, 60, 61, 76, 35, 36, 64, 57, 58, 0, 73, 40, 16, 74, 59, 20, 21, 34, 78, 46, 47, 39, 4, 15, 44, 45, 32, 49, 70, 71]
Done

iterations:10000000, temp:1000000.0, exponent:0.7, eif:200.0
time taken (sec): 54063.34256887436
og index list: [4, 39, 3, 77, 59, 21, 74, 5, 49, 7, 65, 41, 40, 57, 75, 14, 78, 37, 16, 58, 27, 68, 50, 36, 19, 18, 66, 11, 70, 60, 76, 67, 55, 79, 45, 29, 30, 25, 34, 63, 9, 48, 47, 10, 61, 8, 46, 43, 64, 12, 38, 2, 28, 31, 42, 54, 35, 56, 26, 33, 44, 15, 69, 53, 24, 73, 72, 52, 20, 0, 1, 62, 22, 17, 23, 32, 6, 71, 13, 51]
index list: [14, 15, 51, 52, 70, 71, 68, 69, 72, 1, 2, 16, 25, 26, 27, 28, 0, 73, 49, 17, 18, 36, 34, 61, 62, 79, 59, 50, 63, 22, 23, 7, 8, 9, 10, 11, 21, 37, 38, 58, 77, 42, 43, 32, 12, 13, 19, 20, 75, 44, 45, 41, 78, 24, 40, 46, 6, 53, 54, 55, 56, 57, 39, 4, 5, 3, 60, 35, 76, 33, 74, 29, 30, 31, 47, 48, 64, 65, 66, 67]
Done

iterations:10000000, temp:1000000.0, exponent:0.7, eif:200.0
time taken (sec): 55732.76057243347
og index list: [32, 60, 70, 23, 75, 35, 25, 11, 12, 72, 9, 30, 5, 26, 69, 36, 65, 55, 41, 24, 57, 22, 59, 42, 74, 45, 73, 38, 10, 71, 58, 14, 16, 8, 17, 51, 67, 6, 39, 76, 34, 62, 46, 15, 28, 3, 20, 78, 2, 44, 31, 18, 68, 40, 13, 33, 27, 52, 64, 4, 63, 79, 0, 77, 61, 7, 66, 1, 49, 21, 48, 50, 19, 56, 47, 29, 53, 43, 54, 37]
index list: [43, 1, 2, 3, 4, 5, 6, 7, 8, 9, 10, 11, 12, 13, 41, 71, 68, 69, 14, 74, 29, 30, 31, 36, 22, 23, 24, 25, 26, 79, 42, 17, 18, 19, 15, 47, 48, 77, 67, 75, 37, 38, 39, 40, 58, 49, 27, 28, 33, 55, 56, 57, 76, 70, 50, 51, 52, 53, 54, 78, 59, 60, 35, 46, 16, 20, 21, 34, 61, 62, 63, 64, 65, 66, 72, 44, 45, 32, 0, 73]
Done


iterations:10000000, temp:1000000.0, exponent:0.7, eif:200.0
time taken (sec): 56261.85853075981
og index list: [24, 60, 26, 29, 75, 32, 74, 9, 23, 7, 27, 30, 22, 31, 51, 78, 25, 67, 11, 71, 50, 76, 66, 0, 6, 63, 48, 3, 45, 40, 55, 44, 68, 1, 17, 15, 72, 42, 28, 41, 56, 34, 37, 21, 46, 61, 69, 35, 65, 19, 47, 13, 64, 20, 62, 79, 53, 14, 52, 70, 77, 16, 18, 2, 12, 10, 38, 49, 5, 73, 33, 4, 36, 57, 59, 43, 39, 58, 8, 54]
index list: [33, 55, 56, 21, 34, 35, 6, 7, 8, 69, 70, 71, 20, 12, 52, 17, 18, 32, 77, 67, 68, 24, 50, 63, 22, 23, 14, 5, 3, 4, 26, 27, 75, 47, 39, 57, 48, 37, 38, 58, 0, 73, 40, 46, 1, 2, 16, 78, 28, 29, 74, 43, 36, 64, 65, 66, 59, 60, 61, 62, 51, 13, 49, 53, 45, 44, 54, 79, 30, 31, 19, 15, 9, 10, 11, 25, 76, 42, 72, 41]
Done

iterations:10000000, temp:1000000.0, exponent:0.7, eif:200.0
time taken (sec): 51910.764879226685
og index list: [40, 35, 67, 52, 33, 7, 38, 17, 68, 64, 43, 22, 0, 71, 60, 59, 42, 54, 55, 36, 37, 14, 72, 56, 39, 44, 51, 70, 6, 25, 49, 74, 15, 78, 45, 16, 23, 46, 57, 9, 13, 48, 73, 41, 69, 2, 75, 10, 5, 30, 12, 31, 61, 18, 58, 53, 76, 66, 29, 26, 4, 8, 77, 65, 32, 47, 79, 20, 24, 27, 62, 1, 34, 63, 50, 19, 28, 21, 3, 11]
index list: [14, 15, 41, 76, 24, 57, 6, 7, 8, 51, 52, 70, 71, 68, 53, 45, 32, 25, 26, 27, 28, 29, 30, 79, 17, 18, 16, 40, 36, 22, 23, 75, 72, 47, 39, 74, 33, 37, 38, 48, 34, 35, 19, 20, 12, 13, 46, 58, 49, 69, 59, 60, 61, 62, 11, 21, 55, 56, 77, 31, 1, 2, 3, 4, 5, 44, 54, 50, 63, 64, 65, 66, 67, 0, 73, 78, 42, 43, 9, 10]
Done

iterations:10000000, temp:1000000.0, exponent:0.7, eif:200.0
time taken (sec): 53853.25520277023
og index list: [63, 7, 72, 39, 74, 59, 25, 58, 26, 27, 20, 17, 5, 35, 15, 4, 23, 45, 41, 77, 3, 43, 46, 19, 34, 14, 40, 38, 62, 37, 47, 29, 78, 75, 71, 57, 13, 70, 48, 53, 61, 52, 0, 36, 73, 79, 44, 67, 55, 22, 8, 65, 66, 24, 30, 9, 2, 1, 21, 54, 6, 51, 33, 76, 56, 60, 28, 42, 68, 64, 32, 11, 16, 69, 10, 49, 18, 12, 50, 31]
index list: [42, 43, 9, 10, 11, 12, 52, 17, 18, 6, 53, 54, 22, 23, 59, 68, 7, 8, 69, 67, 5, 3, 60, 61, 74, 70, 65, 25, 26, 27, 28, 29, 30, 31, 32, 49, 33, 34, 35, 36, 37, 38, 39, 40, 16, 4, 15, 46, 58, 50, 63, 64, 21, 55, 77, 24, 66, 14, 75, 47, 48, 62, 51, 13, 19, 20, 78, 73, 79, 72, 1, 2, 44, 45, 0, 76, 56, 57, 41, 71]
Done

iterations:10000000, temp:1000000.0, exponent:0.7, eif:200.0
time taken (sec): 52781.642061948776
og index list: [71, 36, 64, 55, 12, 66, 41, 62, 58, 10, 47, 40, 24, 11, 50, 8, 4, 32, 7, 78, 2, 49, 63, 39, 68, 15, 13, 35, 22, 60, 61, 79, 1, 30, 19, 54, 25, 65, 57, 0, 31, 51, 43, 18, 48, 23, 9, 6, 5, 42, 56, 59, 74, 46, 38, 17, 69, 27, 73, 16, 33, 52, 28, 76, 3, 14, 34, 72, 70, 26, 29, 37, 45, 67, 75, 77, 53, 20, 44, 21]
index list: [43, 9, 10, 11, 79, 45, 3, 75, 42, 33, 22, 23, 24, 40, 32, 12, 13, 6, 53, 74, 1, 2, 46, 48, 77, 17, 18, 19, 26, 27, 28, 29, 30, 31, 16, 57, 58, 49, 14, 78, 72, 73, 4, 5, 47, 39, 20, 21, 34, 35, 0, 44, 54, 37, 38, 76, 7, 8, 36, 55, 56, 50, 51, 52, 59, 60, 61, 62, 63, 64, 65, 66, 67, 68, 69, 70, 71, 25, 15, 41]
Done



iterations:10000000, temp:1000000.0, exponent:0.7, eif:200.0
time taken (sec): 52120.15619850159
og index list: [25, 42, 62, 24, 47, 28, 61, 63, 9, 58, 17, 29, 20, 59, 54, 11, 19, 13, 48, 57, 52, 31, 32, 35, 70, 37, 71, 18, 38, 16, 53, 77, 27, 0, 73, 46, 68, 33, 22, 65, 50, 56, 8, 74, 66, 1, 23, 6, 75, 44, 7, 2, 55, 60, 41, 30, 40, 51, 21, 43, 39, 3, 4, 10, 78, 49, 67, 15, 69, 79, 14, 34, 72, 64, 12, 36, 45, 26, 5, 76]
index list: [73, 78, 33, 22, 23, 24, 75, 7, 8, 9, 10, 11, 77, 66, 59, 68, 69, 70, 71, 4, 15, 19, 60, 61, 62, 51, 52, 67, 26, 27, 28, 29, 30, 31, 1, 2, 36, 34, 35, 58, 76, 17, 18, 41, 65, 25, 49, 42, 43, 44, 45, 50, 63, 64, 79, 72, 3, 20, 21, 55, 56, 57, 16, 40, 6, 53, 54, 0, 74, 14, 5, 32, 12, 13, 46, 48, 37, 38, 47, 39]
Done

iterations:10000000, temp:1000000.0, exponent:0.7, eif:200.0
time taken (sec): 51543.11388373375
og index list: [40, 7, 42, 3, 57, 16, 8, 65, 43, 45, 49, 78, 59, 1, 39, 62, 48, 63, 22, 52, 55, 41, 76, 12, 72, 21, 66, 68, 9, 36, 46, 44, 30, 26, 75, 18, 70, 58, 50, 69, 53, 60, 47, 54, 0, 20, 34, 4, 32, 64, 17, 2, 14, 38, 71, 37, 15, 25, 11, 23, 28, 56, 19, 27, 10, 29, 13, 74, 6, 79, 33, 31, 24, 61, 67, 77, 73, 35, 5, 51]
index list: [21, 22, 23, 14, 26, 27, 28, 29, 30, 31, 32, 57, 46, 58, 79, 72, 73, 4, 50, 51, 13, 19, 60, 61, 62, 77, 59, 20, 74, 17, 18, 1, 2, 3, 0, 47, 48, 37, 78, 33, 34, 35, 41, 65, 66, 67, 68, 69, 42, 43, 44, 45, 36, 76, 38, 39, 40, 16, 49, 7, 8, 63, 55, 56, 52, 53, 54, 64, 75, 70, 71, 15, 6, 24, 25, 5, 9, 10, 11, 12]
Done

iterations:10000000, temp:1000000.0, exponent:0.7, eif:200.0
time taken (sec): 54313.166818618774
og index list: [77, 36, 73, 37, 42, 44, 5, 34, 51, 19, 63, 56, 20, 79, 28, 58, 41, 65, 76, 4, 75, 67, 74, 30, 69, 8, 16, 60, 59, 72, 53, 64, 50, 54, 13, 66, 10, 6, 47, 17, 49, 2, 70, 43, 71, 1, 52, 3, 39, 24, 57, 33, 21, 68, 38, 46, 32, 25, 22, 26, 62, 61, 15, 0, 11, 40, 55, 35, 9, 45, 78, 48, 31, 29, 12, 14, 7, 23, 18, 27]
index list: [43, 1, 2, 3, 26, 27, 28, 17, 18, 16, 50, 11, 12, 13, 32, 57, 6, 24, 66, 67, 5, 9, 10, 63, 22, 23, 14, 78, 59, 4, 68, 69, 53, 45, 19, 60, 61, 62, 0, 77, 72, 73, 40, 36, 64, 47, 39, 20, 21, 75, 33, 37, 79, 7, 8, 51, 38, 44, 54, 55, 56, 52, 49, 29, 30, 31, 48, 34, 76, 42, 70, 71, 25, 15, 46, 58, 74, 35, 41, 65]
Done

iterations:10000000, temp:1000000.0, exponent:0.7, eif:200.0
time taken (sec): 51878.760066747665
og index list: [26, 15, 72, 12, 13, 65, 17, 43, 70, 14, 1, 42, 63, 11, 48, 51, 53, 20, 57, 74, 52, 61, 71, 5, 54, 78, 0, 7, 33, 35, 8, 75, 41, 22, 56, 30, 6, 37, 29, 32, 79, 62, 64, 69, 21, 3, 23, 9, 55, 16, 45, 25, 36, 49, 39, 47, 68, 27, 34, 66, 18, 2, 58, 24, 77, 76, 10, 73, 46, 4, 50, 67, 19, 40, 60, 38, 31, 44, 28, 59]
index list: [43, 1, 2, 41, 65, 57, 39, 4, 5, 9, 10, 51, 52, 53, 45, 16, 68, 59, 26, 27, 28, 75, 47, 58, 50, 11, 25, 15, 54, 22, 23, 7, 8, 44, 49, 42, 33, 37, 38, 48, 0, 3, 40, 46, 19, 20, 12, 79, 29, 30, 31, 36, 34, 35, 6, 24, 66, 67, 78, 70, 71, 60, 61, 62, 63, 64, 21, 55, 76, 69, 17, 18, 32, 77, 72, 73, 74, 14, 56, 13]
Done


iterations:10000000, temp:1000000.0, exponent:0.7, eif:200.0
time taken (sec): 53077.49414896965
og index list: [3, 64, 58, 34, 70, 7, 79, 10, 59, 42, 50, 69, 22, 6, 74, 53, 78, 54, 31, 49, 68, 66, 2, 1, 39, 62, 28, 35, 26, 23, 37, 14, 67, 52, 47, 43, 61, 30, 46, 9, 16, 15, 19, 29, 12, 60, 41, 33, 71, 13, 24, 73, 40, 45, 27, 63, 48, 38, 4, 57, 21, 18, 5, 8, 72, 56, 17, 44, 55, 76, 25, 75, 36, 77, 20, 51, 11, 32, 0, 65]
index list: [33, 37, 38, 41, 71, 52, 14, 78, 42, 67, 15, 54, 22, 23, 70, 65, 66, 43, 44, 77, 11, 12, 57, 58, 49, 53, 45, 3, 26, 27, 28, 29, 30, 31, 47, 39, 74, 17, 18, 36, 55, 56, 25, 5, 9, 10, 59, 60, 61, 62, 63, 34, 76, 16, 4, 0, 1, 2, 79, 35, 6, 7, 8, 69, 72, 73, 75, 20, 21, 64, 48, 50, 51, 13, 46, 19, 68, 24, 40, 32]
Done

iterations:10000000, temp:1000000.0, exponent:0.7, eif:200.0
time taken (sec): 53137.277678489685
og index list: [56, 65, 36, 60, 62, 77, 74, 16, 22, 28, 6, 55, 35, 2, 71, 43, 38, 78, 12, 45, 37, 14, 42, 79, 31, 17, 51, 69, 33, 49, 67, 18, 20, 39, 76, 24, 8, 66, 11, 59, 48, 29, 9, 61, 50, 73, 23, 1, 47, 7, 57, 68, 34, 15, 30, 41, 25, 27, 0, 19, 75, 10, 5, 26, 54, 40, 4, 53, 63, 13, 21, 52, 3, 44, 46, 58, 64, 70, 32, 72]
index list: [44, 54, 22, 23, 24, 66, 67, 74, 43, 9, 10, 11, 25, 5, 76, 17, 18, 16, 0, 73, 40, 19, 20, 21, 37, 38, 47, 39, 4, 7, 8, 1, 2, 41, 65, 77, 33, 34, 35, 75, 26, 27, 28, 72, 3, 60, 31, 46, 6, 56, 57, 58, 78, 29, 30, 61, 62, 63, 49, 42, 70, 71, 68, 69, 14, 15, 48, 55, 79, 59, 50, 51, 52, 53, 45, 36, 64, 12, 13, 32]
Done

iterations:10000000, temp:1000000.0, exponent:0.7, eif:200.0
time taken (sec): 51353.42586016655
og index list: [55, 60, 36, 30, 62, 31, 7, 37, 44, 0, 67, 20, 28, 45, 51, 64, 73, 22, 38, 48, 52, 78, 12, 33, 79, 23, 34, 19, 11, 46, 76, 50, 32, 25, 43, 5, 47, 61, 63, 42, 39, 27, 41, 9, 65, 72, 21, 4, 35, 58, 69, 57, 18, 29, 71, 59, 15, 53, 77, 56, 10, 1, 13, 70, 26, 16, 74, 68, 17, 40, 8, 54, 3, 66, 24, 6, 49, 2, 75, 14]
index list: [14, 5, 3, 40, 41, 71, 68, 69, 70, 13, 19, 4, 15, 9, 10, 74, 30, 31, 44, 16, 75, 7, 8, 63, 22, 23, 59, 20, 65, 66, 72, 1, 2, 6, 24, 25, 76, 43, 46, 58, 0, 73, 57, 47, 48, 62, 49, 53, 45, 32, 12, 79, 54, 64, 52, 67, 60, 35, 36, 37, 50, 11, 21, 55, 56, 77, 33, 34, 61, 78, 42, 17, 18, 51, 38, 39, 26, 27, 28, 29]
Done

iterations:10000000, temp:1000000.0, exponent:0.7, eif:200.0
time taken (sec): 52988.04294323921
og index list: [9, 54, 24, 8, 64, 19, 43, 28, 26, 74, 39, 3, 41, 65, 37, 0, 50, 58, 33, 59, 2, 23, 67, 16, 6, 61, 1, 77, 31, 15, 71, 78, 79, 48, 25, 75, 21, 12, 40, 51, 72, 76, 66, 38, 57, 47, 70, 55, 62, 17, 27, 34, 10, 13, 44, 42, 29, 4, 18, 30, 46, 49, 53, 60, 73, 68, 14, 11, 22, 69, 45, 52, 35, 20, 56, 36, 5, 63, 7, 32]
index list: [72, 73, 79, 18, 32, 0, 6, 69, 17, 77, 30, 31, 1, 2, 41, 65, 66, 59, 68, 53, 54, 55, 50, 63, 22, 23, 24, 25, 26, 27, 28, 29, 74, 43, 3, 60, 61, 34, 35, 36, 37, 38, 39, 40, 16, 4, 5, 9, 10, 11, 12, 76, 33, 64, 52, 14, 56, 57, 48, 62, 7, 8, 44, 45, 46, 58, 49, 47, 78, 42, 70, 71, 75, 67, 15, 51, 13, 19, 20, 21]
Done



iterations:10000000, temp:1000000.0, exponent:0.7, eif:200.0
time taken (sec): 51855.56638240814
og index list: [76, 54, 18, 52, 41, 17, 63, 69, 23, 70, 28, 67, 33, 42, 78, 45, 34, 64, 71, 11, 21, 46, 75, 37, 39, 48, 72, 6, 36, 20, 59, 51, 4, 53, 55, 38, 10, 35, 2, 19, 79, 57, 74, 12, 43, 26, 77, 14, 62, 47, 1, 68, 25, 5, 65, 32, 31, 30, 40, 24, 7, 73, 50, 16, 22, 49, 58, 3, 27, 44, 66, 13, 0, 9, 60, 15, 29, 61, 8, 56]
index list: [72, 73, 79, 14, 5, 16, 4, 26, 0, 3, 20, 21, 64, 12, 57, 39, 40, 19, 68, 69, 33, 37, 38, 41, 71, 78, 43, 6, 24, 74, 29, 23, 53, 45, 32, 25, 60, 35, 46, 48, 22, 30, 31, 1, 2, 9, 10, 11, 77, 17, 18, 44, 54, 55, 75, 56, 13, 47, 58, 49, 67, 50, 51, 52, 7, 8, 36, 34, 61, 62, 63, 76, 27, 28, 42, 70, 65, 66, 59, 15]
Done

iterations:10000000, temp:1000000.0, exponent:0.7, eif:200.0
time taken (sec): 53542.699803590775
og index list: [49, 77, 13, 45, 79, 75, 72, 4, 18, 70, 7, 24, 61, 34, 25, 54, 60, 73, 57, 3, 31, 37, 23, 66, 5, 0, 29, 46, 11, 48, 20, 74, 50, 71, 16, 67, 65, 51, 47, 26, 19, 17, 76, 62, 15, 40, 69, 63, 68, 6, 27, 1, 30, 78, 14, 12, 2, 64, 39, 43, 32, 22, 21, 35, 41, 10, 56, 52, 8, 9, 38, 44, 53, 36, 55, 33, 28, 58, 42, 59]
index list: [42, 43, 9, 10, 11, 50, 69, 17, 18, 16, 40, 6, 7, 8, 75, 72, 51, 52, 14, 77, 45, 3, 20, 79, 67, 5, 47, 48, 22, 23, 53, 78, 70, 65, 66, 59, 60, 35, 44, 54, 76, 29, 30, 31, 19, 68, 24, 12, 13, 32, 25, 15, 36, 64, 71, 26, 27, 28, 33, 34, 61, 62, 63, 37, 38, 58, 49, 73, 74, 39, 4, 0, 1, 2, 46, 41, 21, 55, 56, 57]
Done

iterations:10000000, temp:1000000.0, exponent:0.7, eif:200.0
time taken (sec): 51847.58577013016
og index list: [67, 79, 14, 6, 8, 36, 43, 66, 7, 41, 65, 52, 28, 22, 35, 49, 62, 34, 54, 56, 33, 72, 4, 15, 23, 24, 30, 55, 21, 48, 76, 68, 51, 78, 59, 10, 25, 42, 38, 11, 27, 31, 32, 5, 3, 19, 45, 0, 57, 40, 1, 16, 18, 47, 69, 63, 73, 37, 26, 64, 77, 46, 20, 60, 17, 53, 70, 61, 29, 75, 44, 2, 74, 12, 58, 9, 50, 39, 13, 71]
index list: [54, 55, 56, 57, 16, 79, 72, 1, 2, 6, 24, 66, 59, 68, 53, 0, 73, 40, 19, 4, 5, 3, 20, 21, 22, 23, 78, 67, 26, 27, 28, 29, 30, 31, 51, 13, 36, 37, 38, 48, 62, 69, 70, 76, 7, 8, 9, 10, 11, 12, 52, 14, 49, 42, 43, 44, 45, 50, 63, 64, 71, 60, 35, 46, 58, 74, 33, 34, 61, 75, 17, 18, 32, 77, 41, 65, 25, 15, 47, 39]
Done

iterations:10000000, temp:1000000.0, exponent:0.7, eif:200.0
time taken (sec): 55264.52319455147
og index list: [48, 56, 55, 42, 37, 34, 54, 63, 66, 33, 12, 23, 18, 74, 19, 44, 2, 76, 26, 67, 11, 21, 25, 0, 49, 51, 62, 32, 52, 27, 15, 9, 3, 40, 50, 29, 24, 35, 4, 75, 13, 60, 58, 10, 14, 46, 68, 30, 7, 16, 77, 22, 71, 20, 6, 79, 53, 5, 31, 28, 78, 61, 41, 38, 1, 57, 36, 59, 47, 65, 17, 43, 69, 8, 45, 72, 39, 70, 73, 64]
index list: [43, 32, 12, 13, 46, 6, 69, 17, 18, 19, 60, 31, 41, 71, 77, 29, 28, 42, 67, 4, 68, 59, 20, 76, 26, 27, 30, 61, 62, 75, 11, 49, 7, 8, 9, 10, 63, 34, 35, 36, 22, 23, 72, 16, 66, 14, 15, 47, 48, 79, 33, 64, 21, 55, 56, 25, 5, 44, 54, 37, 38, 1, 2, 3, 40, 58, 74, 24, 78, 70, 65, 57, 39, 0, 73, 50, 51, 52, 53, 45]
Done



iterations:10000000, temp:1000000.0, exponent:0.7, eif:200.0
time taken (sec): 51265.166840553284
og index list: [60, 76, 68, 78, 59, 52, 44, 75, 36, 24, 26, 66, 20, 49, 71, 8, 69, 39, 73, 70, 54, 55, 67, 0, 15, 46, 18, 62, 38, 19, 37, 35, 3, 11, 41, 43, 61, 51, 13, 74, 32, 4, 63, 48, 77, 47, 50, 79, 29, 21, 6, 57, 56, 45, 40, 31, 10, 12, 22, 53, 2, 33, 23, 17, 34, 28, 30, 16, 7, 9, 72, 42, 14, 65, 25, 58, 27, 5, 1, 64]
index list: [33, 22, 23, 14, 68, 59, 75, 17, 18, 51, 10, 76, 27, 28, 42, 43, 16, 57, 0, 73, 40, 32, 50, 63, 49, 44, 45, 19, 26, 74, 72, 1, 2, 3, 79, 29, 30, 31, 46, 58, 77, 24, 25, 5, 41, 71, 60, 61, 62, 11, 12, 13, 36, 34, 35, 9, 52, 53, 54, 55, 56, 66, 67, 20, 21, 64, 78, 47, 48, 37, 38, 39, 4, 15, 6, 7, 8, 69, 70, 65]
Done

iterations:10000000, temp:1000000.0, exponent:0.7, eif:200.0
time taken (sec): 54756.93707251549
og index list: [44, 7, 63, 6, 1, 25, 33, 4, 75, 73, 49, 67, 23, 70, 30, 35, 57, 53, 40, 52, 17, 34, 15, 79, 22, 66, 65, 50, 45, 60, 59, 61, 51, 3, 12, 8, 47, 9, 19, 54, 14, 77, 42, 36, 18, 11, 39, 38, 26, 76, 31, 2, 0, 78, 28, 48, 68, 55, 58, 43, 46, 21, 41, 72, 32, 74, 13, 56, 27, 10, 69, 71, 24, 20, 37, 16, 29, 5, 64, 62]
index list: [14, 15, 6, 24, 40, 32, 25, 26, 27, 30, 31, 48, 34, 35, 41, 65, 66, 59, 0, 1, 2, 3, 20, 21, 22, 23, 70, 71, 4, 7, 8, 69, 67, 5, 44, 45, 36, 77, 42, 33, 37, 10, 51, 38, 39, 49, 29, 28, 74, 17, 18, 47, 58, 50, 9, 52, 53, 54, 76, 43, 16, 60, 61, 62, 11, 12, 78, 72, 75, 63, 64, 57, 19, 68, 79, 55, 56, 13, 46, 73]
Done

iterations:10000000, temp:1000000.0, exponent:0.7, eif:200.0
time taken (sec): 53017.252121925354
og index list: [22, 73, 59, 50, 70, 15, 57, 7, 53, 13, 29, 54, 11, 31, 72, 20, 34, 24, 58, 4, 66, 9, 17, 2, 65, 19, 14, 77, 79, 1, 62, 56, 16, 23, 18, 41, 35, 43, 21, 42, 26, 8, 10, 75, 60, 27, 74, 71, 44, 68, 55, 36, 63, 51, 6, 37, 67, 5, 61, 76, 3, 25, 45, 48, 0, 49, 40, 12, 32, 69, 47, 30, 64, 39, 38, 52, 28, 46, 78, 33]
index list: [44, 45, 46, 73, 4, 26, 77, 27, 28, 33, 55, 56, 13, 32, 25, 15, 3, 20, 49, 29, 30, 31, 16, 79, 59, 40, 47, 48, 22, 23, 69, 14, 5, 6, 24, 57, 78, 7, 8, 63, 64, 21, 34, 61, 62, 11, 12, 74, 42, 43, 1, 2, 36, 37, 38, 39, 76, 72, 58, 50, 51, 66, 17, 18, 19, 68, 70, 71, 75, 67, 60, 35, 9, 10, 0, 41, 65, 52, 53, 54]
Done

iterations:10000000, temp:1000000.0, exponent:0.7, eif:200.0
time taken (sec): 51095.0870923996
og index list: [39, 13, 76, 72, 17, 60, 42, 32, 7, 37, 0, 19, 41, 64, 70, 50, 18, 51, 45, 35, 25, 79, 16, 47, 54, 65, 14, 4, 62, 34, 10, 49, 28, 46, 77, 44, 27, 55, 20, 68, 73, 26, 58, 9, 78, 2, 74, 57, 24, 75, 6, 38, 31, 36, 66, 12, 43, 22, 15, 53, 29, 30, 5, 8, 71, 40, 59, 3, 52, 23, 69, 67, 11, 48, 1, 56, 33, 61, 63, 21]
index list: [72, 1, 2, 46, 47, 39, 26, 27, 30, 31, 36, 34, 35, 32, 49, 41, 65, 25, 68, 67, 15, 19, 20, 21, 77, 29, 28, 78, 22, 23, 24, 75, 17, 18, 74, 38, 58, 79, 42, 33, 37, 10, 11, 12, 13, 0, 44, 45, 6, 53, 54, 64, 76, 43, 9, 52, 59, 60, 61, 62, 51, 66, 70, 71, 40, 16, 48, 50, 63, 55, 7, 8, 69, 14, 56, 57, 73, 4, 5, 3]
Done



iterations:10000000, temp:1000000.0, exponent:0.7, eif:200.0
time taken (sec): 52495.039437294006
og index list: [8, 23, 39, 31, 56, 11, 5, 29, 79, 47, 42, 48, 63, 13, 55, 77, 49, 9, 74, 51, 26, 14, 3, 72, 69, 28, 44, 68, 43, 35, 37, 78, 73, 15, 6, 7, 33, 70, 34, 50, 54, 75, 59, 21, 40, 65, 16, 67, 36, 18, 27, 45, 52, 60, 0, 41, 57, 76, 24, 66, 22, 2, 62, 71, 25, 30, 64, 4, 10, 46, 61, 19, 32, 20, 17, 38, 58, 12, 53, 1]
index list: [14, 15, 54, 37, 38, 39, 20, 79, 59, 4, 56, 57, 48, 64, 12, 52, 53, 32, 66, 67, 68, 69, 42, 33, 22, 23, 24, 25, 26, 27, 28, 29, 78, 17, 18, 47, 76, 72, 58, 74, 43, 44, 45, 46, 41, 71, 5, 1, 2, 6, 7, 8, 36, 34, 35, 9, 10, 11, 21, 55, 77, 61, 62, 51, 13, 19, 60, 50, 63, 0, 73, 75, 30, 31, 16, 40, 3, 49, 70, 65]
Done

iterations:10000000, temp:1000000.0, exponent:0.7, eif:200.0
time taken (sec): 52412.00896239281
og index list: [16, 14, 36, 67, 24, 57, 52, 40, 56, 65, 71, 61, 64, 42, 11, 0, 41, 6, 62, 50, 17, 49, 66, 15, 53, 7, 46, 37, 28, 9, 72, 75, 79, 35, 73, 8, 77, 34, 4, 70, 31, 21, 1, 43, 59, 48, 78, 38, 5, 13, 10, 51, 3, 44, 74, 68, 29, 54, 23, 2, 45, 69, 18, 39, 60, 47, 26, 30, 19, 25, 63, 55, 33, 58, 22, 76, 32, 12, 20, 27]
index list: [42, 43, 36, 34, 31, 32, 66, 17, 18, 19, 68, 7, 8, 1, 2, 41, 65, 40, 46, 16, 0, 3, 20, 21, 22, 23, 24, 25, 26, 27, 28, 78, 53, 45, 77, 59, 60, 35, 44, 54, 64, 12, 13, 6, 14, 15, 9, 52, 69, 67, 5, 47, 48, 76, 70, 71, 4, 79, 33, 55, 56, 57, 58, 49, 72, 73, 74, 29, 30, 61, 62, 11, 75, 37, 38, 39, 50, 51, 10, 63]
Done

iterations:10000000, temp:1000000.0, exponent:0.7, eif:200.0
time taken (sec): 51768.88086652756
og index list: [13, 56, 72, 52, 69, 39, 7, 38, 30, 49, 4, 16, 79, 44, 20, 76, 8, 50, 51, 53, 34, 2, 66, 9, 43, 58, 31, 28, 3, 17, 70, 46, 35, 74, 57, 36, 55, 73, 71, 78, 77, 59, 18, 5, 61, 33, 0, 21, 12, 64, 42, 26, 6, 41, 48, 15, 22, 75, 27, 19, 32, 63, 54, 47, 11, 67, 40, 25, 23, 29, 24, 60, 62, 1, 14, 68, 45, 37, 65, 10]
index list: [69, 17, 18, 41, 0, 73, 4, 76, 42, 70, 71, 68, 7, 8, 16, 25, 5, 3, 49, 43, 63, 37, 38, 48, 22, 23, 14, 56, 66, 67, 26, 27, 77, 28, 29, 30, 61, 62, 79, 33, 64, 65, 40, 1, 2, 47, 39, 60, 75, 72, 44, 45, 36, 50, 51, 10, 11, 57, 58, 74, 53, 54, 34, 31, 19, 20, 21, 55, 78, 35, 9, 52, 59, 15, 46, 32, 12, 13, 6, 24]
Done

iterations:10000000, temp:1000000.0, exponent:0.7, eif:200.0
time taken (sec): 52844.97465443611
og index list: [64, 62, 67, 42, 78, 23, 63, 76, 7, 53, 11, 28, 58, 68, 5, 17, 59, 41, 26, 60, 72, 20, 38, 69, 14, 1, 49, 2, 61, 51, 77, 22, 8, 34, 79, 27, 46, 12, 25, 19, 50, 36, 3, 75, 74, 55, 15, 73, 29, 6, 54, 43, 10, 57, 31, 24, 13, 21, 52, 56, 40, 70, 44, 65, 16, 0, 45, 66, 18, 30, 32, 37, 4, 39, 47, 71, 33, 9, 48, 35]
index list: [14, 56, 66, 70, 71, 68, 69, 17, 18, 16, 78, 67, 26, 2, 6, 7, 8, 9, 10, 11, 12, 13, 32, 21, 74, 29, 30, 31, 1, 27, 28, 79, 51, 52, 59, 49, 48, 34, 35, 54, 64, 65, 77, 42, 33, 22, 23, 53, 0, 73, 40, 46, 58, 50, 75, 72, 44, 45, 36, 37, 38, 47, 76, 43, 3, 60, 61, 62, 63, 55, 24, 25, 5, 19, 20, 57, 39, 4, 15, 41]
Done


iterations:10000000, temp:1000000.0, exponent:0.7, eif:200.0
time taken (sec): 51791.77619385719
og index list: [28, 6, 23, 56, 22, 9, 27, 30, 11, 33, 0, 20, 68, 19, 62, 70, 59, 42, 55, 25, 15, 57, 45, 79, 17, 13, 2, 16, 53, 31, 10, 38, 65, 51, 36, 18, 75, 73, 71, 39, 44, 3, 49, 61, 69, 78, 32, 1, 37, 24, 52, 5, 66, 63, 14, 58, 41, 64, 26, 12, 21, 29, 4, 8, 60, 77, 72, 43, 74, 48, 47, 46, 76, 35, 54, 34, 50, 7, 40, 67]
index list: [43, 1, 2, 58, 79, 30, 31, 6, 53, 51, 52, 14, 56, 57, 16, 40, 19, 20, 0, 50, 69, 67, 5, 48, 22, 23, 24, 25, 26, 27, 28, 74, 3, 68, 7, 8, 63, 34, 35, 36, 49, 59, 60, 61, 62, 9, 10, 11, 76, 29, 77, 42, 33, 37, 38, 39, 4, 15, 54, 55, 75, 72, 73, 66, 70, 21, 64, 65, 78, 17, 18, 46, 47, 44, 45, 32, 12, 13, 41, 71]
Done

iterations:10000000, temp:1000000.0, exponent:0.7, eif:200.0
time taken (sec): 50739.75944066048
og index list: [41, 75, 0, 38, 4, 31, 71, 53, 59, 1, 5, 29, 58, 44, 52, 64, 17, 2, 54, 48, 16, 55, 63, 77, 43, 62, 24, 46, 49, 69, 18, 11, 9, 32, 23, 14, 6, 33, 34, 66, 72, 12, 67, 22, 65, 50, 26, 25, 47, 10, 15, 68, 21, 3, 27, 36, 35, 8, 60, 20, 74, 76, 30, 42, 45, 39, 19, 7, 57, 51, 61, 78, 28, 37, 13, 70, 40, 79, 73, 56]
index list: [42, 72, 1, 2, 41, 71, 26, 27, 30, 31, 32, 50, 63, 55, 56, 10, 11, 12, 13, 19, 0, 6, 24, 76, 7, 8, 3, 4, 74, 29, 28, 49, 43, 44, 45, 46, 75, 67, 15, 36, 37, 38, 39, 40, 58, 78, 17, 18, 16, 60, 35, 47, 48, 62, 51, 25, 68, 69, 33, 64, 77, 53, 54, 22, 23, 70, 21, 34, 61, 79, 65, 57, 73, 66, 14, 5, 9, 52, 59, 20]
Done

iterations:10000000, temp:1000000.0, exponent:0.7, eif:200.0
time taken (sec): 49586.6655421257
og index list: [37, 69, 4, 30, 26, 60, 78, 52, 62, 0, 68, 33, 56, 23, 71, 3, 19, 7, 47, 70, 43, 16, 48, 41, 58, 75, 20, 67, 29, 27, 50, 34, 54, 13, 63, 42, 25, 12, 15, 36, 11, 49, 14, 74, 24, 32, 5, 17, 6, 8, 28, 22, 40, 35, 39, 51, 65, 10, 55, 57, 59, 18, 38, 77, 53, 21, 45, 79, 72, 61, 73, 1, 64, 66, 46, 44, 9, 76, 2, 31]
index list: [14, 15, 54, 22, 23, 24, 66, 17, 18, 46, 39, 4, 5, 44, 45, 6, 7, 8, 69, 42, 33, 78, 47, 48, 62, 11, 12, 52, 59, 74, 67, 26, 27, 28, 29, 30, 61, 34, 35, 77, 72, 3, 60, 31, 19, 68, 53, 50, 51, 13, 41, 65, 79, 20, 75, 70, 71, 40, 36, 37, 38, 58, 76, 43, 9, 10, 63, 64, 21, 55, 56, 57, 1, 2, 16, 0, 73, 49, 32, 25]
Done

iterations:10000000, temp:1000000.0, exponent:0.7, eif:200.0
time taken (sec): 52018.036472797394
og index list: [74, 6, 68, 35, 42, 78, 17, 10, 47, 72, 9, 52, 28, 12, 60, 11, 66, 30, 64, 29, 5, 16, 75, 63, 34, 45, 58, 59, 19, 77, 48, 18, 44, 61, 49, 36, 73, 62, 50, 57, 65, 8, 4, 79, 23, 14, 0, 38, 54, 51, 39, 56, 53, 41, 21, 20, 46, 15, 32, 13, 43, 7, 37, 69, 27, 76, 22, 25, 70, 31, 33, 2, 40, 55, 67, 3, 71, 24, 1, 26]
index list: [14, 5, 44, 45, 16, 0, 6, 7, 8, 73, 40, 46, 47, 58, 74, 53, 51, 38, 39, 78, 67, 26, 27, 30, 75, 11, 25, 68, 69, 17, 18, 1, 2, 3, 77, 42, 70, 71, 20, 21, 37, 79, 29, 28, 33, 22, 23, 24, 66, 72, 19, 60, 61, 62, 63, 64, 65, 57, 48, 49, 43, 9, 10, 76, 31, 36, 34, 35, 54, 55, 56, 52, 59, 4, 15, 32, 12, 13, 41, 50]
Done



iterations:10000000, temp:1000000.0, exponent:0.7, eif:200.0
time taken (sec): 54900.302186727524
og index list: [60, 1, 19, 44, 20, 65, 22, 11, 28, 77, 55, 46, 29, 35, 61, 2, 47, 23, 75, 63, 67, 53, 0, 50, 51, 76, 40, 10, 39, 30, 24, 38, 33, 58, 27, 37, 4, 66, 54, 32, 13, 74, 72, 70, 42, 36, 41, 3, 14, 45, 26, 56, 31, 8, 6, 16, 48, 17, 49, 9, 5, 62, 69, 43, 68, 15, 79, 25, 34, 52, 18, 59, 21, 64, 57, 71, 73, 12, 7, 78]
index list: [23, 7, 8, 69, 70, 75, 42, 17, 18, 16, 21, 22, 0, 58, 78, 24, 40, 46, 44, 45, 32, 12, 57, 48, 37, 38, 1, 2, 3, 4, 68, 77, 73, 66, 59, 60, 61, 62, 11, 49, 67, 26, 27, 30, 31, 47, 39, 74, 43, 9, 10, 51, 79, 29, 28, 72, 6, 53, 54, 64, 65, 25, 20, 13, 76, 33, 34, 35, 36, 50, 63, 55, 56, 52, 14, 5, 19, 15, 41, 71]
Done

iterations:10000000, temp:1000000.0, exponent:0.7, eif:200.0
time taken (sec): 50566.468545913696
og index list: [10, 21, 7, 9, 33, 43, 62, 11, 58, 3, 39, 17, 49, 54, 29, 41, 5, 28, 14, 47, 20, 46, 22, 68, 44, 18, 27, 76, 63, 51, 25, 42, 52, 55, 6, 36, 74, 31, 60, 65, 72, 70, 8, 23, 57, 69, 16, 26, 79, 40, 59, 50, 1, 61, 73, 15, 32, 77, 56, 35, 2, 78, 37, 24, 48, 66, 67, 38, 45, 19, 30, 71, 0, 34, 4, 53, 12, 13, 75, 64]
index list: [58, 49, 53, 54, 22, 23, 24, 79, 7, 8, 44, 45, 32, 12, 52, 59, 50, 51, 10, 11, 25, 75, 29, 30, 31, 41, 21, 55, 56, 78, 42, 17, 18, 19, 20, 57, 48, 34, 35, 36, 37, 38, 39, 4, 5, 46, 1, 2, 6, 69, 43, 9, 76, 67, 68, 14, 15, 47, 77, 70, 71, 40, 74, 13, 16, 60, 61, 62, 63, 64, 65, 66, 72, 73, 0, 3, 26, 27, 28, 33]
Done

iterations:10000000, temp:1000000.0, exponent:0.7, eif:200.0
time taken (sec): 51608.95397186279
og index list: [68, 2, 52, 44, 78, 9, 21, 4, 34, 42, 10, 75, 54, 37, 5, 13, 79, 23, 26, 71, 55, 17, 22, 41, 46, 45, 61, 35, 7, 12, 70, 69, 65, 18, 19, 32, 72, 14, 60, 25, 50, 73, 48, 29, 31, 67, 76, 28, 30, 33, 66, 36, 47, 11, 77, 63, 39, 40, 6, 3, 53, 16, 38, 0, 57, 64, 27, 8, 58, 51, 49, 74, 1, 43, 20, 59, 56, 15, 24, 62]
index list: [59, 0, 1, 2, 9, 10, 11, 76, 44, 45, 77, 67, 68, 70, 71, 4, 5, 19, 26, 27, 28, 29, 30, 79, 17, 18, 41, 65, 78, 7, 8, 75, 31, 32, 25, 60, 61, 37, 38, 48, 34, 35, 3, 20, 21, 55, 56, 66, 72, 16, 12, 13, 36, 50, 63, 22, 23, 53, 54, 64, 57, 58, 74, 42, 43, 73, 49, 69, 33, 62, 51, 52, 14, 15, 46, 47, 39, 40, 6, 24]
Done

iterations:10000000, temp:1000000.0, exponent:0.7, eif:200.0
time taken (sec): 53515.241626024246
og index list: [21, 45, 9, 52, 26, 22, 29, 16, 30, 77, 68, 0, 62, 8, 17, 65, 63, 14, 54, 72, 34, 3, 20, 56, 18, 40, 35, 41, 39, 36, 23, 42, 64, 47, 32, 67, 12, 74, 37, 10, 13, 55, 78, 11, 49, 19, 79, 53, 59, 50, 5, 46, 2, 25, 75, 57, 58, 60, 27, 51, 24, 7, 48, 38, 76, 15, 33, 1, 4, 70, 44, 71, 31, 43, 73, 28, 66, 69, 61, 6]
index list: [33, 22, 23, 24, 74, 3, 79, 17, 18, 16, 40, 6, 7, 8, 69, 14, 15, 9, 10, 77, 72, 51, 57, 58, 78, 35, 32, 25, 26, 27, 28, 29, 30, 31, 1, 2, 36, 34, 49, 48, 37, 38, 39, 4, 75, 42, 43, 41, 76, 70, 71, 60, 61, 62, 11, 12, 52, 53, 54, 55, 56, 13, 19, 68, 59, 20, 21, 50, 63, 64, 65, 66, 67, 5, 44, 45, 46, 47, 0, 73]
Done





