literations:100000000, temp:1000000.0, exponent:0.7, eif:200.0
time taken (sec): 49603.17725491524
og index list: [31, 22, 4, 2, 19, 63, 11, 50, 78, 69, 59, 52, 65, 32, 37, 36, 66, 48, 64, 47, 20, 51, 15, 58, 14, 18, 45, 53, 75, 44, 23, 42, 40, 9, 3, 72, 77, 6, 21, 25, 49, 67, 30, 8, 10, 33, 79, 55, 41, 54, 62, 13, 56, 39, 60, 61, 7, 34, 68, 70, 76, 26, 57, 28, 29, 73, 74, 5, 16, 38, 35, 71, 43, 12, 24, 27, 0, 17, 46, 1]
og index list energy: 58588540.54770842
index list: [59, 26, 76, 42, 43, 6, 77, 27, 28, 29, 30, 31, 41, 21, 55, 56, 25, 5, 16, 1, 2, 3, 60, 61, 62, 69, 72, 47, 39, 74, 14, 79, 67, 68, 53, 49, 33, 34, 35, 36, 22, 23, 24, 57, 51, 52, 7, 8, 9, 10, 11, 50, 63, 37, 0, 73, 4, 15, 54, 64, 65, 66, 70, 71, 40, 58, 75, 38, 48, 78, 17, 18, 46, 44, 45, 32, 12, 13, 19, 20]
index list energy: 513706.13638209505Done

iterations:100000000, temp:1000000.0, exponent:0.7, eif:200.0
time taken (sec): 50118.97859764099
og index list: [2, 25, 32, 71, 79, 22, 38, 59, 60, 40, 43, 62, 37, 23, 13, 52, 75, 61, 31, 54, 66, 28, 69, 4, 65, 64, 10, 21, 3, 7, 45, 72, 5, 56, 17, 78, 44, 36, 46, 50, 57, 35, 6, 15, 55, 77, 26, 27, 67, 48, 8, 58, 16, 34, 49, 11, 51, 53, 1, 30, 70, 47, 41, 68, 9, 42, 14, 20, 63, 19, 76, 29, 0, 74, 24, 12, 33, 73, 39, 18]
og index list energy: 42975560.08003919
index list: [42, 43, 44, 45, 41, 71, 77, 17, 18, 3, 78, 14, 5, 9, 10, 11, 12, 13, 32, 75, 48, 34, 35, 36, 22, 23, 24, 25, 26, 27, 28, 29, 30, 31, 16, 49, 61, 62, 69, 33, 37, 38, 39, 40, 46, 47, 0, 1, 2, 6, 7, 8, 76, 67, 68, 51, 52, 53, 54, 55, 56, 57, 58, 74, 59, 20, 21, 50, 63, 64, 65, 66, 70, 79, 72, 73, 4, 15, 19, 60]
index list energy: 238593.05855879007Done

iterations:100000000, temp:1000000.0, exponent:0.7, eif:200.0
time taken (sec): 50734.14063858986
og index list: [8, 29, 57, 0, 23, 24, 27, 70, 32, 48, 42, 10, 49, 50, 55, 79, 59, 60, 9, 38, 35, 16, 69, 14, 12, 39, 68, 31, 21, 61, 11, 63, 43, 19, 5, 44, 18, 54, 62, 52, 73, 26, 58, 6, 20, 65, 22, 72, 56, 71, 7, 30, 15, 46, 13, 47, 3, 75, 37, 40, 74, 45, 76, 66, 36, 2, 53, 67, 28, 4, 1, 41, 33, 77, 17, 78, 25, 34, 64, 51]
og index list energy: 53524592.861839324
index list: [33, 22, 23, 69, 70, 71, 68, 7, 79, 67, 15, 51, 21, 55, 78, 72, 73, 77, 42, 43, 9, 10, 11, 75, 17, 18, 32, 57, 3, 4, 26, 27, 28, 29, 30, 31, 48, 34, 35, 36, 64, 76, 59, 20, 12, 13, 6, 53, 45, 46, 19, 60, 61, 62, 63, 49, 8, 44, 54, 37, 38, 47, 39, 0, 1, 2, 58, 50, 74, 41, 65, 25, 5, 16, 66, 14, 56, 52, 24, 40]
index list energy: 605259.1243553668Done

iterations:100000000, temp:1000000.0, exponent:0.7, eif:200.0
time taken (sec): 51260.17203116417
og index list: [15, 6, 22, 41, 39, 51, 74, 60, 44, 29, 42, 0, 45, 7, 40, 58, 3, 65, 38, 43, 46, 76, 21, 72, 4, 49, 52, 70, 48, 55, 63, 54, 50, 47, 8, 32, 28, 2, 64, 27, 37, 77, 5, 75, 78, 25, 11, 9, 26, 66, 53, 59, 14, 23, 57, 73, 68, 24, 12, 18, 19, 35, 16, 13, 69, 71, 62, 79, 67, 31, 36, 34, 30, 17, 1, 10, 33, 20, 56, 61]
og index list energy: 67418733.60975741
index list: [43, 1, 2, 3, 4, 5, 6, 7, 8, 9, 10, 11, 12, 13, 79, 14, 15, 16, 77, 17, 18, 46, 47, 48, 22, 23, 24, 25, 26, 27, 28, 29, 30, 31, 32, 49, 33, 34, 35, 36, 37, 38, 39, 40, 41, 71, 50, 51, 52, 53, 54, 0, 75, 44, 45, 78, 19, 20, 21, 55, 56, 57, 58, 74, 59, 60, 61, 62, 63, 64, 65, 66, 67, 68, 69, 70, 76, 42, 72, 73]
index list energy: 107809.10743805829Done

iterations:100000000, temp:1000000.0, exponent:0.7, eif:200.0
Done

iterations:100000000, temp:1000000.0, exponent:0.7, eif:200.0
time taken (sec): 50631.47328186035
og index list: [19, 49, 67, 9, 59, 31, 3, 16, 23, 1, 12, 69, 79, 68, 71, 18, 70, 22, 15, 29, 52, 11, 63, 47, 7, 76, 35, 44, 64, 14, 17, 55, 42, 28, 4, 0, 77, 32, 75, 62, 27, 65, 13, 43, 60, 40, 33, 78, 74, 54, 21, 38, 56, 61, 25, 73, 51, 45, 46, 30, 34, 10, 57, 36, 53, 72, 2, 6, 39, 37, 66, 24, 58, 50, 20, 48, 41, 8, 5, 26]
og index list energy: 49358526.40988602
index list: [42, 43, 36, 34, 35, 32, 74, 29, 30, 31, 41, 65, 57, 1, 2, 16, 40, 19, 68, 50, 69, 67, 20, 21, 22, 76, 72, 3, 26, 27, 28, 75, 7, 8, 9, 10, 63, 37, 38, 58, 77, 17, 18, 6, 24, 25, 5, 44, 45, 46, 39, 60, 61, 62, 11, 12, 13, 47, 48, 79, 23, 53, 54, 64, 0, 73, 78, 59, 49, 33, 55, 56, 52, 14, 15, 51, 66, 70, 71, 4]
index list energy: 430309.2516328563Done

iterations:100000000, temp:1000000.0, exponent:0.7, eif:200.0
time taken (sec): 51824.35921263695
og index list: [42, 72, 48, 63, 22, 31, 12, 68, 29, 9, 36, 67, 64, 32, 37, 69, 70, 34, 0, 76, 21, 49, 65, 44, 66, 58, 45, 13, 33, 41, 35, 71, 61, 27, 5, 57, 39, 18, 10, 6, 8, 50, 4, 14, 46, 79, 24, 73, 43, 75, 20, 78, 2, 25, 11, 52, 77, 1, 17, 54, 47, 40, 15, 3, 53, 23, 59, 7, 62, 51, 60, 19, 16, 30, 38, 55, 74, 56, 26, 28]
og index list energy: 60640387.281212874
index list: [43, 16, 12, 13, 32, 79, 59, 78, 17, 18, 44, 54, 55, 56, 57, 39, 40, 19, 0, 1, 2, 3, 20, 21, 22, 23, 24, 25, 26, 27, 28, 29, 30, 31, 41, 71, 77, 35, 46, 48, 74, 42, 70, 50, 63, 64, 65, 66, 72, 73, 4, 15, 36, 34, 76, 67, 68, 69, 33, 37, 38, 47, 58, 49, 14, 5, 75, 60, 61, 62, 51, 52, 53, 45, 6, 7, 8, 9, 10, 11]
index list energy: 273206.25451569416Done

iterations:100000000, temp:1000000.0, exponent:0.7, eif:200.0
time taken (sec): 52933.695123910904
og index list: [29, 37, 71, 6, 55, 7, 27, 56, 18, 11, 72, 61, 40, 45, 1, 28, 24, 52, 20, 14, 44, 38, 64, 25, 8, 23, 35, 39, 31, 59, 2, 78, 75, 41, 34, 9, 30, 62, 0, 17, 73, 77, 49, 13, 57, 68, 66, 53, 47, 79, 54, 3, 26, 10, 50, 4, 67, 15, 32, 74, 48, 58, 51, 69, 22, 12, 46, 21, 5, 19, 76, 63, 42, 36, 65, 33, 43, 16, 70, 60]
og index list energy: 59686209.37290737
index list: [54, 55, 56, 57, 6, 53, 79, 17, 18, 41, 74, 72, 1, 2, 16, 12, 13, 32, 77, 39, 40, 19, 20, 21, 22, 23, 24, 25, 26, 27, 28, 29, 30, 31, 46, 47, 48, 37, 38, 58, 0, 73, 75, 7, 8, 76, 67, 68, 69, 43, 44, 45, 36, 34, 35, 9, 10, 11, 78, 42, 33, 50, 51, 52, 59, 60, 61, 62, 63, 64, 65, 66, 70, 71, 4, 5, 49, 14, 15, 3]
index list energy: 240503.6241571557Done

iterations:100000000, temp:1000000.0, exponent:0.7, eif:200.0
time taken (sec): 51259.82779216766
og index list: [12, 10, 68, 69, 72, 37, 13, 35, 29, 4, 78, 59, 60, 21, 39, 24, 11, 25, 50, 14, 20, 56, 32, 43, 48, 27, 65, 62, 30, 64, 66, 54, 41, 49, 73, 74, 47, 26, 71, 6, 67, 33, 76, 18, 34, 55, 23, 45, 7, 70, 44, 42, 36, 61, 2, 28, 31, 79, 40, 46, 19, 77, 5, 16, 15, 3, 57, 51, 0, 75, 9, 8, 22, 17, 63, 38, 52, 1, 58, 53]
og index list energy: 55967276.92761201
index list: [47, 1, 2, 3, 4, 15, 6, 7, 8, 9, 10, 11, 12, 13, 19, 75, 42, 70, 49, 17, 18, 16, 40, 36, 22, 23, 24, 25, 26, 27, 28, 29, 30, 31, 32, 79, 33, 37, 38, 48, 34, 35, 46, 41, 65, 66, 67, 68, 69, 72, 58, 0, 74, 73, 50, 51, 52, 53, 54, 64, 71, 20, 21, 78, 59, 60, 61, 62, 63, 55, 56, 57, 39, 77, 14, 5, 76, 43, 44, 45]
index list energy: 207409.53912908092Done

iterations:100000000, temp:1000000.0, exponent:0.7, eif:200.0
Done

iterations:100000000, temp:1000000.0, exponent:0.7, eif:200.0
time taken (sec): 53036.58484220505
og index list: [47, 4, 19, 46, 21, 34, 77, 69, 27, 43, 73, 44, 56, 35, 71, 40, 10, 0, 33, 13, 57, 1, 36, 76, 39, 31, 24, 42, 41, 75, 74, 65, 16, 50, 8, 52, 14, 54, 18, 48, 9, 37, 67, 53, 20, 15, 26, 3, 58, 45, 32, 23, 79, 7, 55, 59, 60, 70, 51, 66, 30, 11, 29, 12, 17, 62, 63, 49, 22, 28, 61, 78, 64, 38, 2, 6, 25, 5, 72, 68]
og index list energy: 51308798.31520018
index list: [14, 5, 41, 71, 4, 15, 46, 1, 2, 3, 78, 42, 43, 44, 45, 16, 40, 19, 20, 79, 72, 73, 76, 33, 22, 23, 24, 25, 26, 27, 28, 29, 30, 31, 32, 57, 58, 49, 13, 36, 37, 38, 39, 50, 51, 10, 11, 12, 77, 17, 18, 47, 48, 34, 35, 9, 52, 53, 54, 0, 6, 7, 8, 75, 59, 60, 61, 62, 63, 64, 21, 55, 56, 74, 66, 67, 68, 69, 70, 65]
index list energy: 230353.53474610343Done

iterations:100000000, temp:1000000.0, exponent:0.7, eif:200.0
time taken (sec): 51496.85932970047
og index list: [2, 25, 22, 57, 16, 13, 23, 77, 72, 26, 45, 44, 9, 10, 5, 71, 70, 1, 6, 17, 66, 30, 39, 11, 62, 74, 65, 42, 69, 19, 20, 53, 63, 49, 75, 14, 60, 68, 33, 31, 46, 58, 4, 55, 50, 3, 48, 51, 52, 18, 29, 79, 0, 73, 7, 64, 24, 27, 36, 15, 40, 12, 8, 43, 32, 37, 41, 59, 47, 28, 35, 38, 67, 54, 78, 21, 76, 34, 56, 61]
og index list energy: 58465375.07281674
index list: [43, 9, 10, 11, 12, 13, 32, 76, 53, 54, 74, 3, 20, 21, 34, 35, 46, 19, 49, 42, 72, 73, 40, 36, 22, 23, 24, 25, 26, 27, 28, 29, 30, 31, 16, 79, 33, 37, 38, 48, 55, 56, 57, 47, 39, 0, 1, 2, 6, 77, 59, 60, 61, 62, 51, 52, 7, 8, 63, 64, 75, 67, 68, 69, 14, 5, 58, 50, 78, 70, 71, 4, 15, 44, 45, 41, 65, 66, 17, 18]
index list energy: 324709.20843015425Done

iterations:100000000, temp:1000000.0, exponent:0.7, eif:200.0
time taken (sec): 57426.57865047455
og index list: [6, 70, 3, 39, 71, 50, 52, 27, 51, 7, 24, 46, 49, 47, 13, 2, 9, 42, 62, 20, 67, 41, 44, 48, 78, 14, 40, 5, 53, 45, 30, 18, 55, 21, 1, 38, 10, 57, 61, 63, 12, 66, 43, 76, 69, 17, 35, 19, 15, 56, 75, 34, 32, 31, 37, 79, 11, 23, 4, 58, 16, 77, 33, 36, 8, 64, 68, 73, 65, 28, 25, 26, 60, 29, 22, 0, 59, 54, 74, 72]
og index list energy: 67063167.52407965
index list: [72, 1, 2, 9, 10, 11, 78, 7, 8, 76, 13, 32, 12, 79, 30, 31, 47, 39, 49, 17, 18, 19, 20, 21, 22, 23, 24, 25, 26, 27, 28, 29, 75, 43, 6, 53, 54, 37, 38, 48, 0, 44, 45, 46, 41, 50, 51, 52, 14, 15, 16, 40, 58, 74, 42, 33, 34, 35, 36, 55, 56, 57, 73, 77, 59, 60, 61, 62, 63, 64, 65, 66, 67, 68, 69, 70, 71, 4, 5, 3]
index list energy: 245574.88621333058Done

iterations:100000000, temp:1000000.0, exponent:0.7, eif:200.0
time taken (sec): 55324.594010829926
og index list: [63, 56, 3, 71, 31, 39, 16, 55, 2, 28, 69, 17, 1, 77, 38, 58, 47, 25, 68, 11, 13, 36, 48, 12, 78, 32, 18, 50, 65, 27, 75, 64, 57, 73, 76, 30, 6, 66, 62, 51, 60, 49, 45, 20, 46, 23, 67, 79, 0, 10, 74, 24, 19, 15, 29, 14, 53, 4, 59, 7, 70, 22, 43, 26, 42, 37, 41, 5, 35, 34, 61, 33, 54, 40, 8, 44, 72, 21, 52, 9]
og index list energy: 54563811.74770486
index list: [14, 15, 9, 10, 77, 43, 0, 1, 2, 41, 71, 68, 69, 42, 72, 73, 74, 70, 75, 67, 79, 7, 8, 63, 22, 23, 24, 25, 26, 27, 28, 29, 30, 31, 32, 76, 33, 34, 35, 36, 37, 38, 39, 4, 5, 3, 50, 51, 52, 17, 18, 44, 54, 64, 65, 66, 59, 20, 21, 55, 56, 57, 58, 49, 47, 48, 78, 60, 61, 62, 11, 12, 13, 46, 6, 53, 45, 16, 40, 19]
index list energy: 272523.17941637576Done

iterations:100000000, temp:1000000.0, exponent:0.7, eif:200.0
Done

iterations:100000000, temp:1000000.0, exponent:0.7, eif:200.0
time taken (sec): 50943.17943406105
og index list: [30, 27, 37, 19, 60, 12, 13, 62, 35, 71, 6, 4, 50, 25, 22, 23, 76, 64, 65, 56, 29, 68, 54, 45, 72, 73, 10, 16, 51, 42, 31, 11, 9, 41, 15, 58, 26, 18, 75, 77, 47, 53, 38, 69, 32, 55, 63, 57, 49, 36, 24, 3, 34, 44, 40, 33, 59, 8, 43, 28, 21, 46, 0, 39, 79, 17, 52, 1, 74, 7, 66, 5, 67, 2, 70, 14, 20, 78, 48, 61]
og index list energy: 52718907.47460509
index list: [72, 1, 2, 3, 79, 13, 32, 78, 70, 65, 66, 59, 4, 5, 46, 39, 40, 41, 49, 17, 18, 19, 20, 21, 22, 23, 24, 25, 26, 27, 28, 29, 30, 31, 74, 53, 54, 37, 38, 58, 0, 73, 76, 67, 68, 69, 43, 77, 9, 10, 11, 12, 75, 42, 33, 64, 71, 60, 61, 62, 63, 50, 51, 57, 47, 48, 34, 35, 36, 55, 56, 52, 14, 15, 6, 7, 8, 44, 45, 16]
index list energy: 278354.7049421619Done

iterations:100000000, temp:1000000.0, exponent:0.7, eif:200.0
time taken (sec): 52392.51753902435
og index list: [15, 48, 78, 27, 17, 38, 54, 11, 6, 10, 34, 19, 79, 45, 57, 65, 43, 35, 5, 47, 8, 46, 64, 18, 23, 59, 14, 26, 62, 20, 56, 63, 29, 58, 67, 21, 55, 76, 41, 22, 66, 3, 40, 71, 52, 28, 24, 12, 69, 75, 0, 9, 4, 44, 25, 68, 2, 50, 39, 1, 53, 70, 30, 32, 16, 74, 7, 31, 36, 51, 33, 77, 42, 73, 72, 49, 13, 37, 60, 61]
og index list energy: 59801518.43873689
index list: [72, 1, 2, 46, 41, 65, 66, 17, 18, 16, 50, 63, 64, 12, 13, 77, 42, 43, 6, 7, 8, 73, 79, 33, 22, 23, 24, 25, 26, 27, 28, 29, 30, 31, 44, 45, 36, 37, 38, 48, 34, 35, 9, 10, 11, 57, 49, 69, 70, 71, 20, 21, 75, 67, 60, 61, 62, 51, 76, 47, 39, 40, 19, 68, 0, 58, 78, 59, 74, 53, 54, 55, 56, 52, 14, 5, 3, 4, 15, 32]
index list energy: 306886.38333304424Done

iterations:100000000, temp:1000000.0, exponent:0.7, eif:200.0
time taken (sec): 53217.98324608803
og index list: [1, 10, 9, 70, 67, 3, 26, 17, 21, 4, 28, 59, 54, 31, 50, 56, 72, 44, 69, 11, 73, 57, 15, 76, 35, 0, 33, 16, 27, 32, 25, 24, 75, 60, 19, 53, 14, 12, 74, 34, 61, 18, 43, 23, 78, 6, 22, 52, 45, 48, 41, 79, 2, 64, 58, 63, 77, 71, 29, 42, 66, 38, 20, 7, 65, 49, 39, 68, 13, 5, 40, 8, 47, 36, 37, 62, 55, 30, 51, 46]
og index list energy: 57035587.52600674
index list: [48, 37, 38, 39, 40, 46, 47, 79, 17, 18, 16, 75, 42, 43, 50, 51, 52, 14, 5, 1, 2, 6, 53, 54, 22, 23, 24, 25, 26, 27, 28, 29, 30, 31, 41, 71, 60, 61, 62, 63, 64, 65, 66, 67, 76, 59, 68, 69, 70, 49, 19, 20, 21, 55, 56, 57, 44, 45, 36, 74, 33, 34, 35, 3, 4, 15, 77, 72, 58, 78, 7, 8, 9, 10, 11, 12, 13, 32, 0, 73]
index list energy: 337635.9458411151Done

iterations:100000000, temp:1000000.0, exponent:0.7, eif:200.0
time taken (sec): 49188.33826255798
og index list: [63, 6, 44, 64, 8, 31, 47, 71, 40, 0, 54, 2, 62, 41, 43, 24, 69, 75, 79, 15, 3, 45, 26, 55, 22, 50, 34, 4, 60, 35, 14, 16, 21, 72, 10, 11, 39, 53, 46, 73, 76, 37, 7, 20, 27, 32, 25, 9, 30, 61, 70, 17, 78, 19, 66, 23, 29, 57, 58, 56, 18, 13, 77, 49, 1, 59, 51, 74, 33, 12, 38, 65, 5, 68, 36, 28, 52, 67, 42, 48]
og index list energy: 54016083.128965415
index list: [33, 74, 14, 5, 41, 71, 26, 27, 28, 79, 42, 43, 1, 2, 44, 45, 6, 24, 40, 3, 4, 56, 25, 75, 29, 30, 31, 32, 49, 22, 23, 7, 8, 63, 55, 53, 54, 37, 38, 48, 34, 35, 9, 52, 17, 18, 19, 68, 70, 65, 66, 67, 77, 39, 20, 76, 59, 60, 61, 62, 51, 57, 58, 0, 16, 15, 36, 64, 21, 50, 69, 72, 73, 78, 10, 11, 12, 13, 46, 47]
index list energy: 527663.9421401254Done

iterations:100000000, temp:1000000.0, exponent:0.7, eif:200.0
Done

iterations:100000000, temp:1000000.0, exponent:0.7, eif:200.0
time taken (sec): 50043.89453411102
og index list: [75, 79, 73, 53, 0, 72, 52, 39, 37, 23, 10, 38, 13, 45, 44, 43, 42, 18, 25, 15, 77, 67, 71, 2, 8, 41, 59, 57, 70, 6, 24, 5, 62, 9, 78, 49, 30, 27, 48, 40, 46, 69, 63, 4, 11, 12, 14, 19, 1, 31, 34, 56, 17, 36, 64, 32, 60, 58, 65, 47, 26, 21, 74, 66, 68, 51, 50, 7, 3, 20, 35, 54, 55, 61, 22, 76, 33, 29, 28, 16]
og index list energy: 64030797.80709108
index list: [43, 1, 2, 73, 79, 42, 72, 76, 70, 71, 68, 7, 8, 9, 52, 17, 18, 19, 20, 50, 51, 57, 41, 21, 22, 23, 69, 67, 26, 27, 28, 29, 30, 31, 32, 74, 33, 34, 35, 78, 39, 40, 36, 55, 56, 66, 59, 4, 5, 16, 25, 60, 61, 62, 11, 12, 13, 46, 48, 77, 10, 63, 37, 38, 47, 58, 75, 53, 54, 64, 65, 49, 14, 15, 6, 24, 0, 44, 45, 3]
index list energy: 381003.09004398703Done

iterations:100000000, temp:1000000.0, exponent:0.7, eif:200.0
time taken (sec): 51471.900896549225
og index list: [25, 41, 70, 5, 69, 72, 31, 9, 49, 16, 18, 51, 4, 13, 77, 61, 38, 37, 1, 11, 78, 79, 58, 59, 36, 26, 45, 32, 57, 6, 12, 15, 2, 21, 64, 30, 39, 53, 20, 48, 68, 22, 60, 75, 24, 19, 3, 42, 65, 73, 28, 0, 50, 29, 35, 62, 17, 54, 14, 74, 33, 66, 7, 23, 43, 8, 52, 56, 63, 47, 67, 71, 44, 34, 10, 46, 40, 55, 76, 27]
og index list energy: 61997075.08054127
index list: [0, 1, 2, 3, 4, 5, 6, 7, 8, 9, 10, 11, 12, 13, 49, 42, 72, 73, 75, 17, 18, 19, 20, 21, 22, 23, 24, 25, 26, 27, 28, 29, 30, 31, 32, 78, 33, 37, 38, 48, 55, 56, 57, 47, 39, 76, 43, 44, 45, 46, 58, 74, 36, 34, 35, 51, 52, 53, 54, 79, 14, 15, 16, 77, 59, 60, 61, 62, 63, 64, 65, 66, 67, 68, 69, 70, 71, 40, 41, 50]
index list energy: 133129.2319497942Done

iterations:100000000, temp:1000000.0, exponent:0.7, eif:200.0
time taken (sec): 51134.46545243263
og index list: [8, 12, 5, 60, 37, 39, 6, 59, 44, 62, 22, 77, 32, 74, 29, 20, 68, 55, 52, 30, 72, 24, 66, 47, 27, 3, 28, 4, 36, 61, 14, 40, 26, 23, 33, 15, 42, 7, 9, 17, 56, 76, 11, 48, 50, 79, 16, 65, 45, 75, 49, 51, 67, 71, 53, 1, 2, 58, 21, 69, 35, 38, 41, 70, 78, 63, 19, 10, 34, 0, 31, 73, 25, 18, 46, 54, 13, 43, 57, 64]
og index list energy: 52120409.7387279
index list: [69, 17, 18, 32, 12, 13, 46, 1, 2, 3, 40, 47, 39, 60, 35, 44, 45, 41, 49, 67, 5, 19, 20, 21, 22, 23, 24, 25, 26, 27, 28, 29, 30, 31, 16, 79, 33, 37, 38, 48, 75, 72, 73, 76, 43, 6, 0, 77, 42, 70, 71, 4, 74, 11, 50, 51, 52, 53, 54, 55, 56, 57, 58, 78, 7, 8, 36, 34, 61, 62, 63, 64, 65, 66, 59, 68, 14, 15, 9, 10]
index list energy: 283118.7023395227Done

iterations:100000000, temp:1000000.0, exponent:0.7, eif:200.0
time taken (sec): 49967.94302392006
og index list: [69, 54, 23, 27, 7, 66, 11, 30, 59, 79, 72, 1, 25, 74, 49, 62, 24, 45, 78, 15, 14, 17, 22, 8, 29, 58, 6, 35, 60, 46, 33, 44, 51, 5, 26, 39, 70, 41, 77, 0, 34, 3, 71, 36, 10, 38, 16, 21, 19, 57, 2, 61, 75, 67, 63, 43, 13, 64, 4, 42, 40, 76, 52, 53, 68, 55, 18, 48, 31, 56, 28, 20, 73, 12, 9, 47, 32, 65, 37, 50]
og index list energy: 51296986.74370445
index list: [72, 73, 74, 35, 44, 45, 77, 17, 78, 67, 68, 69, 42, 43, 3, 4, 5, 41, 0, 1, 2, 9, 10, 63, 22, 23, 24, 25, 26, 27, 28, 29, 30, 31, 46, 47, 48, 37, 38, 58, 75, 59, 20, 21, 64, 71, 40, 36, 49, 18, 19, 60, 61, 62, 11, 12, 52, 53, 54, 55, 56, 50, 51, 13, 32, 79, 33, 34, 76, 70, 65, 66, 14, 15, 6, 7, 8, 16, 57, 39]
index list energy: 303551.7171947093Done

iterations:100000000, temp:1000000.0, exponent:0.7, eif:200.0
Done

iterations:100000000, temp:1000000.0, exponent:0.7, eif:200.0
time taken (sec): 51921.75282597542
og index list: [6, 52, 22, 42, 12, 63, 41, 45, 53, 51, 37, 2, 0, 58, 36, 26, 71, 43, 64, 77, 78, 61, 8, 49, 59, 15, 35, 5, 25, 50, 67, 40, 14, 57, 70, 23, 7, 62, 13, 66, 32, 54, 68, 73, 20, 75, 11, 38, 30, 48, 1, 19, 10, 39, 9, 47, 17, 60, 3, 4, 27, 74, 28, 34, 21, 65, 29, 24, 18, 56, 55, 44, 33, 16, 72, 76, 79, 31, 69, 46]
og index list energy: 54087822.12187646
index list: [47, 39, 40, 19, 4, 5, 6, 7, 8, 9, 10, 11, 12, 13, 76, 67, 68, 69, 43, 1, 2, 3, 20, 21, 22, 23, 24, 25, 26, 27, 28, 29, 30, 31, 75, 42, 33, 37, 38, 48, 34, 35, 32, 50, 51, 52, 59, 60, 77, 17, 18, 46, 58, 74, 70, 71, 0, 44, 54, 55, 56, 57, 16, 49, 14, 15, 36, 79, 61, 62, 63, 64, 78, 53, 45, 41, 65, 66, 72, 73]
index list energy: 200528.27218962417Done

iterations:100000000, temp:1000000.0, exponent:0.7, eif:200.0
time taken (sec): 51408.01682424545
og index list: [30, 73, 43, 33, 67, 45, 2, 16, 22, 76, 42, 63, 75, 54, 1, 11, 25, 79, 18, 41, 49, 69, 48, 29, 12, 52, 27, 26, 66, 6, 14, 62, 32, 65, 64, 9, 44, 71, 50, 7, 46, 20, 35, 17, 28, 47, 24, 72, 51, 37, 58, 38, 21, 3, 8, 68, 19, 78, 4, 55, 40, 23, 39, 70, 5, 77, 36, 0, 34, 61, 56, 59, 10, 15, 74, 53, 60, 31, 57, 13]
og index list energy: 64573538.77557165
index list: [33, 55, 56, 13, 46, 47, 39, 75, 72, 73, 78, 70, 71, 40, 3, 4, 15, 32, 66, 59, 60, 61, 62, 63, 22, 23, 24, 25, 26, 27, 28, 29, 30, 31, 6, 53, 54, 37, 38, 48, 34, 35, 51, 52, 67, 68, 69, 43, 44, 45, 19, 20, 21, 79, 7, 8, 76, 41, 74, 64, 65, 57, 58, 0, 1, 2, 36, 50, 77, 42, 17, 18, 16, 49, 14, 5, 9, 10, 11, 12]
index list energy: 311007.87368502043Done

iterations:100000000, temp:1000000.0, exponent:0.7, eif:200.0
time taken (sec): 50786.979556560516
og index list: [36, 23, 63, 11, 67, 26, 43, 61, 79, 70, 57, 21, 8, 59, 25, 41, 9, 34, 28, 17, 71, 40, 78, 49, 5, 47, 75, 53, 32, 69, 24, 74, 60, 54, 56, 31, 20, 39, 16, 64, 72, 12, 42, 33, 44, 19, 62, 58, 50, 18, 76, 10, 77, 65, 15, 22, 38, 48, 27, 4, 52, 2, 73, 1, 66, 45, 37, 3, 35, 68, 46, 14, 13, 0, 29, 55, 6, 7, 30, 51]
og index list energy: 47972014.53351115
index list: [59, 5, 47, 39, 4, 15, 46, 78, 42, 70, 0, 73, 75, 67, 20, 12, 13, 32, 66, 17, 18, 3, 40, 58, 77, 6, 24, 25, 26, 27, 28, 29, 30, 31, 16, 49, 33, 37, 50, 63, 55, 56, 57, 76, 54, 22, 23, 14, 7, 8, 44, 45, 36, 34, 35, 41, 71, 60, 61, 62, 51, 21, 64, 65, 52, 53, 74, 38, 48, 79, 72, 1, 2, 19, 68, 69, 43, 9, 10, 11]
index list energy: 390793.0965510985Done

iterations:100000000, temp:1000000.0, exponent:0.7, eif:200.0
time taken (sec): 52747.45330429077
og index list: [71, 34, 67, 33, 59, 65, 32, 46, 24, 35, 13, 53, 26, 16, 52, 61, 64, 7, 45, 76, 14, 44, 36, 66, 51, 37, 10, 8, 62, 74, 11, 29, 27, 73, 2, 31, 42, 49, 21, 75, 48, 58, 5, 47, 78, 43, 60, 25, 4, 12, 40, 50, 6, 30, 1, 39, 23, 72, 77, 22, 19, 3, 18, 79, 0, 9, 54, 57, 63, 15, 17, 28, 70, 38, 56, 20, 68, 69, 41, 55]
og index list energy: 62825804.80688231
index list: [33, 37, 38, 39, 4, 15, 46, 1, 2, 6, 7, 8, 9, 10, 11, 12, 13, 32, 79, 17, 18, 19, 20, 21, 22, 23, 24, 25, 26, 27, 28, 29, 30, 31, 16, 0, 49, 44, 45, 36, 55, 56, 52, 14, 5, 3, 78, 42, 43, 76, 40, 47, 48, 34, 35, 41, 77, 53, 54, 50, 51, 57, 58, 74, 59, 60, 61, 62, 63, 64, 65, 66, 67, 68, 69, 70, 71, 75, 72, 73]
index list energy: 157172.27561532287Done

iterations:100000000, temp:1000000.0, exponent:0.7, eif:200.0
Done

iterations:100000000, temp:1000000.0, exponent:0.7, eif:200.0
time taken (sec): 52181.75646305084
og index list: [78, 55, 51, 49, 47, 43, 6, 62, 37, 3, 9, 60, 13, 23, 29, 61, 59, 68, 64, 19, 46, 70, 71, 11, 5, 34, 28, 72, 12, 41, 0, 65, 40, 32, 63, 73, 15, 75, 25, 45, 42, 18, 66, 17, 56, 50, 4, 21, 22, 39, 7, 76, 1, 36, 69, 52, 53, 67, 31, 16, 58, 30, 14, 48, 54, 27, 2, 35, 79, 77, 38, 24, 26, 10, 20, 8, 44, 74, 33, 57]
og index list energy: 81424888.67561093
index list: [47, 39, 4, 77, 43, 75, 72, 1, 2, 46, 41, 71, 40, 36, 64, 65, 66, 70, 79, 17, 18, 19, 20, 21, 22, 23, 24, 25, 26, 27, 28, 29, 30, 31, 6, 53, 54, 37, 38, 48, 34, 35, 32, 12, 13, 0, 73, 49, 7, 8, 3, 60, 61, 62, 51, 10, 11, 50, 63, 55, 56, 57, 58, 78, 14, 15, 74, 42, 33, 76, 9, 52, 59, 68, 69, 67, 5, 44, 45, 16]
index list energy: 249205.63632227335Done

iterations:100000000, temp:1000000.0, exponent:0.7, eif:200.0
time taken (sec): 48911.35567522049
og index list: [2, 60, 11, 36, 54, 67, 40, 43, 0, 41, 73, 21, 74, 50, 9, 29, 31, 18, 26, 38, 3, 71, 4, 70, 37, 49, 52, 12, 24, 77, 17, 51, 19, 1, 35, 16, 79, 14, 48, 25, 5, 45, 30, 33, 63, 62, 6, 32, 39, 28, 53, 20, 23, 68, 57, 47, 64, 13, 76, 66, 61, 22, 34, 27, 44, 7, 59, 72, 8, 46, 78, 75, 15, 10, 42, 69, 58, 56, 65, 55]
og index list energy: 68504205.37465341
index list: [53, 54, 64, 65, 66, 50, 78, 17, 74, 7, 8, 63, 55, 56, 52, 14, 15, 46, 47, 1, 2, 3, 20, 21, 22, 23, 24, 25, 26, 27, 28, 29, 30, 31, 6, 69, 33, 34, 35, 36, 77, 70, 71, 4, 5, 9, 10, 11, 12, 13, 32, 57, 58, 76, 67, 68, 59, 60, 61, 62, 51, 0, 73, 79, 18, 19, 49, 72, 48, 37, 38, 39, 75, 42, 43, 44, 45, 16, 40, 41]
index list energy: 292181.14872577187Done

iterations:100000000, temp:1000000.0, exponent:0.7, eif:200.0
time taken (sec): 52650.51118206978
og index list: [73, 38, 53, 25, 24, 11, 2, 48, 58, 56, 64, 70, 17, 3, 60, 15, 78, 31, 63, 52, 6, 27, 61, 32, 8, 29, 42, 36, 7, 22, 21, 71, 65, 77, 67, 20, 44, 74, 66, 4, 16, 30, 1, 33, 13, 54, 62, 57, 45, 12, 51, 37, 49, 79, 72, 23, 75, 26, 47, 50, 43, 55, 35, 14, 59, 18, 76, 41, 39, 69, 40, 0, 68, 10, 28, 9, 5, 19, 46, 34]
og index list energy: 64465242.01997909
index list: [70, 0, 1, 2, 46, 44, 45, 79, 43, 6, 7, 8, 9, 10, 11, 12, 76, 59, 68, 69, 14, 15, 32, 21, 22, 23, 24, 25, 26, 27, 28, 29, 30, 31, 75, 42, 33, 34, 35, 36, 37, 38, 39, 4, 5, 3, 50, 51, 57, 47, 58, 77, 48, 49, 67, 74, 52, 53, 54, 64, 65, 66, 17, 18, 19, 60, 61, 62, 63, 55, 56, 13, 16, 40, 41, 71, 20, 78, 72, 73]
index list energy: 251418.01849297644Done

iterations:100000000, temp:1000000.0, exponent:0.7, eif:200.0
time taken (sec): 52735.41796326637
og index list: [40, 60, 58, 23, 38, 27, 5, 55, 53, 44, 72, 22, 43, 8, 16, 67, 33, 46, 59, 7, 0, 48, 12, 28, 71, 50, 66, 37, 65, 1, 25, 42, 26, 78, 32, 79, 11, 77, 2, 69, 4, 51, 49, 20, 30, 3, 56, 24, 75, 19, 70, 64, 54, 13, 18, 17, 35, 10, 41, 34, 76, 15, 31, 68, 45, 6, 29, 14, 63, 57, 47, 74, 62, 39, 9, 36, 61, 52, 73, 21]
og index list energy: 61277034.82142709
index list: [59, 15, 32, 66, 67, 5, 6, 7, 8, 9, 10, 11, 12, 13, 75, 42, 43, 16, 52, 53, 54, 55, 78, 33, 22, 23, 24, 25, 26, 27, 28, 77, 17, 18, 3, 20, 21, 37, 38, 49, 29, 30, 31, 47, 39, 76, 72, 1, 2, 44, 45, 46, 48, 34, 35, 41, 71, 60, 61, 62, 51, 57, 58, 79, 70, 74, 36, 50, 63, 64, 65, 40, 19, 68, 69, 14, 56, 0, 73, 4]
index list energy: 346805.1933655743Done

iterations:100000000, temp:1000000.0, exponent:0.7, eif:200.0
Done

iterations:100000000, temp:1000000.0, exponent:0.7, eif:200.0
time taken (sec): 53261.061806201935
og index list: [53, 57, 68, 66, 7, 21, 13, 6, 37, 17, 79, 33, 61, 30, 19, 11, 46, 71, 35, 2, 59, 56, 20, 0, 27, 73, 23, 42, 39, 5, 51, 26, 65, 58, 22, 62, 50, 70, 9, 40, 25, 34, 15, 60, 78, 44, 32, 52, 28, 69, 47, 72, 24, 48, 16, 18, 36, 74, 76, 64, 54, 12, 4, 41, 8, 49, 3, 10, 77, 55, 75, 43, 45, 14, 29, 67, 63, 1, 38, 31]
og index list energy: 58551800.760266036
index list: [14, 5, 1, 2, 78, 43, 6, 7, 8, 9, 10, 11, 12, 13, 16, 75, 46, 47, 79, 17, 18, 19, 20, 21, 22, 23, 24, 25, 26, 27, 28, 29, 30, 31, 32, 74, 33, 34, 35, 36, 37, 38, 39, 40, 41, 0, 73, 50, 51, 52, 53, 54, 76, 44, 45, 49, 42, 72, 48, 55, 56, 57, 58, 77, 59, 60, 61, 62, 63, 64, 65, 66, 67, 68, 69, 70, 71, 4, 15, 3]
index list energy: 141419.3082604585Done

iterations:100000000, temp:1000000.0, exponent:0.7, eif:200.0
time taken (sec): 51201.115131139755
og index list: [27, 47, 37, 46, 56, 38, 29, 66, 62, 34, 22, 40, 60, 43, 72, 63, 41, 17, 61, 21, 25, 55, 30, 1, 2, 5, 50, 78, 14, 48, 70, 74, 31, 64, 65, 26, 52, 18, 16, 39, 3, 59, 23, 32, 69, 7, 13, 28, 71, 73, 67, 35, 11, 4, 20, 10, 77, 36, 45, 79, 57, 58, 53, 51, 15, 54, 49, 6, 68, 8, 75, 12, 24, 44, 76, 33, 9, 19, 0, 42]
og index list energy: 64374433.81934821
index list: [33, 37, 75, 67, 26, 27, 28, 29, 30, 31, 47, 39, 74, 42, 43, 9, 52, 69, 72, 73, 76, 59, 20, 21, 22, 23, 14, 5, 49, 7, 8, 79, 17, 18, 1, 2, 41, 71, 60, 61, 62, 51, 10, 11, 12, 13, 32, 25, 68, 24, 40, 16, 78, 44, 45, 3, 4, 15, 36, 55, 56, 57, 58, 0, 6, 53, 54, 50, 63, 64, 65, 66, 70, 77, 38, 48, 34, 35, 46, 19]
index list energy: 399910.7714690958Done

iterations:100000000, temp:1000000.0, exponent:0.7, eif:200.0
time taken (sec): 52264.7787425518
og index list: [34, 29, 76, 38, 37, 12, 70, 44, 64, 69, 11, 2, 26, 1, 16, 60, 40, 67, 79, 31, 41, 53, 20, 55, 7, 65, 54, 13, 51, 58, 33, 32, 45, 68, 30, 24, 39, 17, 50, 74, 19, 62, 63, 42, 48, 21, 10, 72, 57, 6, 61, 52, 36, 43, 23, 14, 18, 59, 66, 15, 9, 71, 47, 25, 35, 28, 49, 73, 75, 8, 4, 78, 5, 56, 22, 27, 46, 3, 77, 0]
og index list energy: 57365138.853820615
index list: [48, 37, 38, 47, 39, 40, 6, 7, 8, 9, 10, 11, 12, 13, 16, 78, 17, 18, 19, 4, 5, 3, 20, 21, 22, 23, 24, 25, 26, 27, 28, 29, 30, 31, 32, 74, 33, 34, 35, 36, 64, 65, 66, 67, 68, 69, 42, 43, 44, 45, 76, 53, 54, 77, 70, 79, 59, 60, 61, 62, 75, 72, 73, 0, 1, 2, 58, 50, 63, 55, 56, 52, 14, 15, 46, 49, 51, 57, 41, 71]
index list energy: 194881.9771018007Done

iterations:100000000, temp:1000000.0, exponent:0.7, eif:200.0
time taken (sec): 51069.77388906479
og index list: [49, 16, 77, 62, 76, 60, 17, 75, 25, 67, 69, 23, 8, 18, 5, 63, 46, 44, 48, 14, 68, 78, 31, 6, 2, 30, 28, 7, 21, 66, 27, 15, 3, 57, 45, 22, 79, 54, 32, 51, 73, 53, 47, 10, 50, 29, 12, 9, 20, 38, 71, 64, 35, 58, 65, 74, 24, 61, 19, 26, 56, 42, 55, 33, 52, 34, 41, 1, 37, 59, 39, 4, 43, 40, 36, 72, 11, 70, 0, 13]
og index list energy: 69083594.21467741
index list: [33, 22, 23, 24, 66, 59, 68, 7, 8, 75, 17, 18, 46, 6, 69, 70, 71, 4, 5, 1, 2, 3, 60, 61, 62, 51, 52, 67, 26, 27, 28, 29, 30, 31, 9, 10, 63, 77, 53, 54, 55, 56, 57, 41, 65, 0, 73, 79, 14, 15, 32, 25, 76, 72, 47, 48, 34, 35, 36, 74, 37, 38, 39, 40, 19, 20, 21, 64, 78, 58, 50, 11, 12, 13, 49, 42, 43, 44, 45, 16]
index list energy: 322632.4308757782Done

iterations:100000000, temp:1000000.0, exponent:0.7, eif:200.0
Done

iterations:100000000, temp:1000000.0, exponent:0.7, eif:200.0
time taken (sec): 50679.49463582039
og index list: [4, 59, 14, 12, 66, 35, 77, 79, 22, 23, 3, 28, 18, 37, 11, 70, 6, 29, 39, 17, 41, 47, 60, 9, 76, 53, 51, 32, 56, 7, 50, 16, 75, 30, 54, 27, 69, 52, 5, 20, 46, 19, 26, 49, 10, 2, 63, 40, 34, 25, 67, 58, 64, 72, 71, 31, 38, 21, 68, 0, 15, 57, 24, 74, 62, 48, 36, 73, 61, 44, 45, 8, 55, 43, 42, 13, 1, 65, 33, 78]
og index list energy: 55771449.26363126
index list: [14, 15, 9, 10, 11, 12, 52, 17, 18, 19, 60, 61, 34, 35, 6, 24, 25, 76, 43, 3, 75, 70, 65, 79, 26, 27, 28, 29, 49, 22, 23, 7, 8, 69, 67, 20, 74, 30, 31, 58, 77, 59, 5, 46, 44, 45, 41, 71, 68, 53, 54, 64, 21, 50, 63, 0, 1, 2, 36, 62, 51, 66, 72, 73, 40, 16, 78, 42, 33, 55, 56, 13, 32, 57, 47, 48, 37, 38, 39, 4]
index list energy: 605525.4837221781Done

iterations:100000000, temp:1000000.0, exponent:0.7, eif:200.0
time taken (sec): 52097.002068281174
og index list: [47, 44, 76, 67, 79, 78, 29, 51, 64, 12, 53, 40, 39, 15, 5, 74, 52, 0, 48, 23, 38, 35, 72, 57, 30, 4, 14, 41, 25, 69, 1, 28, 10, 71, 3, 42, 61, 59, 62, 77, 55, 8, 54, 37, 70, 49, 18, 75, 58, 24, 7, 36, 16, 66, 73, 31, 33, 45, 6, 46, 13, 19, 43, 65, 20, 9, 21, 68, 56, 11, 2, 17, 34, 50, 22, 60, 32, 63, 27, 26]
og index list energy: 57058454.74355113
index list: [14, 15, 9, 10, 11, 12, 66, 17, 18, 1, 2, 3, 60, 77, 59, 68, 69, 70, 49, 42, 33, 37, 38, 48, 22, 23, 24, 25, 26, 27, 28, 29, 30, 31, 32, 0, 76, 43, 44, 54, 64, 65, 78, 52, 53, 45, 16, 4, 5, 6, 7, 8, 36, 34, 35, 41, 71, 20, 21, 55, 56, 57, 58, 79, 67, 50, 63, 75, 61, 62, 51, 13, 46, 47, 39, 74, 72, 73, 40, 19]
index list energy: 313278.07508813695Done

iterations:100000000, temp:1000000.0, exponent:0.7, eif:200.0
time taken (sec): 50939.30889940262
og index list: [65, 47, 20, 56, 37, 0, 77, 78, 40, 10, 49, 22, 24, 32, 70, 29, 38, 50, 43, 57, 51, 75, 39, 54, 30, 68, 28, 53, 9, 15, 55, 46, 60, 79, 62, 34, 74, 19, 44, 16, 26, 72, 45, 4, 17, 1, 76, 23, 66, 21, 13, 48, 11, 67, 52, 71, 63, 61, 64, 35, 69, 5, 58, 2, 8, 6, 59, 12, 33, 14, 25, 73, 3, 36, 42, 7, 18, 27, 31, 41]
og index list energy: 60901161.221580565
index list: [42, 43, 44, 45, 41, 71, 26, 27, 30, 61, 62, 11, 50, 51, 13, 19, 60, 31, 6, 7, 8, 9, 78, 33, 22, 23, 70, 65, 66, 17, 18, 1, 2, 16, 40, 47, 48, 34, 35, 36, 37, 38, 39, 77, 59, 4, 68, 69, 72, 73, 75, 10, 63, 49, 14, 56, 52, 53, 54, 64, 12, 57, 58, 0, 3, 20, 21, 55, 74, 67, 5, 46, 79, 28, 29, 76, 24, 25, 15, 32]
index list energy: 473781.024364119Done

iterations:100000000, temp:1000000.0, exponent:0.7, eif:200.0
time taken (sec): 49769.54922962189
og index list: [1, 14, 51, 11, 3, 76, 27, 19, 60, 53, 38, 73, 28, 75, 15, 69, 2, 70, 10, 79, 59, 33, 9, 78, 67, 18, 29, 47, 43, 49, 25, 13, 77, 17, 12, 44, 8, 39, 24, 20, 64, 0, 42, 62, 36, 57, 61, 48, 65, 58, 32, 35, 7, 34, 45, 55, 26, 63, 46, 66, 71, 37, 50, 56, 5, 22, 23, 68, 54, 72, 21, 6, 16, 4, 31, 40, 30, 41, 52, 74]
og index list energy: 57295812.72623597
index list: [21, 55, 56, 13, 41, 71, 20, 75, 30, 31, 3, 4, 5, 44, 45, 46, 0, 73, 49, 17, 18, 32, 57, 58, 76, 39, 40, 19, 26, 27, 28, 29, 77, 42, 72, 47, 48, 34, 35, 36, 22, 23, 14, 15, 6, 24, 79, 43, 9, 10, 11, 12, 78, 67, 68, 7, 8, 69, 33, 37, 38, 1, 2, 16, 25, 60, 61, 62, 63, 64, 65, 66, 70, 74, 59, 50, 51, 52, 53, 54]
index list energy: 345456.0146079513Done

iterations:100000000, temp:1000000.0, exponent:0.7, eif:200.0
Done

iterations:100000000, temp:1000000.0, exponent:0.7, eif:200.0
time taken (sec): 53479.06423616409
og index list: [0, 11, 9, 60, 49, 64, 15, 45, 14, 71, 24, 56, 32, 53, 30, 28, 22, 18, 27, 21, 78, 2, 66, 73, 10, 16, 34, 31, 40, 63, 75, 59, 68, 38, 76, 47, 26, 35, 23, 17, 33, 55, 39, 50, 69, 54, 70, 48, 5, 25, 52, 41, 36, 58, 6, 57, 42, 1, 8, 3, 51, 37, 43, 46, 74, 62, 44, 19, 67, 4, 65, 7, 79, 72, 29, 12, 13, 20, 61, 77]
og index list energy: 61316473.51532671
index list: [53, 54, 55, 56, 57, 19, 78, 17, 18, 41, 71, 68, 69, 70, 50, 51, 52, 14, 15, 1, 2, 3, 20, 21, 22, 23, 24, 25, 26, 27, 28, 29, 30, 31, 74, 42, 33, 75, 47, 48, 37, 38, 39, 40, 16, 49, 8, 9, 10, 11, 12, 13, 36, 64, 65, 66, 67, 60, 61, 62, 63, 34, 35, 46, 0, 58, 77, 59, 76, 72, 73, 4, 5, 44, 45, 32, 79, 43, 6, 7]
index list energy: 262068.93566655432Done

iterations:100000000, temp:1000000.0, exponent:0.7, eif:200.0
time taken (sec): 51979.048221588135
og index list: [78, 34, 5, 21, 45, 9, 0, 68, 79, 70, 30, 51, 74, 75, 26, 58, 56, 33, 47, 17, 22, 52, 15, 55, 40, 16, 28, 43, 32, 46, 77, 69, 31, 63, 12, 3, 54, 44, 10, 67, 73, 59, 24, 66, 60, 25, 49, 71, 62, 48, 29, 18, 38, 4, 65, 7, 61, 23, 19, 8, 27, 39, 14, 36, 11, 35, 72, 53, 57, 41, 64, 50, 6, 76, 2, 13, 42, 20, 37, 1]
og index list energy: 62642117.68628116
index list: [13, 16, 77, 70, 71, 60, 35, 1, 2, 46, 47, 39, 75, 72, 73, 4, 5, 78, 42, 17, 18, 19, 20, 21, 22, 23, 24, 25, 26, 27, 28, 29, 30, 31, 6, 69, 33, 37, 38, 48, 79, 43, 9, 10, 51, 52, 53, 54, 55, 56, 57, 58, 76, 67, 68, 7, 8, 50, 63, 64, 65, 66, 59, 49, 14, 15, 36, 34, 61, 62, 11, 12, 0, 44, 45, 32, 74, 3, 40, 41]
index list energy: 299007.0195930697Done

iterations:100000000, temp:1000000.0, exponent:0.7, eif:200.0
time taken (sec): 52676.61274933815
og index list: [2, 67, 11, 20, 36, 34, 22, 58, 73, 61, 25, 47, 54, 44, 17, 39, 23, 21, 52, 78, 49, 10, 24, 75, 79, 3, 14, 16, 72, 27, 26, 12, 70, 9, 5, 32, 69, 50, 1, 62, 15, 35, 64, 65, 8, 63, 60, 46, 66, 45, 57, 19, 33, 40, 76, 53, 43, 59, 7, 0, 71, 4, 31, 37, 41, 38, 29, 18, 30, 74, 77, 6, 55, 48, 42, 56, 13, 51, 28, 68]
og index list energy: 56980602.69901912
index list: [42, 43, 9, 10, 11, 12, 13, 49, 6, 7, 8, 51, 52, 69, 72, 73, 75, 32, 76, 17, 18, 19, 20, 21, 22, 23, 24, 25, 26, 27, 28, 29, 30, 31, 16, 77, 33, 34, 35, 36, 37, 38, 39, 4, 15, 44, 45, 46, 47, 74, 59, 60, 61, 62, 78, 67, 68, 53, 54, 55, 56, 57, 48, 0, 1, 2, 58, 50, 63, 64, 65, 66, 70, 79, 14, 5, 3, 40, 41, 71]
index list energy: 189499.80613609814Done

iterations:100000000, temp:1000000.0, exponent:0.7, eif:200.0
time taken (sec): 49433.85318851471
og index list: [1, 14, 3, 9, 44, 42, 6, 23, 19, 28, 65, 67, 31, 51, 68, 20, 58, 5, 34, 79, 10, 15, 25, 48, 29, 26, 18, 32, 54, 33, 36, 62, 13, 4, 63, 53, 73, 71, 66, 60, 61, 77, 75, 24, 70, 2, 64, 7, 39, 37, 72, 22, 52, 55, 56, 11, 17, 46, 16, 21, 69, 78, 35, 0, 30, 40, 27, 49, 50, 12, 43, 41, 57, 8, 76, 74, 45, 47, 59, 38]
og index list energy: 63402144.515225805
index list: [14, 5, 41, 78, 72, 73, 74, 17, 18, 1, 2, 3, 20, 21, 22, 23, 24, 57, 6, 7, 8, 9, 10, 63, 75, 45, 32, 25, 26, 27, 28, 29, 30, 31, 46, 47, 48, 34, 35, 36, 64, 65, 66, 67, 68, 69, 42, 33, 37, 38, 39, 40, 49, 19, 50, 51, 52, 53, 54, 55, 56, 76, 43, 44, 0, 58, 77, 59, 60, 61, 62, 11, 12, 13, 79, 70, 71, 4, 15, 16]
index list energy: 244303.88002545162Done

iterations:100000000, temp:1000000.0, exponent:0.7, eif:200.0
Done

iterations:100000000, temp:1000000.0, exponent:0.7, eif:200.0
time taken (sec): 50112.19987797737
og index list: [76, 8, 4, 55, 18, 3, 0, 49, 17, 36, 42, 51, 48, 23, 74, 41, 24, 20, 27, 19, 11, 40, 9, 14, 57, 33, 60, 28, 54, 5, 2, 32, 38, 26, 79, 29, 16, 37, 1, 10, 73, 58, 72, 69, 50, 63, 78, 21, 7, 67, 35, 62, 6, 44, 39, 66, 25, 45, 30, 56, 59, 47, 68, 61, 15, 75, 46, 65, 34, 13, 22, 71, 77, 52, 12, 31, 64, 53, 70, 43]
og index list energy: 73389985.54388972
index list: [10, 51, 38, 39, 40, 19, 26, 27, 30, 31, 32, 78, 14, 15, 6, 7, 8, 49, 59, 77, 67, 68, 69, 33, 22, 23, 24, 25, 79, 17, 18, 1, 2, 9, 52, 53, 54, 34, 35, 36, 64, 65, 57, 47, 58, 0, 73, 4, 5, 41, 71, 60, 61, 62, 11, 12, 13, 46, 48, 37, 74, 72, 44, 45, 16, 20, 21, 50, 63, 55, 56, 66, 70, 75, 29, 28, 76, 42, 43, 3]
index list energy: 354211.7741996918Done

iterations:100000000, temp:1000000.0, exponent:0.7, eif:200.0
time taken (sec): 53265.623767614365
og index list: [78, 3, 74, 10, 56, 19, 54, 27, 68, 11, 61, 43, 7, 53, 17, 50, 23, 28, 39, 62, 75, 41, 37, 35, 18, 60, 29, 73, 22, 47, 58, 57, 40, 48, 64, 0, 42, 26, 15, 76, 65, 67, 55, 70, 25, 2, 8, 38, 72, 14, 69, 34, 32, 12, 63, 66, 45, 31, 44, 36, 13, 33, 9, 5, 30, 77, 20, 24, 4, 79, 52, 46, 51, 49, 1, 71, 16, 6, 59, 21]
og index list energy: 65279851.789768465
index list: [14, 15, 16, 40, 41, 65, 66, 17, 18, 46, 47, 48, 37, 38, 39, 78, 42, 43, 6, 7, 8, 51, 50, 63, 22, 23, 24, 25, 26, 27, 28, 29, 30, 31, 9, 10, 75, 72, 73, 76, 67, 68, 69, 70, 21, 49, 59, 77, 34, 35, 3, 60, 61, 62, 11, 79, 52, 53, 54, 55, 56, 57, 58, 0, 1, 2, 36, 74, 33, 64, 71, 4, 5, 44, 45, 32, 12, 13, 19, 20]
index list energy: 250727.93215464658Done

iterations:100000000, temp:1000000.0, exponent:0.7, eif:200.0
time taken (sec): 51738.67270684242
og index list: [78, 43, 44, 26, 62, 75, 51, 76, 17, 10, 65, 50, 72, 8, 21, 7, 61, 31, 34, 35, 55, 18, 0, 14, 45, 15, 57, 39, 79, 71, 41, 77, 48, 59, 53, 56, 46, 5, 28, 2, 22, 63, 42, 69, 12, 20, 73, 67, 49, 40, 74, 64, 30, 25, 16, 27, 4, 29, 60, 3, 70, 19, 23, 36, 9, 68, 38, 1, 52, 66, 6, 37, 54, 13, 24, 33, 11, 32, 47, 58]
og index list energy: 72272970.15068255
index list: [14, 15, 9, 10, 11, 76, 42, 17, 18, 32, 12, 13, 16, 57, 39, 49, 59, 75, 43, 78, 6, 7, 8, 63, 22, 23, 24, 25, 26, 27, 28, 29, 30, 31, 19, 60, 61, 62, 69, 33, 34, 35, 46, 1, 2, 3, 20, 21, 55, 56, 52, 53, 54, 74, 36, 37, 38, 47, 48, 64, 65, 66, 67, 68, 50, 51, 77, 72, 58, 0, 73, 4, 5, 44, 45, 79, 70, 71, 40, 41]
index list energy: 329052.32947089395Done

iterations:100000000, temp:1000000.0, exponent:0.7, eif:200.0
time taken (sec): 52061.67002058029
og index list: [50, 69, 41, 29, 21, 2, 44, 53, 9, 11, 58, 16, 64, 40, 34, 22, 78, 39, 8, 20, 76, 13, 61, 77, 4, 14, 46, 1, 26, 75, 18, 42, 70, 52, 28, 65, 54, 31, 37, 73, 62, 57, 43, 67, 38, 60, 30, 17, 48, 79, 19, 3, 71, 6, 36, 33, 24, 27, 15, 0, 47, 45, 12, 7, 63, 49, 32, 23, 5, 66, 10, 59, 55, 56, 51, 72, 35, 68, 74, 25]
og index list energy: 59264087.01148315
index list: [13, 46, 58, 0, 1, 2, 6, 7, 8, 9, 52, 14, 5, 44, 45, 16, 79, 42, 43, 3, 40, 19, 20, 21, 22, 23, 24, 25, 26, 27, 28, 29, 30, 31, 32, 75, 33, 34, 35, 36, 55, 56, 57, 47, 74, 53, 50, 51, 10, 11, 12, 78, 48, 37, 38, 39, 4, 15, 54, 76, 17, 18, 41, 77, 59, 60, 61, 62, 63, 64, 65, 66, 67, 68, 69, 70, 71, 49, 72, 73]
index list energy: 202566.011551406Done

iterations:100000000, temp:1000000.0, exponent:0.7, eif:200.0
Done

iterations:100000000, temp:1000000.0, exponent:0.7, eif:200.0
time taken (sec): 52621.46766591072
og index list: [60, 67, 44, 45, 1, 76, 38, 59, 52, 42, 65, 49, 9, 75, 56, 43, 78, 14, 63, 51, 57, 77, 46, 6, 61, 7, 11, 17, 30, 64, 29, 69, 8, 20, 25, 68, 2, 4, 24, 66, 31, 47, 79, 26, 22, 10, 50, 53, 35, 62, 33, 34, 40, 55, 37, 36, 48, 5, 54, 41, 12, 58, 13, 70, 27, 71, 15, 28, 73, 19, 21, 0, 74, 72, 23, 32, 39, 16, 18, 3]
og index list energy: 54377422.55978092
index list: [67, 5, 41, 77, 14, 15, 6, 7, 8, 9, 10, 11, 12, 13, 32, 66, 72, 73, 74, 17, 18, 19, 20, 21, 22, 23, 24, 25, 26, 27, 28, 29, 30, 31, 46, 47, 48, 76, 45, 36, 37, 38, 39, 40, 50, 51, 52, 53, 54, 55, 56, 78, 33, 34, 35, 1, 2, 44, 75, 43, 16, 57, 58, 79, 59, 60, 61, 62, 63, 0, 3, 4, 68, 69, 42, 70, 71, 49, 64, 65]
index list energy: 241555.4532670676Done

iterations:100000000, temp:1000000.0, exponent:0.7, eif:200.0
time taken (sec): 50721.13678097725
og index list: [67, 23, 62, 43, 58, 56, 41, 29, 63, 51, 5, 39, 28, 47, 40, 52, 57, 32, 9, 35, 33, 19, 25, 17, 20, 18, 71, 64, 65, 10, 8, 31, 27, 61, 54, 0, 45, 21, 14, 6, 76, 44, 22, 7, 49, 15, 79, 72, 42, 55, 69, 68, 50, 26, 11, 78, 48, 73, 34, 30, 2, 4, 3, 16, 46, 53, 77, 38, 60, 66, 59, 1, 36, 12, 37, 70, 75, 74, 24, 13]
og index list energy: 90501006.28231177
index list: [67, 15, 9, 10, 11, 12, 13, 75, 44, 45, 46, 47, 39, 40, 19, 68, 69, 42, 43, 1, 2, 3, 20, 21, 22, 23, 24, 25, 26, 27, 28, 29, 30, 31, 32, 78, 33, 34, 35, 36, 76, 17, 18, 16, 50, 74, 59, 4, 5, 6, 7, 8, 63, 55, 49, 70, 71, 60, 61, 77, 37, 38, 58, 0, 79, 53, 54, 64, 48, 62, 51, 52, 14, 56, 57, 41, 65, 66, 72, 73]
index list energy: 274095.4681005988Done

iterations:100000000, temp:1000000.0, exponent:0.7, eif:200.0
time taken (sec): 51965.26878643036
og index list: [30, 50, 69, 77, 78, 70, 6, 54, 25, 64, 29, 42, 38, 4, 65, 10, 17, 73, 46, 31, 76, 60, 45, 48, 13, 5, 43, 1, 23, 20, 36, 58, 68, 63, 12, 16, 9, 27, 49, 37, 24, 75, 44, 51, 72, 34, 18, 28, 32, 52, 35, 62, 53, 56, 0, 67, 55, 66, 71, 21, 79, 39, 22, 57, 41, 26, 11, 61, 8, 19, 40, 74, 15, 7, 59, 14, 33, 47, 3, 2]
og index list energy: 62120795.5320535
index list: [44, 45, 6, 69, 70, 71, 68, 7, 8, 9, 10, 63, 55, 56, 66, 17, 18, 19, 50, 77, 14, 15, 16, 78, 1, 2, 3, 4, 26, 27, 28, 29, 30, 31, 46, 47, 48, 76, 53, 54, 22, 23, 24, 57, 58, 75, 67, 5, 41, 65, 79, 43, 74, 72, 51, 52, 59, 60, 61, 62, 11, 0, 73, 49, 42, 33, 34, 35, 36, 64, 12, 13, 32, 25, 20, 21, 37, 38, 39, 40]
index list energy: 354078.65934904997Done

iterations:100000000, temp:1000000.0, exponent:0.7, eif:200.0
time taken (sec): 51434.510204315186
og index list: [34, 30, 49, 43, 31, 55, 58, 54, 76, 17, 24, 20, 67, 12, 33, 2, 46, 69, 45, 57, 14, 79, 26, 25, 1, 35, 64, 0, 21, 38, 48, 5, 29, 27, 66, 65, 62, 77, 73, 8, 23, 52, 74, 16, 22, 53, 37, 51, 13, 18, 6, 7, 78, 56, 32, 70, 44, 72, 41, 50, 10, 15, 71, 63, 39, 3, 19, 4, 75, 59, 68, 40, 11, 47, 42, 9, 60, 28, 61, 36]
og index list energy: 62165346.235354856
index list: [47, 39, 40, 19, 26, 27, 28, 29, 30, 31, 32, 25, 5, 41, 71, 4, 50, 51, 52, 17, 18, 3, 20, 21, 22, 23, 24, 0, 73, 79, 72, 1, 2, 44, 45, 46, 36, 37, 38, 48, 34, 35, 9, 10, 78, 42, 43, 6, 7, 8, 76, 53, 54, 75, 11, 12, 13, 74, 33, 64, 65, 57, 58, 77, 59, 60, 61, 62, 63, 55, 56, 66, 67, 68, 69, 70, 49, 14, 15, 16]
index list energy: 297090.21326713375Done

iterations:100000000, temp:1000000.0, exponent:0.7, eif:200.0
Done

iterations:100000000, temp:1000000.0, exponent:0.7, eif:200.0
time taken (sec): 50275.78542256355
og index list: [76, 57, 30, 64, 71, 38, 54, 41, 65, 70, 73, 63, 8, 29, 68, 35, 31, 49, 53, 27, 77, 12, 28, 40, 2, 56, 16, 79, 9, 45, 32, 74, 52, 37, 66, 48, 61, 43, 26, 62, 55, 24, 25, 3, 13, 23, 0, 72, 11, 46, 42, 5, 60, 39, 50, 19, 58, 69, 44, 47, 10, 14, 21, 67, 34, 22, 7, 20, 75, 51, 18, 59, 36, 1, 4, 15, 6, 78, 33, 17]
og index list energy: 62116205.72154021
index list: [67, 5, 1, 2, 3, 40, 6, 7, 8, 51, 13, 19, 0, 79, 42, 72, 73, 76, 53, 16, 20, 21, 50, 63, 22, 23, 24, 25, 26, 27, 28, 29, 30, 31, 46, 47, 48, 34, 35, 36, 37, 38, 39, 4, 75, 55, 56, 57, 58, 49, 59, 60, 61, 62, 77, 17, 18, 41, 78, 9, 10, 11, 12, 52, 14, 15, 54, 74, 33, 64, 65, 66, 70, 71, 68, 69, 43, 44, 45, 32]
index list energy: 267956.19716887164Done

iterations:100000000, temp:1000000.0, exponent:0.7, eif:200.0
time taken (sec): 49136.24641275406
og index list: [52, 57, 27, 43, 55, 67, 12, 29, 50, 45, 5, 49, 11, 38, 76, 16, 37, 22, 6, 71, 75, 64, 32, 58, 70, 73, 54, 21, 15, 66, 41, 30, 35, 1, 19, 36, 9, 53, 61, 47, 42, 4, 40, 72, 60, 20, 8, 3, 51, 68, 59, 34, 74, 18, 33, 17, 31, 39, 62, 10, 24, 48, 46, 65, 2, 77, 25, 79, 23, 0, 14, 69, 13, 28, 56, 63, 7, 44, 78, 26]
og index list energy: 62817764.04656098
index list: [63, 55, 56, 66, 70, 65, 77, 7, 8, 6, 24, 76, 67, 15, 16, 25, 68, 69, 43, 78, 11, 12, 13, 41, 74, 72, 73, 4, 26, 27, 28, 29, 30, 31, 1, 2, 36, 37, 38, 58, 0, 44, 45, 32, 21, 22, 23, 14, 5, 47, 39, 40, 49, 59, 50, 51, 52, 53, 54, 64, 71, 60, 61, 62, 9, 10, 75, 42, 33, 79, 17, 18, 19, 20, 57, 48, 34, 35, 46, 3]
index list energy: 423214.7171376618Done

iterations:100000000, temp:1000000.0, exponent:0.7, eif:200.0
time taken (sec): 51761.95832443237
og index list: [0, 56, 67, 71, 25, 2, 30, 31, 5, 60, 28, 54, 78, 66, 73, 49, 36, 14, 51, 79, 12, 10, 26, 6, 4, 64, 37, 33, 70, 29, 69, 41, 46, 16, 50, 76, 13, 22, 40, 42, 65, 27, 61, 18, 72, 45, 19, 11, 68, 63, 34, 38, 7, 39, 15, 21, 55, 75, 35, 57, 44, 23, 43, 1, 17, 20, 77, 52, 59, 48, 3, 47, 74, 8, 58, 62, 53, 32, 9, 24]
og index list energy: 68082137.42329349
index list: [72, 73, 50, 51, 52, 59, 68, 69, 70, 71, 78, 42, 43, 44, 45, 3, 40, 41, 49, 17, 18, 19, 20, 21, 22, 23, 24, 25, 26, 27, 28, 29, 30, 31, 6, 53, 54, 37, 38, 48, 55, 56, 75, 14, 15, 47, 39, 4, 5, 16, 57, 58, 77, 7, 8, 9, 74, 60, 61, 76, 33, 34, 35, 46, 1, 2, 36, 62, 63, 64, 65, 66, 67, 79, 10, 11, 12, 13, 32, 0]
index list energy: 254055.49599839633Done

iterations:100000000, temp:1000000.0, exponent:0.7, eif:200.0
time taken (sec): 50419.77075433731
og index list: [1, 63, 11, 46, 2, 40, 51, 30, 17, 23, 14, 71, 18, 21, 19, 48, 77, 16, 74, 52, 58, 59, 62, 68, 55, 29, 39, 38, 34, 72, 41, 44, 25, 57, 78, 3, 32, 8, 10, 45, 35, 67, 64, 0, 13, 69, 31, 33, 50, 43, 36, 49, 5, 24, 20, 54, 27, 22, 15, 61, 4, 28, 70, 76, 56, 79, 6, 12, 60, 42, 75, 47, 7, 73, 37, 26, 65, 9, 53, 66]
og index list energy: 55756682.39071337
index list: [70, 65, 25, 15, 41, 74, 28, 29, 30, 31, 32, 12, 13, 78, 72, 73, 75, 24, 66, 17, 18, 19, 20, 21, 22, 23, 79, 67, 26, 27, 0, 1, 2, 6, 7, 8, 36, 37, 38, 48, 34, 35, 9, 10, 11, 76, 42, 43, 46, 39, 40, 47, 58, 50, 63, 64, 71, 60, 61, 62, 51, 57, 3, 4, 5, 44, 54, 77, 33, 55, 56, 52, 53, 45, 16, 49, 59, 68, 69, 14]
index list energy: 293960.0869579944Done

iterations:100000000, temp:1000000.0, exponent:0.7, eif:200.0
Done

