iterations:10000000, temp:10000, exponent:0.7, eif:200.0
time taken (sec): 8589.18862915039
og index list: [73, 14, 16, 3, 48, 47, 50, 44, 45, 12, 13, 53, 10, 55, 36, 51, 15, 67, 57, 9, 0, 41, 52, 76, 7, 68, 62, 64, 21, 11, 72, 56, 49, 30, 60, 2, 35, 19, 66, 4, 37, 5, 8, 32, 43, 69, 58, 27, 40, 29, 28, 18, 78, 42, 23, 38, 65, 26, 6, 39, 71, 22, 74, 75, 31, 46, 33, 79, 24, 34, 25, 63, 20, 59, 1, 70, 61, 54, 17, 77]
og index list energy: 71153407.22552371index list: [33, 22, 23, 14, 56, 79, 8, 69, 42, 29, 30, 31, 16, 48, 34, 35, 45, 3, 68, 59, 20, 21, 64, 57, 73, 40, 19, 26, 75, 17, 18, 1, 2, 46, 32, 0, 47, 6, 53, 76, 24, 66, 70, 71, 4, 15, 36, 37, 38, 39, 25, 60, 49, 43, 9, 52, 67, 5, 58, 78, 61, 62, 51, 10, 11, 12, 13, 44, 54, 77, 7, 74, 27, 28, 72, 41, 65, 50, 63, 55]
index list energy: 1034769.0258724339Done

iterations:10000000, temp:10000, exponent:0.7, eif:200.0
time taken (sec): 8711.71762251854
og index list: [2, 47, 23, 37, 42, 34, 65, 39, 54, 56, 4, 70, 24, 31, 58, 33, 9, 43, 60, 62, 8, 57, 14, 79, 45, 41, 20, 68, 40, 19, 73, 27, 59, 25, 71, 32, 51, 75, 12, 72, 11, 28, 15, 21, 49, 66, 38, 6, 48, 64, 17, 50, 3, 69, 44, 30, 78, 35, 77, 76, 61, 46, 7, 53, 10, 22, 16, 63, 1, 55, 36, 26, 29, 52, 74, 13, 5, 67, 18, 0]
og index list energy: 62593099.94424145index list: [67, 26, 49, 24, 79, 33, 22, 23, 7, 8, 6, 69, 70, 13, 32, 12, 52, 14, 68, 53, 54, 64, 57, 58, 75, 48, 62, 76, 42, 17, 18, 1, 2, 3, 20, 21, 34, 35, 46, 47, 16, 65, 66, 72, 77, 27, 28, 43, 44, 45, 36, 37, 38, 39, 4, 74, 59, 60, 61, 0, 73, 40, 41, 71, 5, 9, 78, 29, 30, 31, 19, 15, 51, 10, 11, 50, 63, 55, 56, 25]
index list energy: 1094874.1809273774Done

iterations:10000000, temp:10000, exponent:0.7, eif:200.0
time taken (sec): 9210.707698345184
og index list: [17, 30, 36, 57, 37, 70, 71, 5, 43, 24, 48, 77, 64, 0, 19, 2, 33, 68, 15, 20, 8, 44, 25, 38, 28, 62, 39, 45, 73, 75, 3, 34, 65, 54, 72, 63, 16, 58, 59, 7, 31, 26, 11, 49, 61, 13, 18, 21, 50, 22, 69, 76, 60, 1, 29, 55, 4, 27, 56, 46, 41, 78, 67, 35, 6, 66, 79, 23, 12, 9, 51, 53, 10, 74, 52, 47, 32, 40, 14, 42]
og index list energy: 63007449.47977343index list: [56, 13, 44, 45, 36, 34, 35, 3, 40, 47, 39, 4, 5, 9, 10, 69, 59, 25, 26, 50, 11, 57, 48, 77, 27, 28, 29, 30, 31, 19, 15, 1, 2, 41, 71, 68, 75, 43, 16, 60, 61, 62, 63, 55, 24, 79, 42, 72, 58, 0, 46, 6, 53, 32, 12, 49, 70, 37, 38, 73, 76, 54, 64, 65, 66, 17, 18, 74, 33, 78, 67, 20, 21, 22, 23, 7, 8, 51, 52, 14]
index list energy: 1413972.7952183222Done

iterations:10000000, temp:10000, exponent:0.7, eif:200.0
time taken (sec): 7945.765110015869
og index list: [65, 13, 66, 12, 74, 15, 0, 72, 41, 57, 49, 52, 32, 21, 19, 75, 20, 63, 14, 38, 77, 33, 62, 67, 16, 43, 24, 59, 78, 47, 51, 34, 61, 55, 36, 25, 50, 22, 26, 30, 18, 4, 2, 23, 17, 10, 56, 5, 53, 76, 79, 42, 48, 58, 31, 54, 1, 46, 44, 39, 27, 35, 70, 69, 6, 28, 37, 29, 45, 40, 71, 60, 11, 9, 68, 8, 3, 64, 73, 7]
og index list energy: 58597879.441574216index list: [8, 63, 75, 28, 42, 17, 18, 54, 64, 52, 14, 56, 57, 1, 2, 51, 10, 67, 68, 53, 11, 12, 79, 33, 62, 0, 73, 40, 36, 22, 23, 7, 49, 43, 6, 59, 78, 39, 20, 76, 3, 60, 61, 34, 35, 46, 19, 5, 44, 45, 32, 66, 70, 71, 26, 27, 30, 31, 77, 29, 74, 9, 13, 16, 4, 15, 41, 65, 21, 37, 38, 58, 50, 69, 72, 47, 48, 55, 24, 25]
index list energy: 1416951.5374148549Done

iterations:10000000, temp:10000, exponent:0.7, eif:200.0
time taken (sec): 7673.163006544113
og index list: [73, 65, 49, 60, 67, 29, 36, 14, 56, 25, 53, 0, 61, 51, 69, 68, 8, 10, 1, 42, 79, 63, 23, 75, 15, 58, 11, 43, 78, 48, 2, 30, 16, 17, 13, 39, 64, 55, 57, 31, 9, 32, 5, 28, 12, 76, 45, 20, 38, 40, 62, 41, 3, 50, 59, 18, 77, 4, 7, 46, 19, 71, 24, 52, 74, 6, 54, 37, 66, 26, 27, 33, 35, 44, 21, 70, 22, 47, 72, 34]
og index list energy: 55314045.19079735index list: [54, 49, 42, 33, 55, 56, 57, 69, 17, 18, 32, 39, 60, 61, 62, 51, 13, 46, 19, 79, 2, 9, 10, 76, 8, 63, 22, 50, 77, 23, 14, 5, 41, 71, 68, 59, 15, 72, 16, 48, 64, 12, 52, 53, 11, 65, 40, 6, 24, 25, 20, 21, 34, 35, 44, 45, 36, 37, 38, 73, 4, 7, 74, 67, 26, 78, 31, 3, 75, 29, 28, 70, 66, 43, 47, 58, 0, 1, 27, 30]
index list energy: 1866460.8687560353Done

iterations:10000000, temp:10000, exponent:0.7, eif:200.0
time taken (sec): 8686.366220235825
og index list: [47, 24, 48, 52, 13, 17, 60, 46, 11, 56, 0, 76, 16, 72, 21, 6, 19, 20, 77, 29, 66, 78, 41, 63, 8, 37, 18, 54, 2, 73, 28, 34, 33, 44, 57, 79, 70, 62, 64, 49, 31, 10, 67, 71, 38, 59, 61, 32, 39, 74, 42, 45, 36, 30, 7, 25, 1, 50, 23, 4, 40, 43, 22, 14, 55, 3, 26, 68, 58, 9, 51, 27, 53, 15, 69, 75, 35, 65, 5, 12]
og index list energy: 51199716.567088336index list: [14, 56, 40, 41, 65, 66, 70, 22, 23, 59, 26, 50, 69, 67, 20, 57, 6, 17, 2, 46, 47, 39, 60, 61, 37, 38, 51, 13, 32, 77, 12, 25, 5, 3, 0, 73, 79, 42, 43, 76, 72, 48, 34, 35, 9, 10, 49, 45, 36, 64, 58, 75, 18, 1, 27, 28, 29, 30, 31, 19, 68, 53, 54, 55, 7, 8, 63, 78, 33, 71, 4, 15, 44, 16, 74, 62, 11, 52, 24, 21]
index list energy: 1613944.916023911Done

iterations:10000000, temp:10000, exponent:0.7, eif:200.0
Done

iterations:10000000, temp:10000, exponent:0.7, eif:200.0
time taken (sec): 7957.192479848862
og index list: [71, 9, 42, 70, 39, 18, 50, 63, 40, 6, 23, 45, 16, 75, 0, 48, 14, 26, 69, 73, 47, 17, 72, 34, 3, 55, 20, 62, 41, 32, 30, 44, 78, 2, 43, 64, 12, 11, 28, 37, 57, 29, 15, 65, 68, 77, 67, 38, 13, 5, 10, 33, 60, 21, 61, 36, 1, 7, 54, 35, 76, 74, 24, 4, 51, 53, 66, 27, 46, 49, 79, 31, 22, 8, 59, 58, 56, 25, 19, 52]
og index list energy: 60327506.46409295index list: [31, 45, 36, 22, 23, 17, 18, 1, 78, 67, 26, 27, 30, 50, 69, 14, 56, 4, 5, 54, 37, 38, 39, 75, 29, 28, 43, 3, 77, 7, 8, 9, 10, 0, 73, 40, 47, 58, 76, 21, 55, 53, 51, 66, 33, 64, 57, 48, 34, 35, 46, 32, 79, 6, 59, 60, 61, 62, 63, 49, 2, 44, 16, 68, 24, 25, 74, 42, 70, 52, 72, 41, 71, 20, 12, 13, 19, 15, 11, 65]
index list energy: 1310336.0168600844Done

iterations:10000000, temp:10000, exponent:0.7, eif:200.0
time taken (sec): 7564.527957439423
og index list: [29, 39, 37, 8, 21, 3, 53, 19, 76, 25, 60, 41, 72, 78, 73, 38, 44, 66, 74, 36, 27, 54, 4, 33, 79, 7, 48, 64, 14, 35, 11, 56, 58, 12, 10, 43, 9, 13, 49, 31, 52, 57, 15, 32, 71, 63, 26, 67, 0, 23, 70, 18, 2, 47, 42, 51, 24, 68, 77, 45, 40, 30, 46, 59, 75, 61, 50, 20, 69, 22, 6, 34, 65, 62, 1, 5, 28, 55, 16, 17]
og index list energy: 64421041.57706647index list: [1, 2, 36, 34, 35, 9, 10, 69, 42, 72, 41, 21, 22, 23, 14, 5, 16, 68, 70, 71, 48, 37, 38, 75, 54, 64, 52, 24, 66, 17, 18, 3, 4, 0, 73, 40, 58, 77, 59, 20, 65, 25, 15, 51, 57, 19, 60, 61, 62, 53, 45, 6, 76, 31, 46, 47, 39, 74, 33, 55, 56, 49, 29, 28, 43, 44, 11, 12, 13, 32, 79, 27, 30, 78, 67, 26, 50, 7, 8, 63]
index list energy: 1524896.0996283372Done

iterations:10000000, temp:10000, exponent:0.7, eif:200.0
time taken (sec): 8767.200304746628
og index list: [36, 28, 41, 47, 24, 10, 53, 4, 29, 50, 15, 26, 63, 27, 44, 5, 56, 9, 31, 67, 18, 69, 76, 66, 33, 59, 37, 65, 11, 74, 45, 3, 71, 12, 75, 42, 1, 35, 49, 48, 43, 7, 25, 64, 6, 34, 13, 0, 51, 30, 40, 39, 54, 79, 22, 32, 52, 21, 23, 2, 20, 68, 73, 38, 14, 62, 77, 19, 60, 72, 58, 8, 55, 16, 57, 46, 17, 61, 78, 70]
og index list energy: 76095201.48763768index list: [33, 37, 57, 46, 47, 19, 15, 69, 70, 21, 62, 63, 55, 56, 78, 72, 73, 77, 23, 17, 18, 3, 26, 76, 27, 74, 2, 36, 22, 79, 28, 29, 30, 31, 16, 60, 61, 34, 35, 41, 65, 66, 67, 68, 53, 45, 32, 50, 51, 52, 14, 24, 40, 9, 10, 11, 25, 5, 48, 71, 4, 0, 1, 49, 38, 58, 75, 42, 43, 44, 54, 64, 39, 20, 12, 13, 6, 7, 8, 59]
index list energy: 1267812.550037613Done

iterations:10000000, temp:10000, exponent:0.7, eif:200.0
time taken (sec): 9805.823731660843
og index list: [71, 34, 79, 49, 72, 8, 66, 24, 28, 74, 69, 52, 13, 29, 44, 59, 20, 45, 76, 43, 12, 53, 14, 60, 11, 10, 25, 19, 39, 4, 16, 70, 1, 77, 17, 36, 67, 40, 7, 5, 9, 42, 2, 32, 41, 50, 22, 57, 54, 0, 75, 35, 55, 68, 18, 33, 15, 38, 46, 23, 27, 58, 3, 61, 30, 47, 48, 6, 65, 63, 37, 31, 26, 56, 64, 21, 73, 62, 51, 78]
og index list energy: 61555491.299674764index list: [33, 22, 23, 24, 57, 58, 78, 29, 30, 31, 46, 32, 40, 0, 1, 27, 28, 70, 71, 26, 2, 16, 51, 77, 67, 68, 69, 72, 73, 75, 42, 74, 17, 18, 41, 65, 13, 19, 60, 61, 37, 38, 39, 50, 63, 64, 66, 43, 44, 45, 36, 34, 79, 14, 5, 3, 4, 15, 47, 48, 62, 76, 35, 6, 7, 8, 9, 52, 53, 54, 55, 56, 25, 49, 59, 20, 12, 10, 11, 21]
index list energy: 1029598.4237307665Done

iterations:10000000, temp:10000, exponent:0.7, eif:200.0
time taken (sec): 8341.553851604462
og index list: [36, 74, 28, 61, 11, 78, 75, 42, 51, 5, 8, 76, 57, 22, 48, 17, 7, 0, 71, 32, 72, 44, 37, 54, 27, 2, 62, 45, 23, 21, 33, 19, 30, 68, 53, 3, 52, 4, 12, 67, 77, 69, 13, 20, 26, 50, 56, 43, 60, 40, 29, 25, 6, 10, 14, 59, 34, 9, 31, 65, 16, 64, 35, 79, 73, 41, 1, 63, 38, 18, 24, 39, 66, 47, 46, 70, 58, 15, 55, 49]
og index list energy: 60053745.13764078index list: [14, 7, 79, 29, 30, 31, 19, 26, 27, 28, 43, 63, 64, 1, 2, 54, 55, 56, 52, 59, 51, 4, 60, 61, 62, 69, 72, 32, 77, 22, 23, 67, 5, 36, 37, 38, 58, 74, 17, 76, 48, 78, 18, 46, 12, 13, 9, 10, 49, 8, 73, 75, 11, 20, 66, 42, 33, 34, 35, 50, 16, 47, 39, 40, 41, 71, 57, 53, 45, 6, 24, 25, 15, 70, 65, 21, 0, 44, 3, 68]
index list energy: 2113782.207163973Done

iterations:10000000, temp:10000, exponent:0.7, eif:200.0
time taken (sec): 8385.515910625458
og index list: [74, 73, 23, 30, 50, 62, 0, 9, 36, 25, 44, 15, 28, 54, 69, 72, 59, 63, 78, 12, 34, 24, 49, 46, 52, 55, 71, 14, 39, 40, 5, 51, 18, 32, 1, 67, 53, 7, 22, 17, 76, 56, 75, 64, 60, 21, 61, 6, 77, 8, 57, 68, 47, 37, 38, 10, 43, 48, 3, 29, 70, 42, 4, 33, 27, 20, 19, 79, 65, 41, 45, 16, 35, 11, 66, 31, 58, 26, 13, 2]
og index list energy: 61203368.313353345index list: [6, 7, 8, 69, 42, 43, 44, 79, 17, 18, 58, 61, 64, 21, 55, 56, 52, 24, 68, 53, 45, 32, 12, 74, 29, 30, 31, 48, 62, 11, 65, 66, 59, 20, 57, 46, 41, 71, 25, 75, 67, 26, 27, 28, 72, 47, 1, 2, 36, 22, 23, 14, 15, 19, 60, 78, 73, 40, 77, 54, 37, 38, 39, 0, 49, 70, 76, 33, 34, 35, 3, 4, 5, 51, 13, 16, 50, 9, 10, 63]
index list energy: 1278533.2716983513Done

iterations:10000000, temp:10000, exponent:0.7, eif:200.0
Done

iterations:10000000, temp:10000, exponent:0.7, eif:200.0
time taken (sec): 8695.494704961777
og index list: [40, 43, 46, 5, 23, 76, 33, 63, 7, 22, 45, 79, 64, 0, 71, 16, 51, 29, 73, 57, 24, 37, 77, 69, 54, 21, 13, 15, 27, 39, 67, 31, 6, 28, 68, 30, 59, 38, 34, 25, 47, 78, 35, 12, 53, 11, 70, 36, 1, 10, 32, 2, 9, 42, 55, 17, 3, 74, 14, 18, 4, 44, 66, 26, 75, 48, 56, 62, 65, 49, 20, 50, 60, 72, 41, 58, 19, 52, 8, 61]
og index list energy: 65579821.522495605index list: [54, 22, 23, 14, 26, 27, 28, 29, 30, 31, 6, 7, 8, 9, 10, 59, 20, 12, 13, 47, 1, 2, 3, 79, 24, 4, 15, 32, 65, 74, 53, 77, 17, 18, 19, 76, 61, 62, 11, 21, 37, 38, 39, 40, 46, 44, 45, 36, 34, 49, 70, 75, 33, 50, 63, 55, 56, 57, 58, 78, 64, 52, 69, 42, 43, 51, 48, 0, 41, 71, 60, 35, 16, 25, 68, 72, 73, 66, 67, 5]
index list energy: 791109.7880338372Done

iterations:10000000, temp:10000, exponent:0.7, eif:200.0
time taken (sec): 7920.119928121567
og index list: [75, 24, 19, 11, 72, 32, 31, 48, 15, 63, 76, 28, 29, 12, 74, 8, 18, 35, 33, 34, 2, 6, 21, 10, 47, 42, 71, 65, 55, 14, 69, 4, 58, 16, 73, 20, 59, 57, 54, 51, 43, 60, 36, 52, 67, 56, 46, 40, 9, 39, 13, 27, 44, 1, 22, 53, 7, 64, 3, 70, 68, 79, 66, 0, 37, 5, 30, 77, 49, 38, 62, 17, 26, 61, 45, 50, 78, 25, 41, 23]
og index list energy: 66875324.846774615index list: [2, 16, 15, 6, 24, 25, 26, 27, 50, 63, 22, 23, 14, 68, 59, 60, 61, 62, 69, 29, 30, 31, 19, 74, 7, 8, 3, 20, 65, 78, 46, 1, 77, 28, 17, 18, 41, 21, 64, 75, 43, 11, 12, 52, 42, 70, 71, 48, 37, 0, 73, 4, 56, 57, 9, 10, 67, 5, 47, 39, 40, 32, 66, 72, 58, 49, 54, 76, 13, 36, 55, 53, 51, 38, 79, 33, 34, 35, 44, 45]
index list energy: 1452880.9576380718Done

iterations:10000000, temp:10000, exponent:0.7, eif:200.0
time taken (sec): 8141.028043985367
og index list: [74, 31, 40, 23, 11, 65, 28, 42, 38, 77, 68, 24, 27, 73, 46, 9, 5, 10, 19, 41, 66, 61, 13, 1, 60, 39, 29, 64, 62, 56, 18, 32, 4, 22, 52, 16, 6, 43, 14, 44, 70, 75, 30, 3, 58, 34, 12, 47, 51, 8, 67, 15, 69, 79, 72, 36, 25, 20, 37, 0, 78, 45, 35, 57, 76, 59, 63, 2, 33, 50, 71, 7, 54, 53, 26, 49, 21, 55, 17, 48]
og index list energy: 52251289.11996569index list: [32, 21, 22, 23, 24, 66, 67, 26, 76, 14, 50, 63, 34, 35, 3, 40, 41, 65, 49, 27, 28, 42, 29, 79, 17, 18, 19, 15, 46, 1, 2, 74, 33, 55, 53, 45, 36, 77, 59, 60, 61, 62, 11, 12, 13, 16, 52, 69, 43, 51, 38, 44, 54, 64, 71, 56, 25, 68, 70, 78, 73, 4, 5, 47, 48, 37, 75, 30, 31, 6, 7, 8, 9, 10, 72, 39, 20, 57, 58, 0]
index list energy: 1084425.5082606Done

iterations:10000000, temp:10000, exponent:0.7, eif:200.0
time taken (sec): 9279.5696246624
og index list: [50, 49, 11, 53, 13, 21, 37, 32, 25, 74, 79, 57, 62, 43, 33, 41, 20, 71, 45, 22, 15, 78, 52, 18, 60, 34, 64, 14, 30, 29, 69, 0, 44, 4, 77, 76, 66, 2, 7, 61, 72, 1, 48, 27, 10, 63, 67, 9, 39, 70, 26, 12, 47, 31, 38, 54, 6, 28, 68, 65, 56, 58, 17, 23, 59, 24, 42, 51, 73, 36, 19, 5, 8, 55, 35, 40, 75, 16, 3, 46]
og index list energy: 68200079.90516089index list: [61, 77, 69, 67, 15, 36, 22, 23, 17, 18, 19, 60, 0, 1, 27, 74, 59, 79, 28, 29, 30, 31, 32, 57, 3, 4, 26, 2, 16, 75, 72, 73, 40, 58, 78, 42, 33, 37, 38, 39, 68, 53, 54, 55, 56, 71, 20, 12, 52, 14, 7, 8, 63, 64, 65, 66, 70, 13, 76, 51, 21, 34, 35, 6, 24, 49, 43, 47, 48, 62, 50, 9, 10, 11, 25, 5, 44, 45, 46, 41]
index list energy: 1223641.8592958248Done

iterations:10000000, temp:10000, exponent:0.7, eif:200.0
time taken (sec): 7550.76277923584
og index list: [38, 72, 75, 21, 79, 66, 40, 19, 58, 47, 8, 52, 45, 63, 74, 10, 18, 6, 14, 54, 5, 30, 15, 44, 36, 77, 4, 43, 20, 70, 64, 0, 24, 69, 25, 12, 37, 49, 1, 32, 41, 39, 33, 7, 61, 29, 78, 55, 28, 35, 50, 53, 31, 71, 76, 59, 46, 60, 65, 42, 3, 2, 56, 57, 11, 16, 48, 17, 67, 51, 62, 23, 9, 34, 27, 22, 13, 68, 26, 73]
og index list energy: 85730557.16414796index list: [61, 75, 67, 15, 19, 60, 35, 6, 53, 45, 9, 10, 51, 66, 59, 68, 7, 77, 62, 17, 18, 41, 71, 76, 29, 23, 14, 74, 43, 69, 72, 3, 20, 0, 1, 2, 36, 34, 79, 33, 22, 8, 63, 55, 56, 57, 44, 54, 78, 27, 28, 42, 70, 65, 21, 37, 38, 46, 47, 39, 40, 48, 64, 12, 13, 16, 58, 49, 30, 31, 32, 52, 24, 25, 5, 73, 4, 26, 50, 11]
index list energy: 1288404.507389369Done

iterations:10000000, temp:10000, exponent:0.7, eif:200.0
time taken (sec): 9406.73445224762
og index list: [26, 49, 73, 57, 16, 69, 51, 34, 40, 15, 5, 22, 58, 71, 78, 74, 44, 72, 19, 11, 17, 20, 68, 1, 12, 64, 23, 14, 66, 60, 10, 8, 70, 55, 43, 47, 30, 0, 38, 25, 27, 67, 75, 18, 3, 28, 77, 2, 36, 41, 56, 79, 4, 31, 7, 33, 46, 29, 52, 24, 6, 54, 45, 9, 50, 76, 13, 37, 63, 48, 21, 61, 42, 62, 53, 59, 39, 65, 32, 35]
og index list energy: 64119744.51005859index list: [42, 43, 74, 59, 26, 27, 28, 29, 30, 31, 16, 40, 41, 21, 22, 23, 17, 18, 32, 75, 33, 34, 35, 36, 77, 69, 72, 51, 71, 79, 62, 76, 14, 56, 52, 24, 49, 58, 50, 11, 25, 15, 19, 60, 61, 0, 48, 37, 38, 39, 20, 12, 13, 6, 7, 8, 9, 10, 63, 55, 78, 67, 68, 53, 54, 64, 65, 66, 70, 57, 73, 4, 5, 44, 45, 46, 47, 1, 2, 3]
index list energy: 978178.4066876133Done

iterations:10000000, temp:10000, exponent:0.7, eif:200.0
Done

iterations:10000000, temp:10000, exponent:0.7, eif:200.0
time taken (sec): 9570.583775758743
og index list: [45, 15, 32, 33, 4, 46, 30, 17, 68, 59, 6, 36, 62, 11, 65, 31, 77, 47, 29, 39, 78, 74, 20, 72, 64, 52, 49, 67, 21, 0, 27, 38, 9, 70, 16, 24, 8, 54, 5, 13, 10, 19, 41, 44, 42, 43, 18, 55, 76, 71, 58, 60, 12, 61, 25, 69, 66, 1, 51, 2, 3, 26, 75, 50, 23, 56, 14, 37, 35, 7, 28, 48, 22, 57, 79, 53, 73, 63, 34, 40]
og index list energy: 55938263.63991876index list: [72, 1, 2, 51, 57, 73, 66, 17, 18, 16, 40, 41, 71, 52, 53, 54, 37, 38, 39, 4, 5, 3, 20, 74, 59, 68, 69, 67, 26, 27, 28, 29, 30, 31, 9, 78, 33, 77, 42, 70, 21, 22, 0, 47, 58, 50, 75, 43, 44, 45, 32, 12, 13, 79, 7, 8, 36, 34, 35, 46, 19, 60, 61, 62, 63, 64, 48, 55, 76, 23, 14, 56, 25, 15, 6, 24, 49, 10, 11, 65]
index list energy: 825405.916182962Done

iterations:10000000, temp:10000, exponent:0.7, eif:200.0
time taken (sec): 8718.322966814041
og index list: [67, 19, 48, 2, 74, 22, 58, 55, 57, 39, 77, 16, 14, 40, 13, 12, 49, 3, 75, 10, 11, 33, 31, 1, 20, 46, 54, 8, 79, 68, 70, 23, 18, 45, 76, 7, 59, 37, 78, 66, 44, 53, 32, 47, 6, 24, 52, 65, 42, 26, 51, 71, 61, 72, 29, 21, 4, 50, 0, 27, 38, 34, 41, 30, 5, 56, 64, 17, 9, 60, 63, 15, 43, 25, 73, 35, 28, 69, 62, 36]
og index list energy: 63198594.39612267index list: [67, 26, 27, 28, 17, 18, 41, 71, 60, 61, 62, 11, 77, 10, 59, 4, 15, 19, 5, 44, 54, 64, 65, 76, 29, 30, 31, 39, 25, 68, 14, 75, 33, 50, 46, 73, 78, 2, 3, 20, 21, 22, 23, 24, 12, 13, 32, 40, 47, 58, 0, 1, 74, 69, 42, 43, 63, 55, 79, 70, 52, 53, 51, 38, 48, 37, 49, 56, 57, 6, 7, 8, 45, 16, 66, 72, 36, 34, 35, 9]
index list energy: 1396975.1720506095Done

iterations:10000000, temp:10000, exponent:0.7, eif:200.0
time taken (sec): 8980.605777263641
og index list: [18, 67, 48, 37, 36, 76, 14, 4, 54, 29, 57, 49, 22, 46, 23, 64, 62, 51, 63, 33, 52, 28, 30, 34, 40, 79, 75, 50, 45, 19, 47, 25, 38, 12, 77, 27, 1, 43, 53, 59, 13, 56, 44, 31, 0, 15, 74, 55, 6, 21, 11, 68, 32, 20, 65, 42, 70, 16, 39, 61, 8, 10, 69, 17, 2, 26, 72, 41, 7, 5, 24, 66, 3, 35, 9, 71, 78, 58, 60, 73]
og index list energy: 55540941.39064488index list: [33, 37, 38, 39, 74, 17, 18, 19, 26, 27, 28, 42, 72, 1, 2, 36, 64, 65, 66, 43, 44, 45, 46, 58, 79, 15, 9, 10, 63, 22, 77, 29, 30, 31, 16, 4, 75, 52, 59, 60, 61, 62, 11, 12, 13, 6, 24, 40, 32, 21, 55, 56, 49, 67, 5, 73, 50, 69, 70, 57, 78, 23, 53, 54, 34, 35, 41, 71, 76, 47, 48, 0, 3, 68, 14, 7, 8, 51, 25, 20]
index list energy: 1089231.2560047319Done

iterations:10000000, temp:10000, exponent:0.7, eif:200.0
time taken (sec): 8379.435021400452
og index list: [29, 16, 9, 36, 72, 47, 11, 62, 58, 73, 38, 41, 59, 24, 44, 1, 27, 14, 50, 18, 79, 37, 12, 2, 57, 68, 20, 55, 48, 52, 10, 21, 28, 7, 5, 32, 6, 19, 61, 35, 54, 15, 22, 77, 75, 78, 69, 51, 46, 39, 30, 34, 4, 60, 67, 43, 53, 13, 76, 40, 3, 56, 49, 8, 71, 70, 0, 64, 74, 17, 45, 42, 23, 26, 25, 65, 33, 31, 66, 63]
og index list energy: 56710075.49679765index list: [11, 12, 13, 16, 26, 27, 28, 29, 30, 61, 34, 35, 41, 65, 66, 17, 18, 1, 2, 50, 63, 55, 78, 33, 22, 23, 70, 79, 72, 19, 68, 24, 71, 4, 5, 73, 75, 43, 46, 58, 0, 3, 20, 52, 14, 56, 57, 6, 7, 8, 44, 45, 36, 77, 38, 47, 39, 25, 60, 31, 51, 48, 37, 76, 62, 53, 54, 64, 74, 9, 10, 69, 59, 40, 49, 42, 67, 15, 32, 21]
index list energy: 1160934.0716298884Done

iterations:10000000, temp:10000, exponent:0.7, eif:200.0
time taken (sec): 8509.686529636383
og index list: [71, 47, 53, 18, 16, 26, 21, 42, 19, 8, 60, 48, 56, 49, 59, 66, 74, 31, 67, 14, 63, 65, 3, 52, 70, 61, 30, 4, 79, 6, 34, 35, 22, 39, 37, 43, 32, 58, 7, 11, 77, 62, 28, 51, 20, 17, 27, 40, 55, 64, 75, 45, 44, 23, 36, 38, 73, 13, 5, 46, 33, 78, 54, 10, 29, 57, 9, 25, 1, 72, 0, 68, 76, 50, 41, 2, 15, 24, 69, 12]
og index list energy: 65748835.04969535index list: [7, 23, 72, 3, 26, 27, 28, 29, 30, 31, 45, 6, 53, 54, 55, 24, 20, 65, 66, 43, 9, 57, 73, 79, 1, 18, 48, 22, 0, 76, 34, 61, 77, 42, 17, 74, 70, 10, 59, 60, 35, 46, 16, 40, 19, 49, 8, 67, 68, 69, 33, 62, 63, 37, 38, 58, 75, 2, 36, 64, 21, 50, 51, 47, 39, 4, 5, 44, 78, 11, 52, 14, 56, 25, 15, 32, 12, 13, 41, 71]
index list energy: 1571779.8102674447Done

iterations:10000000, temp:10000, exponent:0.7, eif:200.0
time taken (sec): 7606.105194330215
og index list: [45, 63, 25, 40, 28, 60, 71, 67, 47, 36, 77, 46, 44, 2, 61, 17, 68, 52, 39, 64, 23, 59, 4, 74, 0, 15, 34, 7, 49, 27, 76, 73, 78, 62, 30, 6, 38, 3, 32, 79, 43, 55, 29, 66, 70, 13, 37, 24, 33, 19, 35, 1, 31, 41, 21, 26, 9, 18, 54, 22, 53, 20, 75, 8, 5, 14, 51, 11, 65, 50, 72, 12, 58, 57, 48, 42, 10, 56, 69, 16]
og index list energy: 56595605.076964736index list: [58, 0, 1, 2, 3, 20, 52, 17, 18, 19, 5, 9, 10, 67, 15, 54, 22, 74, 29, 78, 28, 42, 72, 77, 27, 30, 31, 16, 4, 7, 8, 69, 33, 34, 35, 6, 70, 71, 26, 49, 23, 14, 56, 66, 59, 25, 68, 24, 21, 64, 39, 60, 61, 62, 53, 32, 65, 40, 36, 55, 76, 43, 51, 57, 48, 37, 38, 47, 75, 63, 79, 73, 50, 11, 12, 13, 46, 44, 45, 41]
index list energy: 997620.5271377884Done

iterations:10000000, temp:10000, exponent:0.7, eif:200.0
Done

iterations:10000000, temp:10000, exponent:0.7, eif:200.0
time taken (sec): 7896.273795604706
og index list: [9, 69, 40, 44, 32, 62, 72, 23, 2, 53, 38, 60, 79, 47, 63, 35, 7, 21, 30, 11, 68, 73, 65, 46, 31, 14, 22, 13, 74, 34, 43, 52, 29, 12, 61, 77, 10, 54, 56, 8, 55, 28, 67, 66, 51, 36, 4, 58, 18, 48, 1, 0, 37, 70, 17, 24, 25, 6, 57, 26, 5, 39, 3, 49, 27, 78, 20, 64, 16, 19, 33, 15, 45, 42, 76, 59, 50, 75, 71, 41]
og index list energy: 61930747.50102332index list: [56, 52, 53, 32, 12, 13, 46, 1, 2, 9, 78, 39, 26, 27, 28, 0, 73, 4, 15, 54, 37, 38, 48, 74, 42, 72, 47, 58, 77, 29, 30, 35, 3, 20, 57, 6, 70, 71, 40, 75, 24, 66, 33, 62, 11, 25, 5, 44, 45, 16, 60, 31, 36, 55, 7, 8, 51, 10, 63, 76, 17, 18, 19, 68, 59, 49, 34, 61, 64, 65, 50, 69, 67, 79, 43, 41, 21, 22, 23, 14]
index list energy: 1318543.8945328903Done

iterations:10000000, temp:10000, exponent:0.7, eif:200.0
time taken (sec): 7645.673754930496
og index list: [35, 76, 33, 3, 78, 22, 56, 38, 64, 26, 14, 21, 54, 7, 60, 18, 16, 67, 32, 66, 79, 65, 52, 58, 53, 24, 34, 69, 45, 1, 49, 0, 5, 36, 63, 17, 13, 29, 73, 39, 37, 20, 4, 57, 23, 47, 68, 41, 51, 15, 12, 46, 44, 8, 48, 9, 10, 59, 19, 25, 61, 6, 31, 11, 50, 75, 77, 72, 55, 43, 2, 74, 42, 27, 40, 70, 30, 71, 28, 62]
og index list energy: 77605057.39111428index list: [43, 1, 18, 19, 68, 17, 78, 66, 59, 60, 61, 62, 69, 33, 34, 35, 46, 39, 50, 67, 5, 6, 51, 70, 65, 74, 42, 29, 28, 49, 63, 22, 23, 53, 45, 58, 31, 75, 27, 76, 14, 15, 3, 40, 44, 54, 37, 38, 41, 71, 20, 21, 64, 7, 8, 11, 12, 13, 32, 57, 36, 0, 16, 47, 48, 55, 56, 10, 77, 30, 79, 72, 73, 4, 26, 2, 9, 52, 24, 25]
index list energy: 1993212.403597517Done

iterations:10000000, temp:10000, exponent:0.7, eif:200.0
time taken (sec): 9417.07765865326
og index list: [8, 15, 52, 79, 55, 54, 48, 47, 61, 63, 70, 40, 58, 41, 69, 78, 51, 11, 38, 34, 4, 26, 13, 44, 39, 17, 45, 46, 30, 60, 74, 57, 68, 77, 65, 33, 2, 53, 0, 73, 75, 36, 1, 59, 3, 24, 64, 56, 20, 22, 21, 7, 29, 25, 31, 27, 12, 28, 62, 18, 16, 5, 10, 71, 23, 6, 67, 49, 72, 42, 35, 9, 19, 50, 14, 66, 37, 76, 32, 43]
og index list energy: 66164616.77180725index list: [58, 77, 42, 70, 74, 27, 28, 29, 30, 31, 47, 48, 34, 35, 46, 41, 0, 1, 2, 3, 60, 61, 37, 38, 39, 4, 15, 54, 78, 17, 18, 19, 20, 57, 75, 53, 45, 44, 16, 79, 21, 22, 23, 14, 76, 33, 62, 11, 49, 24, 40, 36, 64, 65, 66, 67, 68, 69, 43, 9, 10, 72, 73, 25, 26, 50, 63, 55, 5, 6, 7, 8, 51, 71, 56, 13, 32, 12, 52, 59]
index list energy: 1465451.2969542253Done

iterations:10000000, temp:10000, exponent:0.7, eif:200.0
time taken (sec): 9000.593217849731
og index list: [14, 73, 52, 63, 69, 70, 37, 66, 19, 51, 6, 18, 4, 67, 25, 5, 33, 13, 21, 55, 46, 34, 32, 71, 45, 36, 65, 31, 78, 41, 0, 23, 74, 12, 2, 8, 60, 57, 1, 15, 72, 44, 42, 30, 68, 48, 29, 43, 49, 79, 58, 64, 16, 38, 75, 54, 20, 76, 61, 17, 28, 22, 77, 56, 40, 7, 50, 10, 62, 24, 59, 26, 39, 35, 3, 27, 47, 53, 9, 11]
og index list energy: 56139261.50139424index list: [69, 17, 18, 3, 26, 27, 28, 29, 30, 31, 46, 32, 25, 20, 65, 66, 59, 5, 44, 45, 36, 34, 77, 40, 1, 2, 16, 15, 9, 75, 6, 7, 8, 51, 52, 53, 54, 64, 74, 21, 37, 38, 47, 39, 78, 42, 72, 58, 61, 0, 73, 4, 49, 43, 50, 11, 12, 10, 63, 55, 76, 70, 13, 19, 60, 35, 41, 71, 79, 33, 62, 67, 68, 14, 56, 57, 48, 22, 23, 24]
index list energy: 974217.3533167783Done

iterations:10000000, temp:10000, exponent:0.7, eif:200.0
time taken (sec): 8069.6250586509705
og index list: [13, 5, 6, 47, 25, 16, 45, 23, 50, 14, 12, 7, 37, 24, 40, 72, 62, 8, 60, 64, 71, 35, 57, 34, 10, 31, 63, 77, 43, 28, 58, 17, 15, 0, 66, 36, 30, 53, 56, 52, 67, 4, 22, 65, 42, 75, 69, 9, 26, 32, 49, 41, 29, 27, 78, 61, 59, 76, 44, 73, 21, 3, 68, 70, 18, 48, 2, 19, 55, 46, 74, 20, 33, 11, 1, 54, 79, 39, 38, 51]
og index list energy: 62755807.085544996index list: [33, 37, 52, 14, 5, 47, 58, 22, 75, 27, 28, 42, 29, 30, 31, 6, 24, 77, 43, 76, 11, 12, 13, 36, 49, 32, 25, 15, 16, 7, 8, 69, 17, 18, 1, 2, 41, 21, 64, 65, 66, 72, 48, 34, 35, 0, 73, 40, 44, 45, 46, 19, 60, 61, 62, 63, 78, 23, 53, 54, 55, 74, 70, 71, 50, 51, 38, 39, 20, 57, 3, 4, 56, 79, 9, 10, 67, 68, 59, 26]
index list energy: 1529240.2670531361Done

iterations:10000000, temp:10000, exponent:0.7, eif:200.0
time taken (sec): 7285.706742525101
og index list: [41, 75, 12, 76, 48, 53, 63, 26, 66, 42, 64, 7, 17, 24, 43, 4, 20, 25, 5, 23, 0, 1, 45, 60, 55, 37, 54, 39, 3, 78, 57, 73, 72, 38, 11, 6, 32, 30, 18, 13, 22, 79, 40, 16, 56, 33, 49, 70, 46, 59, 15, 52, 14, 74, 69, 9, 29, 34, 2, 21, 8, 77, 50, 62, 36, 47, 68, 28, 31, 27, 35, 71, 44, 51, 67, 19, 65, 10, 61, 58]
og index list energy: 72978924.495243index list: [59, 49, 14, 56, 57, 69, 42, 29, 30, 75, 27, 23, 33, 64, 76, 62, 72, 6, 17, 28, 70, 65, 78, 61, 37, 10, 63, 55, 24, 66, 67, 4, 20, 13, 19, 26, 2, 41, 71, 60, 31, 9, 52, 53, 45, 32, 12, 25, 50, 51, 68, 7, 79, 11, 21, 22, 8, 58, 77, 38, 48, 0, 73, 40, 3, 5, 44, 54, 74, 43, 36, 34, 35, 16, 15, 1, 18, 46, 47, 39]
index list energy: 2008153.0015821082Done

iterations:10000000, temp:10000, exponent:0.7, eif:200.0
time taken (sec): 8904.84014081955
og index list: [23, 9, 52, 20, 24, 45, 44, 13, 39, 14, 51, 27, 47, 36, 50, 57, 65, 12, 19, 73, 21, 29, 70, 67, 0, 32, 58, 61, 2, 63, 46, 40, 8, 30, 69, 34, 53, 75, 49, 74, 71, 7, 38, 72, 68, 6, 16, 15, 31, 10, 62, 35, 3, 17, 59, 18, 60, 56, 25, 37, 33, 43, 1, 26, 79, 22, 55, 48, 54, 77, 66, 42, 28, 78, 5, 41, 11, 64, 4, 76]
og index list energy: 52354738.8840352index list: [35, 36, 37, 38, 39, 40, 6, 7, 8, 9, 52, 14, 56, 57, 73, 4, 5, 3, 66, 67, 60, 61, 34, 79, 17, 76, 18, 19, 26, 27, 28, 29, 30, 31, 32, 25, 75, 16, 47, 48, 62, 11, 21, 22, 23, 53, 54, 55, 15, 74, 59, 20, 78, 42, 70, 71, 68, 24, 49, 43, 44, 45, 51, 10, 69, 33, 77, 72, 41, 65, 50, 63, 64, 12, 13, 1, 2, 46, 58, 0]
index list energy: 816387.7206904831Done

iterations:10000000, temp:10000, exponent:0.7, eif:200.0
Done

iterations:10000000, temp:10000, exponent:0.7, eif:200.0
time taken (sec): 8831.081979751587
og index list: [34, 36, 30, 51, 64, 20, 38, 53, 75, 55, 6, 67, 37, 58, 21, 28, 29, 8, 22, 41, 62, 32, 44, 49, 4, 59, 1, 45, 74, 10, 17, 7, 63, 9, 79, 68, 47, 70, 31, 19, 73, 61, 42, 14, 5, 2, 69, 11, 15, 13, 71, 48, 27, 65, 56, 50, 43, 76, 25, 24, 33, 18, 77, 66, 57, 46, 60, 54, 52, 39, 12, 35, 78, 0, 3, 16, 40, 26, 23, 72]
og index list energy: 56591224.34499628index list: [1, 2, 6, 59, 26, 27, 28, 29, 30, 31, 44, 54, 75, 35, 32, 12, 13, 16, 52, 7, 8, 51, 64, 21, 22, 23, 70, 65, 66, 14, 15, 76, 17, 18, 19, 60, 61, 62, 11, 78, 67, 68, 69, 33, 77, 46, 47, 58, 50, 63, 55, 24, 49, 42, 43, 9, 10, 53, 45, 36, 37, 38, 39, 57, 48, 34, 79, 72, 74, 4, 56, 25, 5, 3, 40, 41, 71, 20, 0, 73]
index list energy: 914451.1847961536Done

iterations:10000000, temp:10000, exponent:0.7, eif:200.0
time taken (sec): 7802.705907344818
og index list: [54, 79, 50, 18, 39, 0, 56, 68, 46, 45, 70, 19, 25, 55, 43, 3, 60, 8, 31, 78, 51, 49, 65, 74, 62, 28, 73, 71, 22, 33, 6, 52, 30, 66, 32, 9, 5, 69, 13, 21, 48, 59, 38, 64, 16, 57, 27, 1, 12, 58, 47, 7, 76, 41, 44, 15, 40, 29, 2, 23, 10, 14, 42, 63, 34, 77, 36, 17, 61, 53, 20, 11, 37, 26, 75, 72, 24, 4, 35, 67]
og index list energy: 65886419.75233759index list: [72, 73, 78, 42, 70, 49, 29, 74, 21, 22, 23, 15, 36, 34, 61, 62, 11, 65, 66, 67, 26, 27, 30, 75, 43, 9, 52, 14, 7, 8, 6, 17, 2, 44, 45, 3, 60, 35, 46, 48, 55, 24, 77, 28, 33, 76, 31, 63, 64, 0, 1, 18, 58, 50, 51, 71, 5, 41, 79, 68, 53, 54, 37, 38, 47, 39, 40, 32, 12, 13, 19, 20, 57, 16, 25, 4, 56, 10, 69, 59]
index list energy: 1403851.426720875Done

iterations:10000000, temp:10000, exponent:0.7, eif:200.0
time taken (sec): 8417.661411762238
og index list: [76, 3, 5, 13, 62, 40, 32, 20, 38, 34, 54, 7, 8, 25, 22, 6, 18, 60, 75, 64, 78, 57, 11, 4, 30, 72, 51, 24, 19, 74, 12, 58, 2, 17, 63, 55, 79, 1, 49, 27, 41, 43, 59, 23, 71, 0, 53, 77, 45, 35, 28, 10, 29, 61, 52, 21, 42, 65, 67, 44, 33, 70, 36, 46, 68, 66, 31, 48, 69, 50, 26, 15, 16, 47, 9, 73, 14, 39, 56, 37]
og index list energy: 74076411.94344328index list: [1, 27, 28, 43, 51, 10, 67, 74, 58, 61, 75, 2, 16, 50, 69, 59, 40, 76, 55, 56, 13, 19, 20, 21, 22, 23, 14, 15, 3, 26, 77, 29, 30, 31, 54, 34, 79, 33, 62, 63, 64, 65, 4, 5, 44, 45, 46, 47, 39, 49, 53, 11, 57, 6, 24, 12, 66, 72, 48, 0, 41, 71, 60, 35, 36, 37, 38, 73, 78, 42, 17, 18, 32, 25, 68, 7, 8, 9, 52, 70]
index list energy: 1099541.5639110033Done

iterations:10000000, temp:10000, exponent:0.7, eif:200.0
time taken (sec): 8332.06362581253
og index list: [62, 32, 57, 73, 23, 19, 9, 20, 6, 0, 11, 59, 13, 21, 54, 61, 35, 46, 39, 55, 17, 28, 30, 43, 69, 7, 12, 70, 52, 49, 65, 67, 41, 26, 66, 31, 2, 68, 14, 77, 50, 64, 4, 56, 60, 72, 42, 63, 15, 53, 34, 25, 37, 29, 58, 78, 45, 22, 3, 75, 48, 24, 16, 44, 47, 10, 27, 38, 5, 33, 76, 79, 74, 1, 8, 36, 40, 71, 51, 18]
og index list energy: 59097181.46947491index list: [28, 29, 30, 31, 32, 21, 22, 23, 17, 27, 50, 63, 55, 56, 66, 42, 43, 41, 71, 20, 57, 39, 40, 36, 75, 18, 19, 68, 59, 7, 8, 1, 2, 44, 54, 34, 0, 73, 4, 74, 67, 26, 49, 12, 13, 46, 16, 69, 33, 37, 38, 48, 64, 65, 25, 60, 35, 9, 76, 72, 47, 58, 79, 62, 11, 77, 61, 78, 70, 10, 53, 45, 6, 24, 52, 14, 5, 3, 15, 51]
index list energy: 1317216.0954064848Done

iterations:10000000, temp:10000, exponent:0.7, eif:200.0
time taken (sec): 8760.43470954895
og index list: [33, 79, 25, 51, 53, 41, 2, 49, 61, 58, 13, 52, 77, 56, 27, 8, 34, 26, 7, 75, 23, 59, 31, 64, 67, 9, 69, 11, 20, 66, 65, 21, 57, 24, 16, 1, 50, 36, 42, 28, 35, 43, 46, 5, 45, 18, 39, 15, 22, 19, 47, 4, 38, 17, 29, 74, 44, 78, 3, 48, 63, 14, 70, 72, 60, 12, 32, 71, 73, 54, 30, 37, 6, 68, 10, 62, 0, 76, 40, 55]
og index list energy: 55671253.80639606index list: [23, 24, 78, 72, 44, 45, 46, 39, 68, 69, 14, 56, 57, 47, 6, 7, 8, 9, 52, 53, 54, 22, 0, 41, 71, 40, 16, 20, 79, 17, 18, 1, 2, 3, 4, 15, 36, 37, 38, 48, 34, 61, 62, 11, 12, 13, 19, 26, 28, 43, 63, 64, 77, 65, 66, 59, 60, 35, 58, 49, 67, 50, 51, 10, 70, 21, 76, 27, 75, 33, 55, 74, 42, 29, 30, 31, 32, 25, 5, 73]
index list energy: 1021965.4006047258Done

iterations:10000000, temp:10000, exponent:0.7, eif:200.0
time taken (sec): 8128.550116062164
og index list: [63, 38, 17, 40, 12, 51, 75, 3, 2, 36, 55, 33, 8, 49, 52, 45, 66, 18, 0, 65, 26, 68, 5, 42, 21, 59, 35, 19, 11, 57, 24, 16, 1, 32, 60, 10, 6, 14, 58, 13, 15, 28, 74, 70, 39, 78, 25, 34, 9, 56, 46, 30, 44, 61, 27, 53, 47, 22, 37, 29, 69, 41, 54, 43, 77, 62, 72, 48, 20, 64, 76, 73, 71, 7, 23, 67, 4, 31, 50, 79]
og index list energy: 50324276.95399592index list: [67, 5, 44, 45, 46, 19, 26, 27, 28, 33, 34, 35, 9, 10, 69, 29, 30, 31, 3, 4, 15, 48, 62, 63, 22, 23, 24, 57, 1, 77, 14, 7, 8, 16, 12, 13, 41, 52, 17, 79, 61, 37, 38, 58, 49, 43, 6, 53, 54, 55, 56, 75, 18, 32, 21, 0, 73, 66, 70, 71, 60, 50, 51, 25, 68, 59, 20, 65, 76, 2, 36, 64, 74, 11, 78, 42, 72, 39, 40, 47]
index list energy: 1047009.7406419662Done

iterations:10000000, temp:10000, exponent:0.7, eif:200.0
time taken (sec): 8209.724918365479
og index list: [42, 62, 50, 60, 51, 57, 1, 31, 68, 74, 27, 19, 47, 76, 73, 34, 55, 29, 0, 78, 56, 59, 36, 58, 65, 54, 14, 10, 3, 33, 52, 11, 44, 40, 8, 23, 28, 5, 71, 35, 38, 12, 30, 2, 69, 21, 46, 17, 43, 79, 32, 4, 45, 70, 41, 61, 25, 48, 6, 15, 72, 16, 39, 75, 18, 37, 63, 7, 26, 24, 9, 13, 67, 66, 53, 20, 22, 49, 64, 77]
og index list energy: 73228599.86446102index list: [54, 22, 23, 24, 12, 71, 15, 19, 68, 14, 7, 8, 69, 43, 6, 0, 73, 40, 47, 1, 2, 46, 48, 34, 50, 63, 64, 25, 26, 27, 28, 29, 30, 31, 44, 45, 77, 39, 60, 35, 3, 20, 21, 55, 53, 51, 52, 70, 49, 61, 62, 11, 79, 65, 13, 36, 37, 38, 58, 75, 42, 33, 74, 67, 5, 9, 78, 72, 41, 76, 17, 18, 32, 57, 16, 66, 59, 4, 56, 10]
index list energy: 1051243.4238427454Done

iterations:10000000, temp:10000, exponent:0.7, eif:200.0
Done

iterations:10000000, temp:10000, exponent:0.7, eif:200.0
time taken (sec): 9657.036554813385
og index list: [50, 30, 65, 43, 47, 60, 19, 78, 73, 70, 37, 26, 51, 21, 7, 56, 17, 69, 75, 59, 27, 42, 32, 1, 14, 6, 52, 72, 33, 23, 16, 5, 29, 61, 66, 0, 79, 49, 15, 10, 35, 58, 18, 25, 22, 62, 54, 67, 39, 63, 77, 64, 45, 41, 4, 20, 28, 31, 3, 76, 36, 2, 46, 34, 11, 24, 12, 13, 44, 53, 40, 48, 74, 55, 57, 68, 38, 9, 71, 8]
og index list energy: 65378392.57667711index list: [43, 1, 2, 3, 26, 27, 28, 29, 30, 31, 9, 52, 53, 54, 22, 23, 24, 25, 49, 17, 18, 19, 20, 74, 63, 55, 56, 21, 37, 10, 11, 77, 33, 34, 35, 47, 48, 75, 45, 79, 42, 67, 68, 7, 8, 51, 57, 36, 64, 66, 72, 58, 76, 59, 4, 5, 44, 16, 60, 61, 62, 69, 70, 71, 0, 41, 65, 50, 78, 38, 39, 40, 6, 14, 15, 32, 12, 13, 46, 73]
index list energy: 990835.1369011467Done

iterations:10000000, temp:10000, exponent:0.7, eif:200.0
time taken (sec): 8317.528381824493
og index list: [33, 59, 79, 42, 20, 0, 58, 8, 23, 39, 35, 36, 57, 28, 43, 32, 14, 4, 40, 41, 10, 61, 16, 25, 24, 31, 54, 70, 74, 22, 51, 11, 63, 17, 2, 71, 45, 78, 12, 52, 37, 73, 72, 64, 6, 46, 34, 29, 38, 21, 13, 47, 26, 55, 15, 27, 53, 7, 62, 76, 48, 67, 3, 30, 69, 19, 66, 9, 18, 75, 56, 44, 1, 65, 5, 77, 68, 50, 60, 49]
og index list energy: 56488826.09675502index list: [59, 5, 1, 27, 28, 72, 6, 7, 8, 79, 17, 18, 3, 68, 53, 45, 32, 12, 13, 19, 20, 21, 64, 48, 74, 67, 26, 2, 36, 22, 23, 14, 50, 51, 71, 0, 78, 60, 35, 44, 54, 34, 61, 62, 69, 42, 29, 30, 31, 46, 47, 58, 49, 73, 77, 38, 39, 4, 15, 63, 55, 56, 66, 43, 9, 52, 70, 65, 76, 24, 57, 16, 40, 41, 75, 33, 37, 10, 11, 25]
index list energy: 1127091.9427292177Done

iterations:10000000, temp:10000, exponent:0.7, eif:200.0
time taken (sec): 8921.980389118195
og index list: [79, 70, 55, 3, 17, 42, 60, 41, 13, 68, 58, 69, 20, 22, 14, 26, 50, 5, 1, 56, 34, 76, 49, 25, 51, 43, 71, 18, 39, 2, 30, 23, 19, 64, 75, 9, 15, 62, 40, 36, 59, 11, 53, 31, 77, 7, 45, 73, 12, 74, 72, 4, 27, 37, 57, 0, 66, 65, 33, 47, 10, 67, 54, 44, 46, 6, 78, 21, 63, 24, 61, 29, 35, 28, 38, 48, 52, 16, 32, 8]
og index list energy: 75618707.19087458index list: [43, 9, 52, 59, 26, 27, 28, 29, 30, 31, 47, 39, 40, 46, 19, 60, 61, 62, 11, 25, 15, 1, 2, 79, 53, 16, 4, 20, 77, 17, 50, 63, 55, 56, 13, 32, 21, 75, 66, 70, 57, 48, 22, 23, 24, 12, 78, 64, 74, 67, 5, 73, 76, 42, 33, 37, 38, 58, 49, 18, 6, 7, 8, 44, 45, 36, 34, 35, 54, 0, 3, 68, 14, 69, 72, 41, 65, 10, 51, 71]
index list energy: 1105648.6083195764Done

iterations:10000000, temp:10000, exponent:0.7, eif:200.0
time taken (sec): 9073.815242290497
og index list: [34, 2, 23, 26, 64, 29, 50, 17, 57, 68, 9, 71, 59, 38, 30, 70, 39, 56, 28, 1, 7, 63, 21, 4, 69, 5, 36, 65, 13, 61, 75, 52, 41, 46, 40, 6, 12, 54, 78, 8, 47, 33, 58, 44, 31, 62, 53, 42, 24, 77, 19, 43, 55, 79, 11, 25, 14, 51, 27, 60, 45, 49, 10, 48, 67, 35, 20, 22, 15, 73, 72, 37, 0, 74, 32, 66, 3, 76, 16, 18]
og index list energy: 63695303.8169844index list: [34, 35, 54, 64, 12, 13, 6, 7, 8, 36, 37, 38, 39, 4, 15, 17, 18, 19, 68, 59, 56, 78, 29, 30, 31, 32, 66, 42, 33, 77, 53, 76, 48, 55, 50, 69, 70, 71, 20, 49, 43, 9, 10, 11, 25, 60, 61, 62, 63, 22, 23, 24, 21, 74, 67, 26, 27, 28, 75, 51, 57, 58, 0, 47, 1, 2, 41, 65, 79, 14, 5, 44, 45, 46, 16, 52, 72, 73, 40, 3]
index list energy: 1162345.3266049502Done

iterations:10000000, temp:10000, exponent:0.7, eif:200.0
time taken (sec): 7967.037005662918
og index list: [22, 53, 23, 41, 17, 32, 60, 34, 72, 59, 61, 31, 62, 19, 48, 28, 67, 56, 45, 70, 39, 2, 79, 12, 52, 4, 13, 51, 49, 6, 75, 15, 8, 16, 20, 35, 63, 42, 9, 30, 64, 18, 68, 11, 5, 46, 44, 27, 40, 25, 10, 71, 33, 73, 74, 77, 3, 14, 57, 65, 54, 66, 0, 69, 50, 36, 1, 78, 24, 37, 7, 26, 47, 21, 29, 43, 55, 38, 58, 76]
og index list energy: 63332835.15618568index list: [58, 77, 72, 47, 39, 76, 23, 17, 18, 46, 3, 20, 12, 49, 64, 57, 73, 40, 32, 25, 68, 7, 8, 63, 79, 2, 41, 71, 1, 27, 50, 69, 14, 24, 66, 59, 60, 61, 0, 74, 29, 28, 43, 9, 52, 53, 54, 22, 30, 31, 36, 34, 35, 16, 48, 37, 38, 44, 45, 75, 67, 26, 78, 42, 33, 62, 70, 65, 21, 55, 56, 13, 19, 4, 15, 6, 5, 51, 10, 11]
index list energy: 1276047.6071000914Done

iterations:10000000, temp:10000, exponent:0.7, eif:200.0
time taken (sec): 7662.643067359924
og index list: [79, 56, 30, 58, 78, 77, 19, 55, 64, 12, 49, 51, 39, 29, 63, 53, 47, 52, 22, 37, 3, 11, 50, 75, 57, 38, 21, 1, 66, 74, 13, 35, 25, 28, 42, 44, 76, 65, 62, 5, 9, 7, 24, 10, 6, 8, 60, 45, 54, 43, 70, 20, 69, 33, 14, 72, 36, 73, 34, 67, 59, 4, 17, 48, 16, 46, 23, 68, 2, 71, 41, 26, 40, 61, 31, 27, 15, 18, 0, 32]
og index list energy: 58770275.744008645index list: [55, 56, 40, 19, 68, 72, 39, 74, 30, 31, 32, 21, 22, 23, 24, 25, 15, 46, 41, 71, 70, 65, 10, 63, 79, 17, 0, 73, 4, 7, 8, 1, 2, 54, 37, 38, 48, 75, 18, 16, 26, 27, 28, 77, 62, 11, 66, 67, 5, 3, 20, 57, 36, 34, 35, 9, 78, 33, 64, 12, 52, 53, 51, 13, 47, 58, 49, 42, 43, 44, 45, 6, 14, 76, 29, 50, 69, 59, 60, 61]
index list energy: 1366535.7517461062Done

iterations:10000000, temp:10000, exponent:0.7, eif:200.0
Done

iterations:10000000, temp:10000, exponent:0.7, eif:200.0
time taken (sec): 9707.02728509903
og index list: [37, 6, 74, 28, 7, 19, 59, 76, 8, 73, 50, 1, 29, 11, 55, 13, 69, 49, 38, 16, 27, 75, 24, 17, 18, 4, 26, 2, 12, 23, 48, 64, 72, 60, 58, 0, 3, 32, 52, 25, 67, 31, 63, 71, 44, 56, 43, 42, 47, 51, 53, 33, 39, 46, 57, 35, 5, 10, 34, 78, 36, 40, 54, 20, 79, 45, 62, 9, 65, 77, 15, 68, 22, 61, 14, 21, 41, 70, 66, 30]
og index list energy: 62597463.16209682index list: [72, 1, 2, 3, 26, 27, 28, 29, 30, 31, 32, 12, 13, 46, 39, 4, 15, 16, 66, 67, 77, 57, 47, 48, 79, 43, 9, 50, 63, 22, 23, 69, 17, 18, 19, 20, 76, 33, 55, 53, 51, 10, 59, 68, 24, 25, 75, 35, 54, 64, 21, 34, 78, 38, 58, 0, 44, 45, 36, 37, 52, 7, 8, 11, 65, 49, 70, 71, 60, 61, 62, 6, 56, 74, 42, 14, 5, 73, 40, 41]
index list energy: 921822.3892759719Done

iterations:10000000, temp:10000, exponent:0.7, eif:200.0
time taken (sec): 8200.299483537674
og index list: [78, 20, 34, 55, 60, 59, 61, 22, 48, 39, 76, 1, 73, 56, 27, 53, 8, 26, 41, 75, 28, 17, 57, 46, 79, 69, 35, 38, 58, 23, 13, 40, 3, 64, 10, 2, 66, 51, 52, 70, 50, 21, 71, 25, 6, 18, 44, 65, 43, 15, 77, 42, 45, 32, 72, 49, 19, 0, 31, 67, 63, 36, 37, 68, 11, 16, 47, 29, 5, 74, 62, 9, 14, 4, 54, 7, 24, 30, 12, 33]
og index list energy: 64325302.19556426index list: [63, 22, 23, 14, 69, 17, 76, 67, 68, 7, 8, 51, 38, 50, 11, 25, 26, 2, 3, 4, 56, 52, 70, 21, 75, 27, 28, 29, 30, 35, 41, 55, 15, 32, 65, 66, 43, 48, 34, 31, 16, 40, 6, 53, 54, 64, 71, 20, 12, 13, 36, 79, 9, 10, 0, 73, 74, 42, 33, 37, 78, 72, 39, 60, 61, 62, 49, 59, 77, 24, 57, 19, 5, 44, 45, 46, 47, 1, 18, 58]
index list energy: 1523962.0905912146Done

iterations:10000000, temp:10000, exponent:0.7, eif:200.0
time taken (sec): 9113.40796661377
og index list: [65, 2, 76, 18, 55, 52, 6, 48, 15, 0, 41, 37, 38, 19, 61, 35, 45, 33, 71, 40, 67, 47, 56, 69, 46, 50, 60, 8, 24, 34, 26, 57, 72, 4, 1, 51, 42, 20, 12, 17, 28, 3, 43, 29, 62, 70, 23, 74, 9, 39, 31, 77, 16, 36, 73, 68, 7, 44, 53, 11, 75, 22, 64, 25, 59, 14, 5, 49, 27, 21, 32, 78, 10, 58, 13, 54, 30, 66, 79, 63]
og index list energy: 57941536.58440738index list: [72, 39, 40, 46, 6, 14, 68, 17, 18, 32, 49, 56, 57, 77, 27, 28, 29, 30, 31, 1, 2, 16, 25, 20, 12, 52, 24, 21, 22, 23, 53, 75, 48, 37, 38, 47, 58, 74, 59, 60, 61, 62, 9, 10, 69, 42, 33, 34, 35, 51, 13, 36, 76, 54, 64, 65, 66, 67, 79, 43, 63, 55, 7, 8, 3, 5, 41, 71, 78, 70, 0, 73, 4, 15, 44, 45, 19, 26, 50, 11]
index list energy: 1013436.8229649536Done

iterations:10000000, temp:10000, exponent:0.7, eif:200.0
time taken (sec): 8663.04719209671
og index list: [15, 52, 34, 1, 38, 71, 13, 23, 65, 72, 29, 10, 44, 17, 64, 32, 7, 57, 68, 78, 45, 19, 14, 70, 54, 16, 6, 69, 66, 76, 61, 30, 39, 40, 43, 31, 59, 21, 36, 12, 18, 46, 22, 42, 51, 75, 25, 0, 79, 8, 4, 9, 2, 53, 28, 49, 37, 33, 27, 24, 41, 26, 60, 62, 58, 20, 35, 50, 63, 47, 55, 74, 56, 3, 48, 5, 11, 73, 67, 77]
og index list energy: 59312522.215957806index list: [70, 21, 55, 24, 26, 27, 28, 29, 30, 74, 42, 67, 15, 9, 52, 7, 8, 16, 20, 71, 4, 5, 44, 54, 22, 23, 14, 56, 66, 17, 18, 6, 53, 45, 46, 39, 77, 37, 38, 78, 59, 76, 47, 48, 79, 72, 73, 40, 36, 49, 68, 69, 33, 34, 61, 62, 0, 1, 2, 3, 50, 63, 64, 65, 57, 58, 31, 41, 75, 43, 32, 12, 13, 19, 60, 35, 51, 10, 11, 25]
index list energy: 1065845.304705011Done

iterations:10000000, temp:10000, exponent:0.7, eif:200.0
time taken (sec): 8738.035908460617
og index list: [50, 30, 38, 44, 20, 28, 18, 4, 71, 56, 13, 54, 74, 66, 61, 17, 35, 29, 37, 51, 64, 12, 68, 72, 65, 78, 55, 43, 76, 52, 73, 31, 60, 34, 46, 3, 1, 14, 48, 41, 33, 67, 75, 7, 11, 63, 42, 49, 58, 19, 10, 77, 59, 0, 36, 40, 23, 62, 6, 24, 16, 45, 39, 79, 47, 15, 70, 69, 26, 2, 25, 57, 5, 32, 8, 53, 22, 21, 9, 27]
og index list energy: 70310416.18650925index list: [44, 45, 46, 19, 26, 27, 28, 29, 30, 31, 32, 12, 50, 9, 10, 11, 21, 22, 23, 7, 8, 3, 60, 61, 75, 17, 18, 36, 62, 69, 59, 68, 14, 15, 63, 64, 47, 39, 40, 41, 65, 66, 70, 71, 4, 49, 37, 38, 48, 34, 35, 54, 76, 43, 0, 73, 52, 53, 51, 57, 58, 74, 2, 16, 25, 20, 79, 24, 78, 33, 55, 56, 13, 77, 42, 67, 5, 6, 72, 1]
index list energy: 1112332.8734801046Done

iterations:10000000, temp:10000, exponent:0.7, eif:200.0
time taken (sec): 7996.169945001602
og index list: [60, 58, 62, 40, 36, 76, 31, 66, 72, 6, 50, 13, 39, 22, 48, 41, 35, 3, 74, 26, 27, 56, 33, 47, 51, 34, 19, 21, 64, 45, 24, 0, 29, 57, 18, 78, 59, 68, 1, 42, 25, 63, 61, 79, 11, 9, 77, 20, 46, 15, 53, 10, 12, 7, 75, 17, 30, 49, 54, 38, 55, 2, 43, 8, 70, 67, 4, 65, 32, 71, 69, 5, 28, 23, 73, 16, 44, 14, 52, 37]
og index list energy: 41446719.45510427index list: [48, 22, 74, 43, 6, 24, 25, 68, 59, 5, 58, 50, 51, 66, 72, 73, 4, 26, 49, 8, 69, 33, 37, 38, 47, 39, 40, 16, 7, 75, 42, 29, 30, 31, 32, 65, 77, 17, 18, 41, 71, 52, 56, 76, 23, 14, 15, 63, 55, 53, 54, 64, 79, 61, 62, 11, 12, 21, 78, 27, 28, 70, 13, 19, 60, 35, 46, 3, 20, 57, 44, 45, 36, 34, 0, 1, 2, 9, 10, 67]
index list energy: 1414458.8773591043Done

iterations:10000000, temp:10000, exponent:0.7, eif:200.0
Done

iterations:10000000, temp:10000, exponent:0.7, eif:200.0
time taken (sec): 8091.303874731064
og index list: [35, 41, 40, 26, 0, 77, 63, 28, 79, 14, 48, 11, 18, 65, 71, 1, 9, 52, 56, 20, 29, 21, 7, 17, 72, 44, 3, 58, 42, 76, 12, 5, 62, 37, 38, 64, 36, 45, 70, 6, 34, 43, 78, 66, 16, 4, 73, 2, 30, 60, 27, 8, 32, 74, 61, 68, 49, 24, 13, 47, 53, 51, 19, 59, 22, 69, 33, 23, 46, 55, 57, 54, 39, 15, 25, 50, 10, 31, 75, 67]
og index list energy: 65208853.554314315index list: [42, 43, 41, 65, 66, 17, 18, 6, 7, 0, 50, 9, 10, 67, 15, 44, 54, 22, 30, 31, 51, 48, 37, 38, 1, 27, 23, 14, 56, 52, 24, 49, 53, 45, 46, 36, 34, 35, 3, 40, 77, 59, 4, 68, 76, 28, 29, 78, 33, 55, 60, 61, 62, 11, 39, 25, 5, 47, 58, 79, 2, 16, 73, 75, 8, 63, 74, 70, 13, 19, 20, 21, 64, 57, 69, 72, 32, 12, 71, 26]
index list energy: 1964648.5509136748Done

iterations:10000000, temp:10000, exponent:0.7, eif:200.0
time taken (sec): 7759.118410825729
og index list: [12, 75, 65, 44, 10, 40, 58, 29, 21, 27, 23, 34, 4, 24, 69, 59, 41, 53, 28, 15, 64, 33, 3, 36, 76, 18, 77, 11, 70, 71, 47, 52, 39, 16, 31, 49, 2, 50, 30, 73, 42, 5, 63, 61, 9, 7, 35, 20, 26, 62, 46, 0, 6, 54, 13, 8, 45, 72, 48, 67, 32, 68, 66, 79, 22, 1, 37, 25, 60, 43, 14, 17, 78, 56, 55, 74, 57, 51, 19, 38]
og index list energy: 58216013.13880822index list: [14, 56, 66, 67, 26, 27, 28, 76, 70, 21, 22, 23, 69, 72, 6, 17, 18, 41, 65, 4, 5, 16, 47, 58, 79, 43, 9, 10, 11, 25, 20, 52, 75, 42, 29, 30, 31, 19, 78, 34, 50, 51, 38, 39, 68, 24, 57, 48, 37, 77, 61, 62, 49, 53, 59, 60, 35, 46, 36, 55, 7, 8, 63, 64, 71, 15, 54, 74, 33, 0, 73, 40, 44, 45, 32, 12, 13, 1, 2, 3]
index list energy: 1166688.8715007878Done

iterations:10000000, temp:10000, exponent:0.7, eif:200.0
time taken (sec): 8196.011507749557
og index list: [23, 0, 3, 20, 37, 5, 7, 30, 8, 63, 51, 72, 9, 50, 34, 69, 76, 59, 66, 4, 28, 56, 16, 22, 65, 73, 18, 41, 74, 36, 35, 1, 12, 33, 60, 77, 68, 26, 61, 17, 71, 42, 10, 45, 19, 15, 43, 58, 70, 78, 46, 55, 24, 62, 49, 31, 47, 14, 67, 25, 32, 13, 40, 79, 52, 48, 39, 27, 57, 11, 54, 64, 44, 53, 6, 21, 29, 75, 2, 38]
og index list energy: 62889125.60606222index list: [43, 51, 48, 37, 10, 17, 18, 6, 14, 76, 27, 28, 0, 41, 50, 69, 59, 4, 15, 11, 21, 34, 61, 78, 24, 25, 20, 52, 53, 54, 22, 79, 33, 55, 56, 13, 47, 19, 26, 77, 2, 74, 29, 23, 67, 60, 35, 32, 12, 66, 42, 72, 75, 73, 40, 16, 1, 30, 31, 36, 62, 63, 64, 65, 57, 58, 49, 68, 70, 71, 7, 8, 3, 5, 44, 45, 46, 9, 38, 39]
index list energy: 1863168.770548818Done

iterations:10000000, temp:10000, exponent:0.7, eif:200.0
time taken (sec): 8799.04990530014
og index list: [52, 75, 50, 27, 44, 7, 69, 73, 62, 9, 12, 3, 47, 48, 32, 34, 49, 15, 78, 35, 77, 64, 59, 11, 76, 22, 25, 58, 6, 74, 53, 31, 57, 51, 4, 79, 16, 2, 26, 68, 5, 10, 71, 45, 66, 29, 30, 28, 1, 56, 33, 39, 72, 38, 23, 46, 18, 17, 65, 24, 43, 55, 0, 20, 19, 60, 41, 8, 61, 67, 36, 13, 40, 37, 21, 70, 54, 63, 42, 14]
og index list energy: 69612500.91071965index list: [33, 22, 23, 24, 25, 15, 14, 74, 27, 28, 42, 29, 30, 31, 47, 41, 65, 10, 11, 21, 37, 38, 1, 18, 48, 34, 35, 19, 26, 49, 67, 68, 59, 60, 61, 62, 0, 58, 77, 70, 13, 78, 2, 9, 52, 53, 54, 64, 57, 6, 7, 8, 36, 79, 69, 43, 3, 50, 63, 55, 56, 40, 16, 39, 20, 12, 75, 17, 76, 51, 71, 66, 72, 73, 4, 5, 44, 45, 46, 32]
index list energy: 1379680.7974514111Done

iterations:10000000, temp:10000, exponent:0.7, eif:200.0
time taken (sec): 8147.352263689041
og index list: [35, 38, 74, 22, 44, 2, 29, 8, 71, 26, 1, 53, 46, 69, 50, 54, 51, 52, 32, 3, 45, 19, 20, 73, 41, 36, 28, 10, 21, 39, 48, 56, 59, 9, 37, 16, 23, 57, 65, 58, 11, 70, 75, 24, 27, 0, 40, 42, 66, 62, 13, 5, 14, 55, 61, 12, 31, 17, 78, 76, 49, 4, 72, 63, 47, 43, 7, 25, 77, 68, 15, 18, 79, 33, 30, 6, 60, 64, 34, 67]
og index list energy: 57336765.21478996index list: [59, 52, 14, 15, 6, 24, 66, 33, 34, 35, 16, 40, 32, 49, 42, 70, 65, 12, 13, 19, 4, 5, 9, 79, 17, 50, 69, 67, 26, 27, 28, 29, 30, 31, 74, 43, 63, 37, 38, 44, 54, 64, 48, 76, 58, 78, 72, 1, 2, 41, 71, 60, 61, 62, 51, 10, 11, 25, 75, 23, 53, 45, 3, 68, 7, 8, 77, 18, 36, 55, 56, 57, 46, 47, 39, 20, 21, 22, 0, 73]
index list energy: 862908.0631176687Done

iterations:10000000, temp:10000, exponent:0.7, eif:200.0
time taken (sec): 8401.006846189499
og index list: [53, 17, 42, 40, 51, 70, 49, 20, 60, 6, 36, 23, 43, 28, 11, 73, 69, 14, 22, 46, 32, 12, 33, 31, 67, 41, 8, 59, 62, 34, 37, 15, 52, 55, 68, 38, 57, 25, 75, 13, 10, 78, 7, 79, 44, 65, 9, 27, 48, 4, 21, 1, 76, 29, 64, 5, 3, 61, 19, 66, 35, 18, 63, 77, 56, 74, 54, 2, 26, 47, 58, 72, 16, 30, 71, 50, 39, 24, 0, 45]
og index list energy: 55600006.593193index list: [63, 22, 23, 14, 5, 3, 68, 7, 8, 41, 65, 57, 1, 27, 28, 29, 30, 31, 44, 45, 46, 36, 64, 48, 62, 51, 13, 16, 69, 17, 18, 19, 20, 21, 55, 56, 75, 70, 71, 76, 2, 9, 52, 24, 66, 42, 33, 34, 35, 54, 37, 4, 77, 11, 12, 10, 59, 60, 61, 79, 58, 0, 73, 40, 6, 53, 74, 43, 78, 38, 47, 39, 50, 67, 15, 32, 25, 26, 49, 72]
index list energy: 1184318.0597108835Done

iterations:10000000, temp:10000, exponent:0.7, eif:200.0
Done

iterations:10000000, temp:10000, exponent:0.7, eif:200.0
time taken (sec): 7828.659101486206
og index list: [52, 9, 62, 67, 39, 66, 10, 7, 78, 60, 23, 5, 65, 70, 46, 37, 28, 11, 18, 42, 31, 26, 59, 50, 29, 41, 2, 45, 76, 35, 61, 69, 14, 64, 32, 24, 30, 77, 53, 44, 6, 51, 13, 12, 3, 27, 1, 25, 58, 47, 48, 49, 19, 75, 33, 63, 38, 54, 8, 71, 74, 73, 72, 36, 79, 4, 20, 16, 56, 55, 15, 0, 43, 57, 68, 22, 34, 21, 40, 17]
og index list energy: 54091335.62329856index list: [53, 49, 42, 43, 46, 39, 68, 7, 8, 9, 52, 14, 5, 44, 45, 32, 66, 67, 0, 1, 27, 30, 77, 70, 13, 36, 22, 23, 24, 76, 29, 79, 72, 17, 18, 19, 60, 35, 3, 40, 6, 69, 59, 20, 57, 73, 78, 31, 58, 50, 54, 55, 74, 4, 56, 12, 21, 34, 61, 75, 28, 33, 37, 38, 47, 16, 48, 62, 63, 64, 71, 15, 51, 10, 11, 65, 25, 26, 2, 41]
index list energy: 1363347.1916047381Done

iterations:10000000, temp:10000, exponent:0.7, eif:200.0
time taken (sec): 8152.697828531265
og index list: [62, 3, 77, 73, 25, 74, 63, 47, 54, 5, 35, 9, 14, 21, 46, 2, 42, 30, 0, 39, 19, 7, 17, 66, 23, 70, 79, 55, 49, 22, 53, 45, 1, 71, 44, 27, 48, 26, 68, 24, 38, 18, 32, 69, 75, 56, 6, 8, 13, 29, 78, 72, 67, 28, 59, 33, 60, 50, 15, 43, 76, 51, 37, 11, 12, 16, 61, 31, 36, 64, 4, 41, 34, 40, 65, 58, 52, 10, 20, 57]
og index list energy: 56700379.098703966index list: [41, 65, 26, 2, 6, 24, 52, 7, 8, 63, 64, 48, 55, 0, 3, 4, 5, 69, 42, 29, 30, 31, 54, 34, 35, 46, 16, 20, 21, 22, 23, 17, 76, 70, 71, 60, 61, 62, 11, 75, 27, 28, 72, 1, 18, 44, 45, 51, 38, 39, 40, 36, 74, 25, 79, 67, 68, 53, 49, 14, 56, 57, 73, 66, 33, 37, 78, 43, 77, 32, 12, 13, 19, 15, 47, 58, 50, 9, 10, 59]
index list energy: 1073869.8691693377Done

iterations:10000000, temp:10000, exponent:0.7, eif:200.0
time taken (sec): 8862.606652498245
og index list: [71, 51, 78, 79, 46, 0, 44, 56, 7, 48, 30, 64, 24, 74, 12, 19, 68, 75, 28, 35, 27, 58, 17, 70, 8, 33, 10, 21, 57, 39, 52, 77, 38, 16, 1, 36, 76, 65, 20, 2, 41, 23, 15, 73, 59, 9, 61, 11, 45, 34, 22, 37, 67, 63, 40, 31, 32, 50, 60, 13, 54, 42, 55, 47, 29, 49, 26, 18, 72, 43, 4, 53, 69, 3, 6, 62, 5, 25, 14, 66]
og index list energy: 61780071.87832318index list: [38, 48, 34, 35, 51, 25, 15, 7, 74, 14, 56, 79, 33, 22, 23, 17, 18, 16, 66, 59, 20, 57, 47, 58, 31, 19, 26, 27, 28, 29, 30, 76, 9, 10, 11, 12, 13, 75, 39, 78, 1, 2, 3, 4, 5, 46, 41, 71, 68, 69, 42, 67, 60, 61, 62, 72, 44, 45, 36, 37, 52, 43, 6, 24, 0, 73, 77, 70, 49, 8, 63, 64, 65, 40, 32, 21, 55, 53, 54, 50]
index list energy: 1292529.6991437126Done

iterations:10000000, temp:10000, exponent:0.7, eif:200.0
time taken (sec): 8901.027985572815
og index list: [43, 72, 21, 30, 39, 73, 63, 7, 64, 46, 61, 75, 79, 4, 0, 25, 18, 19, 5, 59, 31, 28, 66, 3, 29, 15, 20, 23, 67, 69, 26, 40, 45, 50, 54, 42, 11, 49, 77, 27, 44, 12, 8, 76, 35, 41, 52, 71, 60, 17, 33, 9, 74, 78, 24, 16, 62, 10, 58, 2, 57, 48, 51, 34, 68, 56, 37, 6, 32, 47, 55, 13, 70, 22, 36, 1, 14, 53, 38, 65]
og index list energy: 67935947.42172825index list: [48, 0, 73, 40, 3, 60, 77, 29, 30, 31, 46, 19, 68, 67, 26, 27, 28, 42, 43, 1, 74, 33, 37, 38, 39, 4, 56, 50, 63, 22, 23, 17, 78, 24, 66, 59, 20, 71, 25, 79, 18, 41, 65, 12, 52, 53, 54, 55, 5, 58, 61, 62, 76, 14, 15, 36, 64, 57, 47, 6, 7, 8, 9, 10, 11, 49, 70, 21, 34, 35, 51, 13, 32, 75, 2, 44, 45, 16, 69, 72]
index list energy: 1173135.5043152757Done

iterations:10000000, temp:10000, exponent:0.7, eif:200.0
time taken (sec): 9428.582082986832
og index list: [60, 33, 23, 58, 4, 7, 37, 31, 38, 57, 65, 41, 46, 28, 35, 15, 8, 77, 3, 11, 63, 72, 78, 13, 70, 47, 22, 20, 36, 39, 49, 19, 68, 73, 51, 64, 44, 74, 27, 50, 6, 76, 5, 71, 79, 14, 17, 67, 40, 30, 66, 53, 56, 75, 45, 52, 24, 54, 16, 2, 9, 12, 26, 1, 34, 69, 62, 32, 48, 61, 43, 29, 42, 10, 25, 18, 55, 21, 59, 0]
og index list energy: 58648541.72191576index list: [70, 65, 66, 67, 26, 27, 28, 29, 30, 31, 46, 19, 20, 21, 22, 23, 24, 77, 43, 9, 52, 59, 60, 61, 62, 78, 32, 25, 79, 17, 18, 1, 2, 50, 51, 10, 63, 76, 53, 54, 55, 56, 57, 16, 74, 11, 12, 13, 47, 39, 4, 15, 36, 37, 38, 48, 34, 35, 41, 71, 68, 69, 33, 64, 49, 5, 58, 0, 75, 42, 72, 73, 40, 6, 14, 7, 8, 44, 45, 3]
index list energy: 574114.4486313548Done

iterations:10000000, temp:10000, exponent:0.7, eif:200.0
time taken (sec): 7446.453154563904
og index list: [32, 5, 53, 36, 60, 29, 65, 27, 3, 12, 41, 4, 73, 17, 56, 8, 38, 63, 19, 37, 33, 15, 75, 50, 30, 72, 78, 77, 7, 40, 31, 18, 47, 10, 2, 6, 45, 34, 35, 42, 70, 58, 11, 76, 43, 71, 13, 28, 66, 79, 22, 67, 23, 48, 59, 69, 1, 0, 61, 74, 64, 54, 57, 55, 49, 21, 46, 24, 68, 51, 16, 39, 26, 25, 20, 52, 62, 44, 9, 14]
og index list energy: 63804786.68858867index list: [23, 24, 40, 58, 0, 73, 79, 43, 9, 10, 33, 37, 38, 36, 22, 74, 2, 16, 78, 29, 30, 61, 77, 34, 35, 46, 1, 27, 28, 14, 56, 21, 64, 47, 19, 60, 31, 6, 51, 13, 32, 50, 11, 25, 26, 49, 65, 52, 70, 48, 62, 53, 54, 75, 42, 17, 18, 44, 45, 63, 55, 7, 8, 41, 71, 20, 12, 57, 76, 72, 39, 66, 67, 68, 59, 4, 5, 3, 15, 69]
index list energy: 2139859.5782921906Done

iterations:10000000, temp:10000, exponent:0.7, eif:200.0
Done


iterations:10000000, temp:10000, exponent:0.7, eif:200.0
time taken (sec): 13061.193751811981
og index list: [27, 10, 11, 8, 0, 20, 53, 74, 6, 31, 70, 75, 69, 38, 19, 14, 64, 17, 65, 77, 79, 68, 26, 21, 2, 78, 12, 1, 63, 24, 57, 13, 52, 5, 41, 72, 49, 55, 30, 7, 61, 67, 36, 59, 39, 37, 28, 32, 51, 3, 76, 42, 44, 4, 66, 23, 56, 35, 34, 15, 25, 22, 16, 45, 40, 54, 29, 33, 71, 46, 73, 48, 43, 47, 60, 50, 58, 18, 9, 62]
og index list energy: 83420287.51144089index list: [42, 43, 3, 4, 68, 59, 26, 27, 28, 33, 64, 21, 55, 69, 17, 18, 46, 16, 10, 45, 19, 5, 1, 75, 62, 11, 65, 50, 51, 7, 8, 79, 70, 52, 63, 34, 35, 36, 37, 38, 6, 14, 53, 44, 54, 22, 23, 72, 0, 48, 78, 2, 58, 77, 29, 49, 24, 25, 20, 71, 40, 41, 74, 30, 31, 9, 57, 47, 39, 56, 12, 13, 32, 66, 67, 15, 73, 60, 61, 76]
index list energy: 2357310.3195159305Done

iterations:10000000, temp:10000, exponent:0.7, eif:200.0
time taken (sec): 13243.044245243073
og index list: [55, 2, 47, 36, 68, 74, 45, 10, 65, 49, 20, 62, 67, 8, 59, 15, 18, 14, 60, 31, 51, 25, 27, 72, 32, 17, 57, 53, 3, 54, 66, 33, 21, 77, 12, 28, 52, 70, 61, 48, 1, 38, 19, 56, 41, 75, 39, 4, 16, 23, 64, 22, 30, 50, 43, 24, 7, 63, 13, 6, 44, 40, 46, 29, 73, 11, 58, 0, 37, 78, 9, 76, 42, 26, 5, 35, 71, 79, 69, 34]
og index list energy: 46129356.13237235index list: [33, 34, 35, 49, 23, 70, 10, 17, 50, 36, 62, 67, 15, 59, 51, 65, 40, 39, 68, 53, 54, 55, 7, 8, 9, 66, 72, 73, 25, 26, 75, 4, 5, 6, 14, 56, 71, 69, 42, 77, 18, 46, 32, 1, 2, 19, 60, 61, 37, 79, 38, 41, 47, 44, 45, 16, 57, 63, 74, 28, 43, 58, 78, 24, 21, 64, 20, 12, 13, 48, 22, 76, 27, 0, 3, 52, 29, 30, 31, 11]
index list energy: 2537392.9313252647Done

iterations:10000000, temp:10000, exponent:0.7, eif:200.0
time taken (sec): 11706.610332727432
og index list: [66, 17, 74, 69, 21, 54, 0, 48, 57, 41, 37, 9, 22, 39, 14, 62, 35, 68, 55, 38, 12, 70, 65, 51, 47, 29, 1, 32, 36, 63, 8, 75, 73, 49, 78, 18, 11, 77, 45, 30, 28, 13, 16, 56, 7, 4, 71, 72, 53, 79, 10, 2, 67, 20, 61, 50, 23, 44, 58, 46, 26, 24, 27, 40, 33, 25, 64, 76, 3, 15, 31, 52, 60, 5, 34, 19, 43, 59, 42, 6]
og index list energy: 62967848.98253015index list: [33, 34, 61, 0, 73, 57, 39, 49, 67, 68, 59, 15, 45, 36, 22, 23, 53, 16, 69, 42, 72, 48, 62, 79, 2, 3, 26, 27, 28, 29, 30, 76, 54, 64, 13, 46, 58, 75, 31, 47, 78, 17, 18, 19, 20, 65, 66, 43, 6, 24, 40, 1, 77, 11, 12, 50, 63, 55, 56, 21, 37, 38, 41, 71, 60, 35, 44, 74, 70, 52, 14, 5, 32, 25, 4, 7, 8, 9, 10, 51]
index list energy: 1421378.5471181136Done

iterations:10000000, temp:10000, exponent:0.7, eif:200.0
time taken (sec): 12402.02154803276
og index list: [65, 28, 7, 43, 63, 74, 2, 71, 50, 25, 40, 58, 38, 69, 48, 42, 4, 37, 72, 32, 35, 10, 5, 75, 20, 49, 26, 1, 68, 77, 76, 14, 56, 23, 6, 78, 36, 70, 45, 53, 62, 55, 57, 52, 29, 30, 34, 60, 17, 16, 64, 39, 27, 11, 44, 0, 12, 66, 59, 79, 46, 41, 33, 3, 73, 8, 22, 51, 54, 67, 9, 15, 31, 24, 19, 13, 61, 18, 21, 47]
og index list energy: 64048825.519575484index list: [42, 43, 44, 45, 46, 48, 22, 23, 24, 79, 33, 62, 11, 57, 41, 71, 26, 2, 3, 66, 67, 20, 21, 64, 77, 70, 65, 25, 75, 17, 78, 29, 30, 31, 73, 4, 76, 18, 58, 74, 9, 10, 63, 34, 35, 6, 7, 8, 16, 68, 59, 60, 61, 0, 19, 5, 69, 53, 54, 55, 56, 13, 49, 28, 72, 51, 38, 39, 40, 36, 37, 52, 14, 15, 47, 1, 27, 50, 32, 12]
index list energy: 1185144.2898867643Done

iterations:10000000, temp:10000, exponent:0.7, eif:200.0
Done

iterations:10000000, temp:10000, exponent:0.7, eif:200.0
time taken (sec): 8111.909360170364
og index list: [3, 14, 41, 20, 57, 35, 38, 69, 12, 30, 47, 62, 52, 25, 34, 1, 49, 26, 17, 58, 53, 2, 73, 9, 76, 71, 11, 24, 16, 63, 28, 5, 68, 55, 15, 42, 65, 27, 78, 22, 72, 7, 46, 48, 79, 8, 44, 36, 66, 75, 39, 23, 60, 31, 59, 6, 61, 40, 21, 4, 50, 10, 32, 18, 64, 37, 77, 19, 70, 54, 0, 74, 67, 43, 29, 51, 13, 33, 56, 45]
og index list energy: 62672333.23463915index list: [10, 17, 18, 36, 34, 35, 6, 7, 8, 69, 24, 21, 55, 56, 66, 67, 15, 9, 77, 37, 38, 0, 73, 76, 29, 30, 31, 63, 22, 23, 59, 4, 60, 61, 62, 11, 49, 43, 19, 20, 12, 13, 47, 58, 78, 45, 32, 74, 28, 42, 33, 75, 70, 52, 14, 5, 46, 41, 65, 57, 39, 40, 3, 25, 68, 53, 54, 64, 48, 71, 79, 72, 1, 2, 44, 16, 51, 26, 27, 50]
index list energy: 1279565.2101573506Done

iterations:10000000, temp:10000, exponent:0.7, eif:200.0
time taken (sec): 8112.431130647659
og index list: [74, 75, 30, 69, 6, 43, 25, 5, 31, 38, 49, 56, 2, 60, 68, 3, 32, 70, 57, 50, 27, 34, 1, 45, 48, 26, 29, 14, 76, 64, 0, 53, 21, 19, 55, 37, 23, 72, 39, 28, 8, 15, 18, 16, 33, 36, 7, 52, 46, 79, 51, 40, 24, 9, 65, 13, 67, 22, 59, 47, 73, 4, 20, 35, 44, 66, 42, 11, 63, 78, 58, 62, 61, 41, 17, 12, 10, 77, 71, 54]
og index list energy: 55393130.66268498index list: [36, 55, 56, 57, 39, 40, 19, 26, 27, 30, 78, 28, 42, 14, 15, 9, 10, 11, 21, 37, 38, 47, 48, 64, 1, 50, 63, 34, 35, 6, 24, 74, 33, 22, 23, 59, 60, 31, 45, 79, 70, 65, 66, 43, 3, 4, 7, 8, 69, 17, 18, 46, 49, 67, 68, 72, 41, 71, 20, 52, 53, 54, 75, 29, 0, 73, 77, 58, 61, 62, 51, 25, 5, 44, 76, 2, 16, 12, 13, 32]
index list energy: 1329045.5942417043Done

iterations:10000000, temp:10000, exponent:0.7, eif:200.0
time taken (sec): 8815.763047933578
og index list: [61, 3, 44, 18, 11, 49, 62, 48, 63, 50, 30, 72, 15, 22, 41, 27, 68, 58, 69, 75, 47, 64, 4, 23, 76, 2, 45, 21, 71, 36, 10, 0, 34, 39, 59, 5, 25, 6, 20, 70, 55, 16, 57, 60, 28, 56, 24, 29, 1, 9, 38, 78, 67, 46, 17, 79, 73, 35, 51, 7, 31, 52, 74, 14, 33, 53, 66, 8, 26, 19, 43, 42, 32, 12, 77, 13, 65, 54, 40, 37]
og index list energy: 70441751.64496085index list: [33, 22, 23, 69, 17, 27, 28, 29, 30, 31, 3, 40, 16, 1, 78, 67, 4, 56, 13, 0, 6, 14, 26, 79, 24, 65, 66, 72, 39, 68, 53, 11, 12, 76, 2, 73, 77, 20, 57, 75, 42, 43, 51, 10, 63, 64, 48, 34, 35, 9, 52, 70, 21, 37, 38, 58, 50, 49, 18, 47, 41, 71, 5, 44, 45, 36, 62, 59, 74, 54, 55, 7, 8, 46, 19, 15, 32, 25, 60, 61]
index list energy: 1661102.997244455Done

iterations:10000000, temp:10000, exponent:0.7, eif:200.0
time taken (sec): 8066.051890611649
og index list: [56, 72, 14, 26, 28, 59, 34, 76, 61, 35, 41, 21, 18, 64, 45, 23, 4, 66, 47, 67, 0, 2, 13, 79, 38, 54, 17, 42, 32, 31, 46, 20, 53, 62, 60, 19, 78, 74, 7, 51, 30, 22, 58, 48, 44, 24, 5, 65, 55, 69, 29, 50, 43, 71, 1, 73, 37, 68, 49, 52, 3, 16, 10, 36, 27, 12, 15, 77, 57, 6, 70, 25, 9, 75, 63, 40, 11, 8, 39, 33]
og index list energy: 56188596.65203185index list: [38, 39, 20, 25, 26, 27, 28, 29, 30, 31, 19, 15, 5, 9, 57, 47, 73, 40, 16, 7, 8, 63, 55, 49, 22, 23, 69, 42, 17, 2, 3, 75, 72, 58, 78, 67, 79, 37, 76, 18, 1, 74, 43, 46, 44, 45, 32, 21, 64, 48, 77, 60, 61, 62, 11, 65, 12, 10, 70, 52, 14, 56, 66, 33, 34, 35, 54, 0, 36, 50, 51, 13, 6, 59, 24, 4, 68, 53, 41, 71]
index list energy: 1640176.4117353642Done

iterations:10000000, temp:10000, exponent:0.7, eif:200.0
time taken (sec): 7624.201799869537
og index list: [76, 24, 52, 22, 46, 53, 57, 28, 36, 19, 70, 30, 51, 18, 26, 20, 6, 31, 73, 78, 25, 56, 4, 75, 9, 33, 47, 63, 29, 11, 72, 61, 67, 7, 49, 32, 44, 74, 79, 65, 1, 69, 45, 50, 14, 71, 13, 37, 41, 58, 55, 40, 23, 42, 3, 0, 62, 12, 39, 68, 77, 60, 38, 59, 2, 64, 21, 27, 35, 54, 43, 17, 15, 10, 66, 5, 16, 48, 34, 8]
og index list energy: 77089333.58741356index list: [42, 72, 48, 34, 79, 65, 52, 17, 77, 27, 30, 31, 41, 71, 12, 13, 36, 37, 38, 39, 25, 20, 57, 58, 50, 6, 69, 29, 28, 78, 24, 66, 33, 0, 73, 75, 61, 62, 59, 60, 35, 54, 22, 74, 43, 3, 4, 15, 63, 64, 47, 1, 18, 16, 68, 7, 8, 11, 21, 55, 53, 46, 19, 26, 2, 9, 76, 70, 49, 23, 14, 56, 40, 51, 10, 67, 5, 44, 45, 32]
index list energy: 1348328.6783009828Done

iterations:10000000, temp:10000, exponent:0.7, eif:200.0
time taken (sec): 8215.824426651001
og index list: [57, 30, 45, 68, 16, 5, 29, 13, 74, 36, 54, 39, 24, 77, 41, 62, 60, 8, 32, 69, 23, 70, 2, 50, 12, 51, 35, 75, 64, 71, 11, 66, 61, 47, 38, 14, 7, 3, 17, 10, 20, 0, 21, 15, 25, 63, 72, 58, 42, 67, 76, 33, 27, 52, 46, 59, 65, 22, 18, 48, 31, 26, 49, 53, 28, 43, 44, 37, 19, 79, 78, 55, 4, 34, 73, 9, 6, 1, 56, 40]
og index list energy: 56995114.77236059index list: [53, 54, 22, 23, 67, 26, 78, 29, 75, 2, 6, 7, 8, 69, 42, 17, 18, 19, 60, 35, 36, 34, 31, 48, 37, 38, 47, 58, 50, 1, 77, 27, 28, 43, 3, 20, 21, 79, 30, 61, 62, 11, 66, 14, 56, 4, 15, 63, 64, 71, 40, 41, 65, 10, 59, 0, 73, 12, 13, 74, 33, 55, 5, 9, 49, 70, 76, 72, 44, 45, 46, 32, 57, 16, 52, 68, 24, 51, 39, 25]
index list energy: 1785390.725452827Done

iterations:10000000, temp:10000, exponent:0.7, eif:200.0
time taken (sec): 8164.039926290512
og index list: [3, 7, 37, 20, 30, 19, 60, 78, 9, 8, 33, 74, 62, 29, 51, 39, 23, 64, 16, 66, 61, 40, 4, 22, 41, 10, 14, 56, 36, 52, 32, 43, 5, 26, 13, 24, 28, 38, 69, 47, 72, 70, 65, 55, 11, 63, 2, 31, 35, 17, 49, 50, 18, 57, 25, 12, 6, 15, 45, 73, 1, 77, 71, 59, 76, 21, 42, 54, 58, 67, 44, 75, 53, 34, 48, 68, 46, 79, 0, 27]
og index list energy: 54580404.303292304index list: [23, 7, 8, 63, 55, 24, 66, 17, 18, 6, 53, 51, 10, 69, 43, 75, 2, 3, 15, 16, 1, 27, 30, 76, 29, 28, 79, 33, 22, 78, 67, 77, 37, 38, 47, 44, 32, 25, 60, 61, 62, 9, 52, 70, 65, 57, 58, 31, 45, 36, 34, 35, 54, 49, 42, 72, 73, 40, 41, 71, 4, 5, 19, 68, 59, 20, 21, 64, 48, 0, 74, 14, 56, 50, 11, 12, 13, 46, 39, 26]
index list energy: 1097567.9319831107Done

iterations:10000000, temp:10000, exponent:0.7, eif:200.0
Done

iterations:10000000, temp:10000, exponent:0.7, eif:200.0
time taken (sec): 13539.669682264328
og index list: [42, 9, 67, 55, 4, 26, 1, 47, 2, 56, 65, 49, 44, 70, 58, 68, 46, 71, 5, 14, 21, 74, 48, 69, 52, 50, 60, 36, 39, 76, 40, 11, 12, 28, 6, 31, 77, 34, 61, 3, 17, 16, 64, 15, 25, 45, 66, 63, 72, 54, 20, 37, 73, 29, 30, 8, 19, 23, 24, 53, 38, 0, 51, 7, 43, 33, 18, 57, 10, 22, 27, 35, 59, 32, 62, 79, 13, 78, 41, 75]
og index list energy: 59754767.62131653index list: [72, 73, 75, 42, 17, 27, 28, 29, 30, 31, 45, 36, 37, 52, 59, 20, 57, 19, 68, 69, 70, 21, 64, 79, 7, 8, 32, 65, 66, 14, 15, 74, 33, 34, 35, 6, 78, 61, 62, 63, 22, 23, 67, 26, 2, 44, 16, 60, 76, 43, 1, 18, 48, 0, 41, 71, 51, 38, 49, 54, 55, 56, 13, 46, 47, 39, 40, 58, 77, 53, 50, 9, 10, 11, 25, 5, 3, 4, 24, 12]
index list energy: 1142858.5722117403Done

iterations:10000000, temp:10000, exponent:0.7, eif:200.0
time taken (sec): 14830.775205850601
og index list: [52, 12, 11, 4, 15, 79, 55, 17, 7, 56, 46, 22, 1, 41, 25, 53, 78, 72, 30, 48, 47, 70, 0, 57, 5, 71, 29, 23, 6, 74, 60, 54, 18, 63, 75, 61, 14, 38, 24, 36, 49, 33, 62, 67, 28, 37, 26, 76, 64, 21, 8, 10, 32, 59, 66, 35, 34, 39, 40, 51, 19, 45, 68, 31, 3, 9, 58, 43, 44, 2, 77, 69, 27, 20, 73, 50, 42, 13, 65, 16]
og index list energy: 48219584.73221047index list: [21, 22, 23, 70, 64, 65, 66, 17, 18, 46, 47, 39, 20, 52, 0, 73, 50, 69, 67, 26, 78, 41, 71, 75, 27, 28, 33, 37, 38, 6, 24, 77, 14, 15, 1, 2, 36, 34, 61, 62, 59, 60, 35, 51, 74, 42, 29, 30, 31, 32, 57, 48, 79, 72, 3, 4, 5, 58, 49, 43, 63, 55, 7, 8, 9, 10, 11, 12, 76, 56, 13, 19, 40, 44, 45, 16, 25, 68, 53, 54]
index list energy: 1249688.322007929Done

iterations:10000000, temp:10000, exponent:0.7, eif:200.0
time taken (sec): 14124.648859500885
og index list: [3, 38, 44, 57, 46, 35, 69, 32, 17, 33, 75, 59, 42, 4, 68, 73, 66, 55, 8, 26, 50, 31, 49, 23, 34, 12, 9, 0, 47, 20, 54, 53, 62, 24, 28, 77, 72, 63, 1, 71, 40, 29, 58, 61, 51, 41, 19, 39, 21, 67, 60, 52, 76, 22, 13, 74, 11, 30, 18, 16, 56, 65, 78, 14, 10, 2, 45, 70, 27, 37, 43, 36, 7, 79, 64, 25, 15, 6, 5, 48]
og index list energy: 64376075.34714078index list: [19, 20, 21, 55, 15, 9, 10, 69, 70, 13, 50, 51, 38, 77, 56, 66, 17, 18, 16, 78, 11, 76, 43, 41, 71, 4, 0, 1, 2, 54, 22, 23, 14, 5, 47, 39, 74, 53, 32, 12, 25, 26, 27, 28, 33, 34, 35, 46, 48, 62, 59, 60, 61, 37, 52, 24, 57, 58, 79, 42, 67, 68, 63, 49, 72, 73, 75, 29, 30, 31, 6, 7, 8, 44, 45, 36, 64, 65, 40, 3]
index list energy: 1193091.0409307901Done

iterations:10000000, temp:10000, exponent:0.7, eif:200.0
time taken (sec): 11448.34630560875
og index list: [43, 67, 54, 1, 48, 72, 63, 51, 28, 3, 7, 10, 20, 69, 64, 60, 68, 32, 8, 59, 6, 44, 71, 2, 35, 47, 0, 29, 50, 62, 15, 45, 25, 12, 55, 16, 49, 36, 77, 14, 33, 34, 76, 4, 58, 5, 26, 74, 42, 46, 73, 24, 21, 66, 79, 17, 22, 37, 13, 52, 31, 65, 38, 30, 39, 53, 11, 75, 78, 61, 41, 19, 23, 57, 56, 70, 9, 40, 27, 18]
og index list energy: 46326964.177408695index list: [45, 1, 2, 51, 13, 19, 68, 7, 8, 63, 55, 56, 25, 4, 0, 73, 66, 72, 47, 48, 37, 38, 41, 76, 29, 30, 31, 78, 42, 17, 18, 3, 5, 44, 16, 39, 75, 43, 46, 58, 64, 21, 50, 11, 65, 57, 6, 53, 77, 23, 59, 20, 79, 32, 12, 52, 24, 40, 36, 34, 61, 49, 70, 71, 60, 35, 9, 10, 74, 67, 26, 28, 33, 62, 69, 14, 15, 54, 22, 27]
index list energy: 1857573.89839914Done

iterations:10000000, temp:10000, exponent:0.7, eif:200.0
Done

iterations:10000000, temp:10000, exponent:0.7, eif:200.0
time taken (sec): 13187.08063840866
og index list: [66, 33, 29, 0, 71, 76, 64, 46, 58, 51, 16, 61, 68, 69, 22, 14, 3, 30, 11, 37, 4, 27, 26, 49, 38, 43, 2, 20, 54, 62, 10, 73, 65, 74, 28, 78, 59, 67, 60, 24, 35, 1, 13, 18, 31, 36, 34, 57, 15, 25, 77, 50, 75, 55, 42, 52, 5, 56, 21, 45, 47, 7, 44, 8, 41, 39, 6, 48, 53, 70, 32, 12, 9, 40, 17, 72, 63, 19, 23, 79]
og index list energy: 58128266.95550006index list: [33, 0, 39, 26, 2, 3, 68, 7, 8, 9, 10, 63, 64, 57, 32, 66, 42, 43, 44, 45, 36, 37, 38, 47, 1, 27, 77, 21, 22, 23, 24, 25, 60, 74, 28, 72, 48, 34, 76, 61, 62, 53, 51, 52, 17, 18, 41, 12, 13, 46, 16, 58, 78, 29, 30, 31, 19, 15, 54, 55, 14, 5, 73, 40, 6, 59, 79, 56, 75, 70, 65, 50, 69, 67, 20, 71, 4, 49, 35, 11]
index list energy: 1207096.6680875386Done

iterations:10000000, temp:10000, exponent:0.7, eif:200.0
time taken (sec): 13454.379601478577
og index list: [56, 18, 12, 51, 65, 47, 5, 49, 6, 43, 26, 54, 66, 3, 20, 22, 69, 55, 32, 17, 35, 63, 0, 79, 75, 48, 34, 59, 21, 44, 53, 38, 76, 39, 50, 24, 74, 40, 23, 11, 52, 45, 72, 13, 70, 58, 57, 60, 64, 46, 10, 16, 8, 31, 67, 15, 78, 71, 9, 4, 27, 73, 68, 2, 42, 19, 77, 61, 7, 30, 33, 29, 1, 28, 25, 14, 36, 62, 41, 37]
og index list energy: 57007953.11539987index list: [42, 17, 78, 29, 23, 24, 66, 75, 43, 73, 40, 48, 62, 11, 0, 46, 47, 1, 18, 3, 20, 21, 22, 79, 35, 51, 52, 14, 56, 25, 68, 7, 8, 53, 54, 55, 49, 28, 70, 57, 6, 69, 67, 15, 41, 71, 60, 61, 37, 38, 39, 4, 74, 27, 30, 31, 32, 12, 13, 19, 26, 2, 36, 34, 77, 33, 76, 72, 58, 50, 59, 5, 44, 45, 9, 10, 63, 64, 16, 65]
index list energy: 1419584.9724143003Done

iterations:10000000, temp:10000, exponent:0.7, eif:200.0
time taken (sec): 12949.918685674667
og index list: [54, 7, 11, 27, 69, 6, 41, 59, 71, 65, 75, 33, 17, 24, 40, 50, 9, 20, 22, 60, 1, 38, 2, 30, 5, 18, 62, 68, 44, 43, 79, 78, 16, 36, 66, 14, 31, 39, 70, 53, 48, 76, 34, 56, 58, 61, 28, 25, 51, 12, 23, 64, 72, 77, 15, 10, 73, 4, 49, 37, 57, 47, 29, 32, 26, 67, 45, 21, 42, 74, 0, 52, 35, 63, 3, 46, 8, 55, 13, 19]
og index list energy: 68168842.16836314index list: [33, 22, 23, 67, 56, 13, 16, 7, 8, 54, 64, 65, 12, 10, 11, 60, 61, 62, 69, 72, 19, 4, 5, 48, 78, 47, 9, 74, 29, 49, 40, 6, 51, 73, 76, 28, 42, 43, 41, 71, 26, 27, 30, 31, 1, 2, 36, 34, 35, 3, 20, 21, 37, 38, 39, 52, 70, 75, 57, 50, 63, 55, 53, 0, 58, 77, 44, 45, 79, 17, 18, 32, 25, 68, 14, 15, 46, 66, 59, 24]
index list energy: 2399723.237023264Done

iterations:10000000, temp:10000, exponent:0.7, eif:200.0
time taken (sec): 12856.536246299744
og index list: [2, 24, 56, 28, 7, 8, 4, 43, 29, 36, 55, 40, 12, 22, 70, 38, 69, 19, 60, 65, 72, 27, 52, 1, 50, 11, 18, 61, 25, 42, 57, 77, 79, 49, 23, 33, 14, 26, 10, 45, 37, 63, 16, 21, 59, 64, 3, 17, 75, 58, 30, 68, 78, 32, 66, 13, 44, 34, 67, 41, 35, 0, 15, 71, 20, 73, 46, 53, 31, 9, 5, 6, 47, 62, 51, 48, 54, 39, 76, 74]
og index list energy: 55037452.90511598index list: [14, 5, 44, 51, 57, 47, 39, 66, 17, 18, 32, 12, 13, 36, 22, 23, 70, 71, 49, 29, 28, 33, 34, 61, 76, 67, 15, 19, 26, 27, 30, 78, 3, 20, 21, 64, 74, 72, 58, 77, 42, 79, 31, 54, 37, 38, 1, 2, 41, 65, 75, 62, 63, 55, 24, 68, 7, 8, 9, 10, 59, 60, 35, 6, 69, 43, 46, 48, 0, 73, 4, 56, 52, 53, 45, 16, 40, 50, 11, 25]
index list energy: 1165119.593811092Done

iterations:10000000, temp:10000, exponent:0.7, eif:200.0
Done

