      Assignment         w1         w2         w3        S/N  

            ?-?-?    171.303    114.800      6.954       1983 
            ?-?-?    171.608    115.826      7.203       4988 
            ?-?-?    174.925    122.045      8.736       2994 
            ?-?-?    171.694    115.464      7.836       2427 
       M-1C-M1N-H    176.065    120.522      8.469       5184 
        M1C-S2N-H    175.793    116.359      8.151       1243 
        S2C-E3N-H    173.799    122.317      8.277       5341 
        E3C-Y4N-H    175.174    119.452      8.141       2684 
        Y4C-I5N-H    175.252    116.236      8.934       1951 
        I5C-R6N-H    174.798    123.384      8.652       2073 
        R6C-V7N-H    175.025    122.043      9.014       3344 
        V7C-T8N-H    173.883    117.963      8.677       4555 
        T8C-E9N-H    171.851    122.686      8.739       3616 
       E9C-D10N-H    175.770    119.419      7.976       5461 
      D10C-E11N-H    176.256    126.203      9.252       4572 
      E11C-N12N-H    176.180    117.005      9.068       6392 
      N12C-D13N-H    174.900    121.122      8.053       6314 
      D13C-E14N-H    175.805    123.148      8.608       7727 
      P15C-I16N-H    176.199    118.736      9.208       2940 
      I16C-E17N-H    175.123    121.735      8.255        761 
      E17C-I18N-H    176.207    123.849      9.286       1327 
      P19C-S20N-H    175.863    114.179      7.865       2798 
      S20C-E21N-H    175.181    118.308      9.299       3192 
      E21C-D22N-H    178.930    122.387      9.025       4549 
      D22C-D23N-H    176.442    115.560      7.623       5616 
      D23C-G24N-H    177.608    107.936      8.234       5075 
      G24C-T25N-H    175.438    113.567      7.902       5037 
      T25C-V26N-H    172.586    117.663      8.545       3527 
      V26C-L27N-H    175.238    125.868      8.525       3703 
      L27C-L28N-H    178.846    125.462      8.699       3928 
      L28C-S29N-H    178.615    112.593      8.734       5407 
      S29C-T30N-H    176.672    121.496      7.510       4700 
      T30C-V31N-H    176.262    120.936      7.294       2802 
      V31C-T32N-H    178.978    112.611      9.229       2492 
      T32C-A33N-H    176.367    122.179      7.307       4049 
      A33C-Q34N-H    178.677    112.715      6.888       1210 
      Q34C-F35N-H    174.859    118.003      8.313       2723 
      P36C-G37N-H    178.547    111.098      8.783       3755 
      G37C-A38N-H    174.700    122.561      8.038       5766 
      A38C-C39N-H    177.265    112.539      9.053       3526 
      C39C-G40N-H    173.778    107.462      7.408       1589 
      G40C-L41N-H    182.564    118.291      8.921        739 
      L41C-R42N-H    175.540    120.046      9.553       4001 
      R42C-Y43N-H    173.513    115.884      9.031       4936 
      Y43C-R44N-H    172.325    121.354      8.977       5133 
      R44C-N45N-H    175.526    127.554      8.819       2698 
      P46C-V47N-H    177.565    115.809      7.650       4560 
      V47C-E48N-H    176.954    118.275      7.723       2728 
      E48C-Q49N-H    176.041    114.355      8.295       2731 
      Q49C-C50N-H    174.795    113.195      7.394       5008 
      C50C-M51N-H    172.997    120.476      8.596       2332 
      M51C-R52N-H    176.185    123.449      8.994       2995 
      R52C-G53N-H    174.822    106.402      8.503       1806 
      V54C-R55N-H    176.289    132.101      9.396       3275 
      R55C-L56N-H    173.240    129.507      8.180        279 
      L56C-V57N-H    176.133    127.815      9.288       2300 
      V57C-E58N-H    175.963    128.207      9.551       3807 
      E58C-G59N-H    176.009    102.631      8.321       4446 
      G59C-I60N-H    173.168    123.887      8.178       5336 
      I60C-L61N-H    174.459    128.829      9.301       4032 
      L61C-H62N-H    175.632    121.045      8.440       1297 
      H62C-A63N-H    173.302    125.420      8.393       4860 
      P64C-D65N-H    176.221    122.234      8.441       2970 
      D65C-A66N-H    177.071    118.461      8.047       5355 
      A66C-G67N-H    177.457    108.079      7.922       5645 
      G67C-W68N-H    172.871    120.054      8.528       5200 
      W68C-G69N-H    180.506    103.268      8.593       4193 
      G69C-N70N-H    173.691    119.869      8.727       1371 
      N70C-L71N-H    175.255    118.122      6.933       5177 
      L71C-V72N-H    174.371    118.259      7.811       5417 
      V72C-Y73N-H    174.468    127.781      8.933       4093 
      Y73C-V74N-H    174.353    122.751      9.478       3816 
      V74C-V75N-H    176.772    123.545      7.941       1088 
      V75C-N76N-H    174.615    122.464      7.797       1790 
      N76C-Y77N-H    173.242    122.078      8.612       1442 
      P78C-K79N-H    176.515    121.212      8.273       2039 
      K79C-D80N-H    175.279    127.165      7.952      10305 
