peaknumber	CA	CA-1	CB	CB-1	CO-1	H	N
1	43.33	51.69	-	18.63	177.7	2.881	108.0
2	58.54	60.79	27.00	60.54	179.8	5.667	113.9
3	55.74	51.59	30.44	23.76	171.9	5.163	126.2
4	49.92	49.05	15.58	19.64	174.8	6.222	122.4
5	56.70	58.11	29.35	62.91	173.2	6.312	120.0
8	52.65	57.28	32.52	60.28	172.1	6.918	128.3
9	52.56	44.43	41.78	-	174.5	7.065	125.6
10	53.50	61.35	39.98	33.95	175.0	6.889	124.4
11	52.86	56.12	41.46	40.03	174.7	6.596	121.2
12	49.50	59.27	29.84	63.08	173.5	6.790	121.6
13	56.77	58.69	40.23	36.55	178.7	7.010	122.1
14	54.76	54.08	31.59	31.08	174.3	7.035	121.9
15	56.72	55.48	63.29	21.56	172.5	7.198	122.7
16	54.78	63.11	17.89	36.57	177.8	7.437	125.1
17	57.30	55.35	29.82	31.88	176.2	7.414	124.2
18	58.48	49.79	37.72	15.47	176.3	7.375	122.8
19	54.33	65.88	19.06	69.14	176.1	7.463	123.8
20	52.79	55.90	43.06	31.06	172.2	7.419	122.7
21	58.56	59.78	30.52	30.16	180.5	7.320	121.3
22	57.32	60.63	29.22	61.62	176.2	7.309	120.6
23	61.48	52.00	31.19	38.81	174.0	7.285	120.1
24	55.87	57.31	41.40	28.45	177.6	7.349	120.0
25	64.29	60.41	36.60	28.45	177.3	7.374	120.5
26	58.04	60.84	63.18	32.87	174.1	7.348	119.4
27	58.70	58.81	28.85	31.61	178.9	7.323	118.3
28	58.35	59.74	28.99	31.93	177.6	7.326	117.9
29	54.67	45.09	41.66	-	172.5	7.270	118.0
30	53.03	54.05	32.39	31.95	175.7	6.965	120.0
31	64.89	55.10	31.05	17.49	181.3	7.014	119.8
32	58.06	59.64	27.88	27.75	179.5	6.834	119.0
33	64.34	59.32	37.60	-	179.5	6.735	118.9
34	49.07	57.66	20.14	-	173.7	6.914	118.0
35	58.01	53.90	64.20	28.58	175.2	6.873	117.2
36	61.65	64.73	33.08	31.08	176.6	6.959	117.4
37	55.41	64.12	32.36	31.49	176.5	6.959	117.6
38	53.35	56.43	32.19	42.80	174.8	6.756	115.4
43	53.56	56.23	35.15	37.78	173.2	7.540	125.4
44	56.79	64.85	32.71	29.37	177.2	7.593	125.1
45	55.18	65.36	18.23	-	177.3	7.557	124.4
47	64.41	57.03	37.74	39.13	178.7	7.642	123.7
48	60.81	59.20	32.81	-	173.0	7.875	127.6
49	49.46	61.15	22.14	29.32	174.7	7.930	127.5
50	52.10	60.90	42.91	68.53	172.5	7.947	129.2
51	54.74	56.07	30.87	41.78	173.2	8.162	129.3
52	52.56	53.82	17.72	40.36	176.5	8.426	129.9
53	57.73	52.93	39.68	43.98	174.4	8.660	130.5
54	56.68	63.50	40.71	31.97	177.8	8.845	131.3
55	54.99	55.40	30.58	28.64	176.0	8.906	130.5
56	53.35	52.17	41.97	36.65	176.1	9.076	131.4
58	53.06	61.74	39.63	33.21	174.9	9.172	132.2
59	57.84	59.08	27.34	38.76	176.5	8.742	128.2
60	54.69	60.05	33.33	38.05	175.4	9.092	129.4
61	53.36	57.29	43.87	38.60	175.0	8.719	128.8
62	53.44	55.66	41.52	27.62	171.8	8.398	128.6
63	56.06	59.25	26.87	-	172.5	9.833	100.7
64	52.37	53.41	29.41	43.53	176.1	9.231	128.7
65	60.48	62.06	40.65	35.54	177.6	9.284	127.8
66	52.49	60.39	17.75	-	175.4	9.434	127.2
67	55.82	56.09	18.50	29.66	178.8	9.341	126.7
68	55.34	57.69	39.99	64.25	171.6	8.949	127.3
69	57.52	57.27	28.46	29.74	177.3	8.666	128.4
70	49.77	53.28	18.85	44.47	174.1	8.312	128.2
71	53.18	63.62	-	63.36	174.9	8.472	127.9
72	56.70	60.19	41.73	33.86	175.0	8.677	127.7
73	59.32	58.07	28.84	63.30	175.0	8.793	127.1
74	55.65	56.35	36.96	40.17	174.2	8.834	126.7
75	60.61	61.59	30.72	68.56	177.2	8.771	126.3
76	54.05	54.37	40.79	43.75	174.4	8.741	126.2
77	57.92	61.02	30.83	32.15	176.8	8.642	127.2
78	54.20	52.71	41.98	39.95	176.6	8.509	127.3
79	59.31	54.21	39.42	30.35	175.3	8.563	126.9
80	56.34	54.80	40.16	30.97	173.5	8.420	126.6
81	56.82	52.45	27.86	17.88	178.2	8.510	126.4
83	59.68	61.48	27.04	31.46	175.7	8.587	126.2
84	65.65	62.83	31.02	31.83	178.1	8.651	126.0
85	55.39	54.07	40.47	41.02	174.2	8.585	126.4
86	60.47	57.02	28.10	67.91	181.6	9.006	125.6
87	54.48	52.44	29.35	43.45	175.9	9.294	124.1
88	65.63	59.16	37.24	18.76	181.2	8.605	124.7
89	54.15	54.09	40.40	29.65	175.4	9.459	121.4
90	51.60	58.51	38.41	42.01	177.7	9.333	121.8
91	59.77	52.25	68.67	-	178.0	9.336	120.8
92	57.10	55.70	39.82	37.53	178.8	9.113	122.0
93	56.49	58.18	40.29	71.94	174.6	8.970	123.3
94	55.44	55.56	32.16	41.15	177.3	8.945	123.3
95	54.05	53.79	43.95	41.79	175.3	8.880	123.2
96	56.53	49.67	38.65	18.95	176.0	8.922	122.8
98	56.12	52.28	29.60	20.92	173.8	8.819	123.8
99	59.00	59.31	30.88	26.15	179.7	8.780	123.7
100	55.93	56.07	30.64	41.19	176.5	8.774	124.0
101	58.31	54.36	29.14	43.16	176.1	8.775	123.0
102	54.93	56.06	31.97	31.82	176.5	8.673	122.6
103	59.02	53.82	33.87	40.74	175.7	8.962	121.9
104	55.71	62.25	27.80	70.19	172.6	8.159	126.7
106	59.17	61.53	40.31	39.80	177.6	8.314	125.5
107	57.99	53.24	40.66	31.47	177.6	8.122	125.1
109	53.90	62.48	40.30	31.68	176.3	8.229	125.0
110	51.76	56.30	18.33	29.26	176.1	7.938	125.1
111	54.37	57.32	40.31	38.01	174.6	7.794	125.4
112	51.91	54.13	18.28	-	178.8	7.826	125.0
113	51.87	54.01	18.67	40.43	175.7	7.735	124.4
114	52.24	54.54	40.26	29.54	175.6	8.484	124.8
115	61.34	54.06	36.13	32.18	174.2	8.433	125.0
116	54.00	59.65	40.28	26.84	174.8	8.387	124.4
117	61.70	59.32	28.22	29.50	178.8	9.116	120.0
118	59.69	65.60	27.62	30.58	177.1	9.189	119.4
119	59.64	64.03	24.16	30.92	177.8	8.888	120.4
120	60.42	61.72	30.66	27.81	179.0	8.882	120.3
121	54.87	53.45	29.39	30.89	176.2	8.711	121.9
122	59.77	56.33	32.22	40.39	180.6	8.741	121.6
123	56.21	55.59	37.56	64.41	172.7	8.616	122.6
124	59.22	57.64	28.64	27.53	179.3	8.543	122.7
125	56.52	54.67	33.55	33.50	174.9	8.553	122.4
126	56.37	62.18	29.31	33.83	176.6	8.599	122.3
127	60.25	49.51	29.35	22.25	175.2	8.557	122.0
128	56.20	57.50	29.42	63.44	174.6	8.477	123.7
129	54.96	62.58	40.78	-	177.1	8.455	122.6
130	65.83	58.43	-	-	179.6	8.478	122.4
134	57.28	54.51	35.40	-	180.8	8.682	120.9
135	54.38	55.81	30.44	30.48	173.0	8.755	120.5
136	66.61	49.62	67.95	-	180.4	8.691	119.9
138	56.34	51.12	42.49	41.60	174.1	8.612	119.4
139	54.92	64.29	34.66	71.95	173.2	8.876	118.8
140	57.62	42.87	44.62	-	172.4	9.125	117.9
141	54.03	55.41	40.26	61.96	172.4	9.307	117.8
142	54.53	55.31	36.56	31.96	176.1	9.154	115.9
143	56.58	56.46	65.81	63.40	173.0	9.038	117.4
144	57.22	61.08	39.23	-	177.5	8.970	118.0
146	57.45	56.80	40.81	26.63	175.4	8.738	118.3
147	55.24	66.31	17.69	31.26	177.4	8.672	117.6
148	55.47	59.97	36.56	28.88	178.4	8.690	117.4
149	51.14	53.57	42.50	28.88	176.5	8.733	116.8
150	44.89	58.29	-	61.58	175.8	8.747	116.8
151	54.04	57.66	31.95	-	174.8	8.724	116.1
152	59.32	52.59	63.09	17.93	178.0	8.626	115.1
153	53.97	57.53	33.45	27.60	175.4	8.562	115.9
154	57.31	56.37	40.02	40.42	177.5	8.615	117.1
155	56.18	54.67	31.46	41.66	176.2	8.520	116.3
156	66.69	54.08	30.03	40.19	177.8	8.496	117.4
157	54.30	53.71	30.22	71.03	172.8	8.370	116.0
158	58.14	46.75	32.33	-	177.3	8.317	116.2
159	52.69	54.48	41.18	36.87	173.9	8.313	117.1
160	55.61	56.11	40.26	41.52	174.0	8.362	117.0
161	53.77	55.77	32.51	31.20	176.1	8.388	117.5
162	59.23	57.41	29.17	40.90	178.9	8.415	118.1
163	57.79	66.11	41.39	36.65	177.6	8.352	118.1
164	53.56	56.05	33.14	26.81	173.6	8.330	118.3
165	58.92	59.22	28.47	70.39	178.6	8.280	118.5
166	59.04	59.42	63.65	-	175.3	8.591	118.8
167	66.99	64.45	30.29	37.77	178.0	8.551	119.5
168	54.40	62.89	40.77	31.50	176.6	8.406	119.3
169	56.16	59.68	41.70	71.74	171.9	8.459	119.4
170	59.16	53.72	33.33	30.14	174.2	8.455	119.8
171	58.27	54.29	31.07	30.34	177.7	8.464	119.9
172	57.20	57.69	40.35	39.30	177.0	8.319	119.0
173	59.37	54.73	30.35	64.95	182.0	8.335	118.8
175	57.53	57.91	68.16	36.45	174.0	8.851	112.9
176	56.43	55.38	65.79	33.13	175.3	8.776	112.4
177	55.22	55.37	39.46	18.03	179.2	8.524	114.2
178	66.00	57.93	68.36	41.16	178.9	8.406	113.5
179	60.14	55.60	61.66	42.57	180.7	8.557	112.4
180	57.01	61.28	29.57	38.38	177.1	8.166	113.7
181	44.76	61.82	-	31.90	176.6	8.374	112.9
182	44.96	69.38	-	54.33	176.1	8.142	114.5
183	43.93	59.06	-	32.87	173.5	8.059	114.6
184	54.03	55.64	36.85	-	176.3	8.311	112.5
185	57.14	64.37	27.47	31.03	177.9	7.920	116.4
186	58.30	44.88	64.35	-	174.5	7.822	115.6
187	62.91	43.85	27.41	-	179.9	7.815	115.3
188	60.84	59.52	62.10	30.48	179.8	7.801	114.8
189	61.46	66.99	62.17	30.55	177.8	7.999	114.5
191	63.48	56.52	68.46	34.04	176.2	8.049	113.1
192	55.67	57.90	64.35	32.62	177.3	7.891	113.6
193	64.62	58.06	30.69	28.86	178.4	7.775	113.2
197	43.74	55.96	-	29.59	176.4	8.240	110.6
198	44.67	56.03	-	29.33	176.7	8.151	110.5
199	44.93	55.91	-	32.62	176.0	8.282	103.5
205	46.66	57.41	-	31.35	174.9	7.779	109.5
207	45.19	52.55	-	38.40	175.4	7.655	109.4
208	61.71	55.55	72.66	36.53	175.3	7.557	108.9
209	61.37	57.49	69.95	29.38	177.5	7.467	108.4
210	58.20	45.81	71.81	-	174.8	7.105	109.1
212	44.64	57.69	-	34.94	174.4	6.977	109.2
213	60.81	60.82	27.23	27.38	178.5	7.020	109.7
220	51.99	57.42	38.57	26.96	176.4	6.971	112.0
221	60.81	60.78	27.43	27.44	178.4	4.633	109.6
240	59.62	60.77	72.11	27.48	173.0	7.162	111.9
242	62.07	62.11	27.76	27.82	180.2	7.421	112.3
244	58.62	57.95	26.92	41.33	179.9	7.442	120.0
245	53.81	53.43	40.24	38.93	175.5	7.479	120.5
246	54.03	44.88	33.66	-	172.9	7.532	121.0
247	57.53	55.62	27.02	39.03	177.9	7.554	121.3
248	54.66	54.05	16.77	17.30	180.1	7.570	121.7
249	54.38	58.70	17.46	27.31	178.5	7.499	122.2
250	54.47	56.17	41.34	36.71	175.3	7.516	123.0
251	51.74	53.00	18.72	18.42	175.0	7.535	123.3
252	58.10	59.24	28.36	28.98	178.0	7.572	122.8
254	54.76	66.72	16.76	68.16	176.3	7.921	123.7
255	54.88	55.77	41.30	29.06	175.1	7.892	123.6
256	53.43	59.74	17.06	38.47	177.7	7.845	123.0
257	52.00	54.17	18.41	40.36	175.9	7.817	123.8
258	58.75	61.28	28.43	28.53	177.5	7.787	123.6
259	52.81	56.88	17.84	31.44	177.3	7.742	122.9
260	59.18	57.09	31.14	-	176.9	7.622	122.3
261	59.14	55.61	28.72	38.54	178.3	7.666	122.1
263	58.62	54.91	28.48	41.09	176.7	7.715	123.6
264	56.25	62.62	29.39	31.28	177.1	8.454	121.9
265	52.93	59.24	-	-	175.1	8.448	121.8
266	56.01	55.86	29.60	29.61	176.2	8.410	122.8
268	52.30	54.19	42.14	43.80	173.7	8.332	123.1
269	63.50	52.57	31.08	31.58	178.6	8.252	123.5
270	55.53	62.37	41.21	33.41	176.0	8.284	123.5
271	50.70	57.54	21.06	63.87	173.1	8.189	123.6
272	54.49	56.26	28.69	37.90	174.8	8.099	123.8
273	65.50	61.89	31.55	44.18	175.5	8.134	123.6
274	54.06	59.01	30.55	33.95	174.4	8.019	123.0
275	53.51	51.74	31.41	18.31	177.1	8.071	123.2
276	49.00	53.52	41.10	35.13	172.1	8.023	122.5
278	55.23	62.62	41.27	31.20	177.0	8.184	123.0
279	53.89	54.01	42.11	33.67	174.4	8.128	123.1
280	55.98	55.79	29.56	29.72	176.3	8.344	122.8
281	55.88	56.22	29.64	29.36	176.5	8.302	122.7
284	56.19	62.33	64.59	32.75	174.9	8.310	122.3
285	55.95	56.32	29.62	29.29	176.3	8.395	122.5
287	53.81	62.85	28.11	26.99	174.1	7.269	114.8
288	62.72	62.74	27.51	27.48	180.3	7.662	113.0
289	57.46	54.75	29.08	17.72	179.2	7.583	112.8
292	60.83	45.91	27.80	-	173.6	7.315	117.0
293	58.65	59.33	28.09	25.97	178.1	7.430	116.5
294	56.17	61.61	41.06	40.73	177.9	7.369	116.9
295	58.49	65.67	27.24	41.33	177.5	7.395	117.9
297	59.11	56.72	30.52	40.68	178.1	7.653	116.7
298	58.98	59.05	30.46	31.56	178.2	7.699	116.7
299	56.20	63.08	36.74	30.90	176.4	7.710	117.2
300	53.15	52.77	38.41	17.77	178.1	7.873	117.3
301	63.04	59.27	36.59	28.51	179.8	8.074	117.3
302	59.34	56.96	29.14	38.92	179.5	8.106	117.6
303	58.86	53.91	62.99	40.23	176.7	8.160	116.7
304	62.17	55.25	63.12	39.18	181.3	8.218	116.5
305	53.88	52.42	40.41	18.30	177.2	7.978	118.3
306	59.50	64.17	30.48	30.77	177.1	7.860	118.1
307	50.18	61.28	27.54	30.39	176.7	7.659	117.8
308	59.11	61.95	28.85	29.34	178.6	7.557	117.9
309	59.07	51.82	32.79	18.63	176.2	7.618	118.4
310	61.64	53.69	31.97	40.31	176.0	7.762	118.9
311	52.69	53.98	38.63	40.43	175.5	7.795	118.7
312	57.37	46.16	28.44	-	175.9	7.582	120.2
313	54.01	54.18	17.31	40.31	180.2	7.647	120.5
314	55.39	53.86	38.31	40.39	175.4	7.667	121.3
315	61.03	57.25	37.74	40.44	178.4	7.594	121.1
316	57.52	56.04	63.46	29.45	176.3	8.259	117.8
317	52.69	59.94	39.91	38.07	176.3	8.182	117.7
318	61.01	54.76	38.67	-	176.6	8.114	118.2
319	58.14	53.89	31.19	17.59	180.2	7.742	120.0
321	58.15	63.70	26.91	31.12	176.5	7.834	118.4
323	53.79	52.24	40.54	18.41	177.2	8.016	118.8
324	55.73	57.14	37.26	27.21	178.1	8.109	118.7
325	61.70	54.43	32.94	37.44	171.8	8.178	118.9
326	59.41	57.69	31.19	35.83	178.7	8.206	119.4
327	61.12	50.73	35.72	16.27	176.5	8.239	119.4
328	54.59	52.68	40.35	38.61	174.5	8.228	119.8
329	50.95	44.68	36.08	-	170.9	8.141	119.6
330	57.05	59.76	27.73	37.26	177.0	8.058	119.6
331	54.06	54.96	17.07	18.23	180.0	7.968	119.4
332	57.89	58.11	28.87	31.27	178.7	7.956	119.9
333	59.75	59.57	37.58	38.41	176.7	7.891	119.5
334	56.13	43.45	32.00	-	173.1	8.314	120.1
335	66.76	59.63	-	28.28	178.7	8.309	120.4
336	55.52	44.94	28.55	-	174.5	8.282	120.3
337	54.19	56.81	40.41	29.24	176.6	8.145	120.8
338	56.34	58.58	29.46	27.98	173.8	8.265	121.7
339	54.34	55.51	40.50	28.47	175.8	8.263	121.5
340	58.00	55.36	28.79	40.63	177.4	8.318	121.4
341	58.79	-	-	62.94	173.1	8.244	121.7
342	53.95	56.17	40.61	29.40	175.5	8.168	121.3
343	56.05	54.86	29.32	41.12	177.3	8.211	121.5
344	56.59	54.23	29.33	40.52	173.7	8.166	121.5
345	53.94	53.98	43.32	32.91	175.9	8.181	121.8
346	60.15	52.65	38.07	37.68	174.1	8.229	121.9
347	55.55	45.17	28.55	-	174.2	8.052	120.1
348	57.45	58.74	40.67	28.34	179.5	8.023	120.4
349	54.55	44.66	29.53	-	173.5	7.974	121.0
350	60.01	61.76	38.04	31.27	175.4	8.143	122.0
351	55.40	62.85	-	31.01	176.6	8.148	121.8
352	54.18	56.00	40.53	31.73	176.6	8.098	121.4
353	61.75	55.77	31.93	29.43	176.2	8.078	121.8
354	56.83	53.21	29.32	38.35	175.8	8.050	121.8
355	62.41	53.33	40.73	40.71	175.4	8.014	121.7
356	-	61.69	31.95	64.00	174.5	8.015	121.6
357	62.05	55.38	32.10	29.86	176.3	8.004	121.4
359	62.51	56.69	31.92	29.27	176.8	7.937	121.6
360	59.45	55.11	41.99	-	174.8	7.912	121.4
361	58.61	57.84	-	31.48	173.6	7.922	120.0
363	52.45	61.50	43.13	-	175.2	7.923	120.7
364	59.61	51.98	31.49	18.39	177.4	7.850	121.3
365	53.40	54.56	40.67	40.35	175.9	7.852	120.9
367	60.20	57.22	36.45	27.66	178.8	7.787	120.0
368	55.39	51.99	40.49	15.63	174.5	7.853	120.1
369	55.12	55.82	40.81	28.81	174.6	7.718	120.3
370	56.66	57.82	31.50	28.90	178.3	7.747	120.5
371	53.02	51.92	33.24	18.25	176.2	7.790	121.2
372	61.05	62.59	32.40	28.23	174.6	7.751	121.6
373	57.55	58.14	-	-	178.5	7.736	122.0
374	54.12	62.90	33.04	32.02	176.6	7.795	122.1
380	56.30	55.02	29.27	41.04	177.7	7.710	120.7
381	55.62	53.77	40.42	40.62	174.6	7.733	120.8
1000	53.31	56.18	-	-	174.9	6.730	115.3
1001	52.10	57.92	18.07	31.93	174.4	8.261	126.1
1003	52.39	57.90	18.00	41.15	174.5	8.234	126.2
1004	52.05	55.04	30.21	29.85	175.7	8.352	124.6
1005	45.75	-	-	-	171.1	6.893	115.5
1006	54.26	55.46	31.61	18.49	172.0	8.515	117.3
1007	53.12	55.56	38.69	39.23	177.6	8.215	118.5
1008	56.23	59.76	71.73	41.49	171.9	8.433	119.4
1009	55.42	62.76	40.86	29.38	176.6	8.214	122.0
1010	54.08	56.76	40.52	29.19	176.3	8.086	120.7
1011	61.35	68.05	69.41	32.38	177.4	7.483	108.4
1012	52.50	56.12	31.98	64.52	173.1	8.291	122.6
1013	54.22	57.14	17.36	-	180.2	7.822	122.0
1014	58.03	55.27	27.17	41.32	177.6	8.152	119.6
1015	44.97	56.39	-	29.26	177.0	8.249	110.3
1016	54.34	62.95	40.42	31.33	176.7	8.270	120.2
1017	51.94	56.09	18.27	29.33	175.9	8.013	126.1
1018	54.03	60.72	-	-	178.5	8.097	122.1
1019	46.15	59.18	-	29.14	179.3	7.782	105.3
1020	48.34	58.34	-	29.45	178.2	8.121	106.5
1021	52.53	57.69	40.79	37.90	175.5	8.234	122.2
1022	54.28	57.16	40.50	28.55	175.8	8.339	121.5
1023	56.06	63.20	31.56	31.16	177.0	8.129	121.0
1024	46.73	60.41	-	27.92	177.6	7.276	109.4
1025	62.13	56.26	31.82	29.33	176.5	7.945	121.0
1026	45.15	53.84	-	40.52	176.6	7.732	109.5
1027	54.50	57.62	-	-	178.7	7.910	121.1
1028	55.08	44.94	30.01	-	174.0	7.815	120.8
1029	66.29	59.07	37.20	28.56	179.8	7.874	121.3
1030	55.13	53.75	38.10	40.79	175.4	7.836	121.4
1031	59.55	51.98	31.79	18.04	177.4	7.849	122.0
1032	55.35	62.71	41.00	40.68	174.2	7.714	120.5
1033	59.37	59.16	38.24	29.05	179.5	7.736	121.2
1034	57.38	57.89	38.08	63.13	173.8	8.034	122.1
1035	59.54	51.86	31.52	18.39	177.4	7.919	121.8
1036	59.50	51.84	31.86	18.35	177.4	7.920	122.0
1037	61.79	53.95	37.47	40.64	176.8	7.959	122.2
1038	55.18	-	44.45	34.94	177.2	8.128	122.4
1039	55.79	57.97	29.34	62.96	174.1	8.092	122.7
1040	64.21	53.94	37.06	40.36	177.4	8.107	123.3
1041	56.26	66.22	28.15	-	178.2	7.939	114.2
1042	53.86	61.98	40.52	31.88	175.8	8.215	124.3
1043	52.10	54.96	40.47	29.68	175.7	8.259	123.8
1044	57.54	60.28	31.03	30.23	178.6	7.621	115.8
1045	52.28	54.61	39.83	31.28	175.7	8.444	124.7
1046	53.89	62.43	29.20	40.71	176.1	8.189	124.1
1047	53.48	54.31	42.14	33.89	175.3	8.869	121.6
1048	44.63	-	-	-	171.6	7.552	116.0
1049	53.47	61.10	-	-	176.6	7.308	114.9
1050	54.09	57.13	32.33	18.59	177.2	7.495	117.3
1051	53.39	57.75	19.33	63.20	173.1	7.855	132.1
1052	53.21	52.68	38.39	17.88	178.1	7.936	117.5
1053	57.91	55.05	-	-	176.1	8.078	117.1
1054	56.62	57.86	32.94	27.48	173.5	7.893	128.5
1055	56.32	62.73	42.28	30.96	176.0	7.750	129.0
1056	59.33	65.67	30.65	25.93	176.8	8.169	118.7
1057	57.52	56.06	41.50	29.39	176.3	8.258	118.5
1058	57.46	55.97	63.32	29.41	177.1	8.219	117.5
1059	53.17	44.08	44.76	-	171.1	8.299	123.4
1060	54.96	62.51	41.13	31.60	176.8	8.284	123.5
1061	56.53	44.76	32.87	-	173.2	7.713	125.6
1062	55.72	55.87	41.52	29.73	175.3	7.857	127.3
1063	57.85	52.56	32.23	40.50	177.8	8.230	121.2
1064	-	56.24	-	-	176.5	8.302	123.4
1065	55.94	56.07	41.08	29.27	175.3	7.776	122.9
1066	59.56	54.95	64.13	32.00	175.3	7.823	123.2
1067	59.22	54.45	39.12	-	176.1	7.657	123.1
1068	57.63	56.72	64.18	-	175.6	7.695	123.4
1069	57.21	52.77	38.41	-	-	8.703	125.9
1071	51.84	54.02	18.41	40.41	175.8	7.888	124.3
1073	57.98	58.20	39.16	31.49	176.8	8.171	116.5
1077	59.62	57.95	38.48	28.91	177.5	8.038	121.1
1078	55.07	44.75	40.38	-	174.2	8.140	120.3
1079	54.78	54.41	-	40.46	176.6	8.102	120.5
1080	53.83	57.04	-	18.28	-	8.067	119.4
1081	58.61	54.08	-	-	178.3	7.861	120.1
1083	61.20	59.04	-	-	176.3	7.941	122.1
1085	53.86	58.52	63.97	-	179.5	7.748	121.8
1086	55.34	53.75	38.21	40.41	175.4	7.761	121.6
1087	55.66	-	38.06	-	176.6	8.102	122.9
1088	55.12	55.39	41.38	-	176.6	8.087	122.5
1090	55.91	62.24	33.17	29.45	175.7	8.304	122.9
1091	65.12	54.53	26.57	-	179.3	7.977	115.6
1093	54.03	61.62	40.46	31.93	175.9	8.288	122.6
1094	61.63	54.14	39.58	22.84	179.3	7.414	106.1
1095	62.28	54.07	69.80	-	174.6	8.274	121.9
1098	43.88	56.33	-	29.57	176.8	8.346	110.7
1099	59.69	46.89	-	-	176.3	7.673	113.7
2001	52.06	54.04	-	41.77	174.7	7.822	125.9
2002	51.77	56.28	30.36	-	176.1	7.936	125.8
2003	59.14	51.75	32.91	18.54	176.1	7.572	118.1
2005	45.71	56.17	-	39.98	175.7	7.108	104.6
2006	55.39	62.68	40.87	31.35	174.6	8.181	123.7
2007	58.91	43.50	63.16	-	172.6	7.873	112.8
2008	57.50	55.34	64.01	14.69	173.9	7.905	112.3
2009	57.88	63.97	36.78	68.11	173.8	7.992	112.1
2010	65.52	65.64	-	-	175.0	6.824	110.4
2011	65.59	65.65	55.58	55.54	175.1	7.545	110.4
2012	63.11	63.07	15.47	29.27	180.1	6.893	111.2
2013	63.12	63.12	28.95	28.94	180.2	7.394	111.2
2014	-	62.98	-	44.43	173.3	7.702	114.5
2015	62.23	62.26	28.30	28.28	180.1	6.602	110.1
2016	62.36	62.26	61.41	28.84	180.2	7.140	112.9
2017	43.39	-	-	-	174.7	8.656	108.7
2018	57.37	61.59	39.86	-	177.6	7.422	117.0
2019	55.65	-	-	-	181.0	7.864	117.5
2020	58.57	44.54	39.41	-	173.8	7.477	125.3
2021	58.21	-	36.91	-	181.5	9.020	125.6
2022	53.07	67.52	-	-	170.5	8.193	127.1
2023	54.92	57.33	-	-	181.2	8.484	122.5
2024	44.78	61.95	-	32.19	176.5	8.394	113.8
2025	44.60	56.58	-	37.80	176.5	8.279	112.4
2026	53.86	-	33.04	35.95	175.2	8.836	115.1
2027	55.60	55.12	29.12	-	176.4	8.951	119.4
2028	58.61	64.34	39.21	38.40	177.6	9.526	122.9
2029	62.91	41.78	28.57	-	179.2	6.332	110.1
2030	44.12	56.10	-	29.37	176.3	8.088	110.5
2031	51.87	54.07	18.35	40.37	175.8	7.384	124.2
2032	59.76	54.64	64.11	31.81	175.5	7.873	123.4
2033	53.49	51.71	41.48	-	177.1	8.070	123.8
2034	62.29	62.17	28.92	29.06	180.1	7.637	113.0
2035	57.52	56.04	63.46	29.45	176.3	8.290	117.8
2036	54.24	55.42	65.85	-	174.8	7.891	119.3
2037	43.99	56.31	-	44.09	180.2	8.346	111.4
2038	58.55	-	29.51	-	178.3	7.806	119.3
2039	70.19	-	25.51	-	171.5	7.233	116.6
5011	56.60	67.62	38.38	68.01	176.5	7.699	118.3
