1 282
4 104,105, 129, 167, 168
5 27, 29, 66, 94, 144, 155, 166, 200, 211, 217, 219, 227, 231, 248, 284 
8 R 296-475
9 ILV 296-475
12 326, 329, 412, 429, 453, 465, 301, 364, 385, 407, 414, 434, 461
14 K
15 ST
16 103
17 R 296-475
19 332,414,431, 436
21 K 296-475
23 ILV 296-475
24 470
25 VTPICD
26 ST
28 WCHQVMERK 296-475
29 47, 58, 71, 74, 93, 151, 153, 158, 193, 195, 222, 235, 244 255, 263, 283, 300, 338, 357, 383, 396, 469
31 333, 387, 408, 437
32 WCHQVMERK 296-475
33 VTPICD
34 A
35 ST
37 K 296-475
47 VTPICD 296-475
49 A
52 A 296-475
56 27, 29, 66, 94, 144, 155, 166, 200, 211, 217, 219, 227, 231, 248, 284, 326,329, 412, 429, 453, 466
67 A
68 27, 29, 66, 94, 144, 155, 166, 200, 211, 217, 219, 227, 231, 248, 284, 326,329, 412, 429, 453, 466
69 WCHQVMERK 296-475
70 A
71 27, 29, 66, 94, 144, 155, 166, 200, 211, 217, 219, 227, 231, 248, 284, 326,329, 412, 429, 453, 466
73 27, 29, 66, 94, 144, 155, 166, 200, 211, 217, 219, 227, 231, 248, 284, 326,329, 412, 429, 453, 466
75 27, 29, 66, 94, 144, 155, 166, 200, 211, 217, 219, 227, 231, 248, 284, 326,329, 412, 429, 453, 466, 42, 76, 82, 86, 99, 109, 121, 173, 275, 291, 301, 364, 385, 434, 461
78 296-475
81 39, 101, 106, 124, 130, 134, 138, 145, 169, 198, 212, 214, 257, 295, 312, 333, 372, 376, 387, 408, 415, 425, 432, 437, 474
83 316
84 WCHQVMERK 296-475
85 39, 101, 106, 124, 130, 134, 138, 145, 169, 198, 212, 214, 257, 295, 312, 333, 372, 376, 387, 408, 415, 425, 432, 437, 474
86 47, 58, 71, 74, 151, 158, 193, 195, 235, 244, 255, 263, 338, 357, 383, 396, 469
88 333, 376, 387
91 ST
106 KMINDL 296-475
107 WCHQVMERK 296-475
110 A 296-475
113 A
118 WCHQVMERK 296-475
119 ACQHW
121 K
122 K 296-475
123 326,329, 412, 429, 453, 466
124 WCHQVMERK 296-475
128 FYA
130 VTPICD
135 ILV 296-475
136 VTPICD
141 27, 29, 66, 94, 144, 155, 166, 200, 211, 217, 219, 227, 231, 248, 284, 326,329, 412, 429, 453, 466
147 332,414,431, 436
148 296-475
150 G
152 411, 452
156 VTPICDY 296-475
157 42, 76, 82, 86, 99, 109, 121, 173, 275, 291, 301, 364, 385, 434, 461
161 A
162 467
163 KMINDL 296-475
165 42, 76, 82, 86, 99, 109, 121, 173, 275, 291, 301, 364, 385, 434, 461
167 463
171 K 296-475
173 27, 29, 66, 94, 144, 155, 166, 200, 211, 217, 219, 227, 231, 248, 284, 326,329, 412, 429, 453, 466, 42, 76, 82, 86, 99, 109, 121, 173, 275, 291, 301, 364, 385, 434, 461
175 ST
176 ST
177 144, 211, 407, 414
178 T 296-475
179 S
180 27, 29, 66, 94, 144, 155, 166, 200, 211, 217, 219, 227, 231, 248, 284, 326,329, 412, 429, 453, 466
181 G
182 299
183 G
186 300
187 36, 54, 87, 91, 139, 150, 162, 208, 215, 243, 280, 316, 320, 334, 345, 388, 392, 399
188 S
189 ST
191 2, 26, 154, 289, 290, 298
192 T 296-475
193 VTWIC 296-475
197 G
198 G
205 G
207 G
210 93, 153, 283, 300
212 G
240 28, 41, 62, 65, 75, 81,85, 142, 165, 172, 199, 210, 216, 218, 230, 247, 288, 297, 325, 327, 363, 384, 406, 413, 433, 460 464
242 296-475
244 27, 29, 86, 99, 200, 219, 227, 231, 248, 275, 284, 291, 453, 465
245 N 296-475
246 K 296-475
248 105
249 104,105, 129, 167, 168
251 104,105, 129, 167, 168
252 RCQEHKMPWV 296-475
254 407, 414
255 FY
256 311, 371, 386, 410, 431, 451
257 103, 128, 137, 197, 256, 273, 281
258 WCHQVMPERK 296-475
259 133
261 RCQEHKMPWV 296-475
263 RCQEHKMPWV
264 FY
266 F
270 NDCILMPFY 296-475
271 103, 128, 137, 197, 256, 273, 281, 311, 332, 371, 386, 410, 431, 436, 451 
272 429, 453, 465
273 CITV
274 K
275 333, 372, 387, 415, 425, 432, 474
278 FY
279 K
281 FY
289 R
298 K
299 Y
300 F  
301 102
302 389
303 41, 62, 75, 81, 85, 143, 215, 217, 230, 247, 287, 296,363, 406, 413, 460
304 RCHIFPTV 296-475
305 FY  
306 K
308 R
309 FY  
310 FYILV 296-475
311 FYILV 296-475
312 RCQEHKMPWV
313 A
314 FY  
315 K
316 28, 65, 75, 98, 108, 120, 143, 165, 172, 198, 210, 226, 252, 297, 325, 328, 363, 383, 428, 433, 464
317 FY 296-475
319 K 
321 333,372, 387
323 F  
328 F 296-475
329 FY  
331 104
334 47, 58, 71, 74, 151, 158, 193, 195, 235, 338, 357, 383, 469
335 CITV
336 47, 74, 151, 158, 193, 235, 338, 383, 469
339 FY
342 FY
343 280
345 FY
347 F  
348 ILV 296-475
349 47, 74, 151, 158, 193, 235, 338, 383, 469
351 FY
352 R
353 324
363 R
364 101, 106, 130, 134, 138, 169, 198, 212, 214, 257, 295, 333, 372, 387, 408, 415, 425, 432, 474
368 K
369 K 296-475
370 R
371 333,372, 387
374 101, 106, 130, 138, 198, 212, 214, 295, 333, 372, 387, 414, 425, 432, 474
380 FY 296-475
381 FY  
1003 F 296-475
1008 42, 76, 109, 121, 173, 301, 364, 385, 434, 94, 155, 217, 219, 326, 328, 412
1012 27, 29, 66, 82, 86, 94, 99, 155, 200, 219, 227, 231, 275, 284, 291, 385, 429, 453, 465
1013 296-475
1015 70, 92, 152, 157, 192, 194
1017 281
1019 G 296-475
1020 337, 356, 382, 395, 468
1023 K
1024 G 296-475
1026 70, 92, 152, 157, 192, 194, 337
1028 47, 58, 74, 151, 158, 193, 195, 235, 338, 383, 469
1029 CIPTV
1031 27, 29, 66, 94, 144, 155, 166, 200, 211, 217, 219, 227, 231, 248, 284, 326,329, 412, 429, 453, 466, 42, 76, 82, 86, 99, 109, 121, 173, 275, 291, 301, 364, 385, 434, 461
1033 K
1034 144, 211, 407, 414
1035 101, 106, 129, 130, 134, 295, 312, 372, 415, 425, 432, 474
1039 FY
1048 G
1050 K
1051 144, 211, 407, 414
1052 296-475
1053 F
1055 ILVFJS  
1060 296-475
1061 47, 58, 70, 74, 151, 158, 193, 195, 235, 338, 357, 383, 469
1066 27, 65, 143, 165, 198, 210, 226, 247, 297, 325, 328, 428, 464, 75, 81, 98, 108, 120, 172, 252, 363, 384, 433
1068 ST
1072 A
1078 F   
1080 39, 101, 106, 124, 130, 134, 138, 145, 169, 198, 212, 214, 257, 295, 312, 333, 372, 376, 387, 408, 415, 425, 432, 437, 474
1085 41, 62, 75, 81, 85, 143, 215, 217, 230, 247, 287, 296,363, 406, 413, 460
1090 R
1093 KMIYFNDL 296-475
1094 KMINDL 296-475
1095 ST
1098 46, 57, 73, 92, 150, 152, 194, 221, 233, 243, 254, 262, 337, 356, 382, 394
2005 G
