          ?-2N-HN      8.273    114.255      5.767      4566259          7
          ?-2N-HN      8.087    114.303      5.772      8377106         13 
          ?-3N-HN      8.828    126.495      5.265      5609700          9 
          ?-4N-HN      7.004    122.612      6.316     14578231         23 
          ?-4N-HN      7.906    122.634      6.318      8702655         14 
          ?-4N-HN      7.419    122.599      6.318     15669191         25 
        ?-TRP4?-H      7.307    130.786     10.829      7659483         12 
        ?-TRP4?-H      7.080    130.754     10.829      7252914         12 
        ?-TRP4?-H      7.755    130.752     10.830     15923559         26 
        ?-TRP4?-H      8.060    130.791     10.824      6045129         10 
        ?-TRP4?-H      8.224    130.753     10.829     41989324         67 
        ?-TRP4?-H      7.874    130.771     10.829     12990291         21 
          ?-5N-HN      8.486    120.318      6.438      5976467         10 
        ?-TRP5?-?      8.218    128.291     10.499      4832615          8 
        ?-TRP5?-?      8.435    128.364     10.498      4463611          7 
        ?-TRP5?-?      7.385    128.324     10.498      4882641          8 
          ?-6N-HN      7.155    109.182      6.299     36499356         59 
        ?-TRP6?-H      5.259    132.896     10.399      4621003          7 
        ?-TRP6N-?      8.230    132.958     10.400     38641124         62 
          ?-7N-HN      7.158    110.283      6.299      9377102         15 
        ?-TRP7?-?      6.719    129.558     10.016     10372672         17 
        ?-TRP7?-?      7.503    129.552     10.015     12022214         19 
        ?-TRP7?-?      7.356    129.553     10.015      8066982         13 
        ?-TRP7?-?      8.796    129.543     10.016      8212566         13 
          ?-8N-HN      7.406    128.631      7.026      4814499          8 
          ?-9N-HN      8.601    125.687      7.152      8520534         14 
          ?-9N-HN      8.729    125.719      7.154      5370388          9 
         ?-10N-HN      7.548    124.672      6.972     14423074         23 
         ?-10N-HN      7.658    124.645      6.972     10719612         17 
         ?-12N-HN      8.493    121.905      6.884     11510597         18 
         ?-12N-HN      8.712    121.898      6.883     13121665         21 
         ?-13N-HN      7.748    122.269      7.085     10442994         17 
         ?-13N-HN      8.361    122.263      7.087      6850081         11 
         ?-13N-HN      8.866    122.264      7.085      5989440         10 
         ?-13N-HN      7.419    122.306      7.088      5654335          9 
         ?-14N-HN      8.587    122.187      7.114      8224659         13 
         ?-14N-HN      7.971    122.151      7.121     16876758         27 
         ?-15N-HN      8.849    122.856      7.209      5564162          9 
         ?-16N-HN      6.948    125.414      7.526      4996261          8 
         ?-16N-HN      7.668    125.382      7.523      5359413          9 
         ?-17N-HN      7.865    124.253      7.488     22912848         37 
         ?-17N-HN      8.723    124.249      7.489      6818826         11 
         ?-17N-HN      7.685    124.239      7.488     16635803         27 
         ?-17N-HN      8.200    124.249      7.492      9174290         15 
         ?-17N-HN      7.037    124.273      7.487     32166480         52 
         ?-17N-HN      7.155    124.272      7.489      8019245         13 
         ?-18N-HN      7.738    123.056      7.449      4910616          8 
         ?-18N-HN      8.410    122.992      7.445      4786496          8 
         ?-18N-HN      7.915    123.062      7.450      5173381          8 
         ?-18N-HN      9.390    123.038      7.444      5544379          9 
         ?-18N-HN      6.316    123.056      7.449     12798694         21 
         ?-18N-HN      6.668    123.056      7.448     15996815         26 
         ?-18N-HN      7.004    123.070      7.450     11391079         18 
         ?-18N-HN      6.829    123.050      7.446     13629851         22 
         ?-19N-HN      7.964    124.030      7.554      9079745         15 
         ?-19N-HN      7.754    124.057      7.559      6789987         11 
         ?-19N-HN      8.766    124.051      7.553      4722292          8 
         ?-19N-HN      8.447    124.035      7.556     20945294         34 
         ?-20N-HN     10.027    122.740      7.503      6467760         10 
         ?-20N-HN      7.363    122.755      7.499     14118420         23 
         ?-21N-HN      7.194    121.532      7.413      8811528         14 
         ?-22N-HN      6.316    120.790      7.397      8735971         14 
         ?-22N-HN      7.920    120.775      7.393     11379195         18 
         ?-22N-HN      7.011    120.750      7.393      9588360         15 
         ?-23N-HN      7.817    120.264      7.370      8013281         13 
         ?-23N-HN      7.942    120.253      7.371     16264341         26 
         ?-23N-HN      8.346    120.273      7.370      7783227         12 
         ?-23N-HN      7.053    120.251      7.370     30542356         49 
         ?-23N-HN      8.658    120.260      7.370     11654228         19 
         ?-23N-HN      7.649    120.260      7.370     26043876         42 
         ?-24N-HN      7.672    120.291      7.437     32337476         52 
         ?-24N-HN      8.099    120.297      7.438      9441806         15 
         ?-24N-HN      7.801    120.298      7.438     57175964         92 
         ?-24N-HN      8.498    120.290      7.437     12385756         20 
         ?-25N-HN      9.082    120.814      7.472      9344987         15 
         ?-25N-HN      7.939    120.837      7.471      8549915         14 
         ?-25N-HN      8.195    120.840      7.467      6611709         11 
         ?-25N-HN      8.376    120.777      7.472      4565651          7 
         ?-26N-HN      7.742    119.675      7.418      7230238         12 
         ?-26N-HN      8.366    119.657      7.418      6690512         11 
         ?-26N-HN      7.940    119.639      7.420      6038922         10 
         ?-26N-HN      7.066    119.636      7.418      5822832          9 
         ?-26N-HN      8.861    119.643      7.419      7396009         12 
         ?-27N-HN      8.560    118.592      7.411      9232824         15 
         ?-27N-HN      8.253    118.599      7.411      8926770         14 
         ?-27N-HN      7.780    118.595      7.410     16889070         27 
         ?-28N-HN      8.635    118.257      7.419      7633880         12 
         ?-28N-HN      8.205    118.208      7.416     29524286         47 
         ?-28N-HN      7.112    118.285      7.412      9184656         15 
         ?-28N-HN      8.816    118.199      7.416     22811482         37 
         ?-28N-HN      7.938    118.248      7.418      5347181          9 
         ?-29N-HN      9.405    118.244      7.333      7365967         12 
         ?-29N-HN      7.827    118.243      7.333      6061586         10 
         ?-29N-HN      8.857    118.223      7.334     14999514         24 
         ?-30N-HN      8.009    120.243      7.052     30371926         49 
         ?-30N-HN      7.586    120.249      7.051     26002280         42 
         ?-31N-HN      8.756    119.954      7.104     51492776         83 
         ?-31N-HN      8.201    119.955      7.110      6205006         10 
         ?-31N-HN      7.937    120.015      7.107      5741080          9 
         ?-31N-HN      7.429    119.986      7.104      8816901         14 
         ?-32N-HN      7.766    119.276      6.924      8393891         13 
         ?-32N-HN      8.319    119.273      6.924     12364481         20 
         ?-32N-HN      8.738    119.276      6.924     16383448         26 
         ?-32N-HN      9.270    119.281      6.923     14712481         24 
         ?-33N-HN      7.645    119.179      6.842      6393510         10 
         ?-34N-HN      7.910    118.236      7.007      6054058         10 
         ?-34N-HN      6.312    118.346      7.000      7449308         12 
         ?-34N-HN      7.414    118.255      7.007      8299696         13 
         ?-35N-HN      7.905    117.482      6.965      5506595          9 
         ?-35N-HN      8.421    117.444      6.951      4869248          8 
         ?-35N-HN      7.352    117.461      6.960      9528147         15 
         ?-36N-HN      8.734    117.907      7.037      6176822         10 
         ?-36N-HN      8.179    117.868      7.036     10576519         17 
         ?-36N-HN      7.859    117.873      7.034     17742040         28 
         ?-36N-HN      7.490    117.876      7.036     21930192         35 
         ?-36N-HN      7.693    117.881      7.036     11913866         19 
         ?-40N-HN      6.917    114.860      6.635      4783264          8 
         ?-41N-HN      7.572    114.742      6.790     29185310         47 
         ?-43N-HN      8.098    125.669      7.635     13113866         21 
         ?-43N-HN      7.796    125.662      7.633     23670686         38 
         ?-43N-HN      8.752    125.644      7.634      5501737          9 
         ?-44N-HN      8.397    125.414      7.679     10355425         17 
         ?-44N-HN      7.880    125.419      7.682      7833243         13 
         ?-45N-HN      6.869    124.674      7.648      6255161         10 
         ?-45N-HN      8.057    124.620      7.650      7587376         12 
         ?-47N-HN      8.311    123.894      7.711      8489774         14 
         ?-47N-HN      8.089    123.864      7.713     12008500         19 
         ?-47N-HN      7.854    123.843      7.708      7046138         11 
         ?-47N-HN      8.625    123.888      7.709     13849152         22 
         ?-48N-HN      8.623    127.776      7.949      4836589          8 
         ?-49N-HN      9.907    127.850      8.024     28621030         46 
         ?-49N-HN      8.568    127.840      8.023      8062900         13 
         ?-49N-HN      8.307    127.821      8.023      9046536         15 
         ?-49N-HN      8.416    127.846      8.024     10077244         16 
         ?-49N-HN      9.543    127.897      8.020      7339625         12 
         ?-49N-HN      8.748    127.841      8.025      5430639          9 
         ?-51N-HN      7.270    129.627      8.213     12618042         20 
         ?-51N-HN      6.871    129.621      8.213      9544769         15 
         ?-51N-HN      8.500    129.610      8.214     23548890         38 
         ?-52N-HN      6.884    130.157      8.490     17441506         28 
         ?-52N-HN      8.710    130.109      8.490      9658099         16 
         ?-52N-HN      8.259    130.098      8.485      5061804          8 
         ?-52N-HN      7.585    130.177      8.487      5729179          9 
         ?-53N-HN      8.210    130.697      8.733      5981918         10 
         ?-53N-HN      9.142    130.737      8.735      6516099         10 
         ?-53N-HN      8.933    130.748      8.735     19417834         31 
         ?-55N-HN      8.780    130.680      8.988     19126660         31 
         ?-55N-HN      8.267    130.662      8.988      6862137         11 
         ?-55N-HN      8.010    130.659      8.991      5415979          9 
         ?-55N-HN      8.389    130.686      8.988      9782807         16 
         ?-56N-HN      8.760    131.711      9.157      6779008         11 
         ?-56N-HN      8.207    131.755      9.153     25242660         41 
         ?-56N-HN      8.892    131.739      9.152      4769275          8 
         ?-58N-HN      7.586    132.446      9.247      5986954         10 
         ?-58N-HN      8.541    132.437      9.249     13679156         22 
         ?-58N-HN      8.268    132.419      9.251      7024268         11 
         ?-58N-HN      7.386    132.405      9.248      6023142         10 
         ?-58N-HN      8.665    132.417      9.249     17596812         28 
         ?-60N-HN      5.919    129.463      9.127      5120571          8 
         ?-60N-HN      8.301    129.417      9.123      8363883         13 
         ?-60N-HN      8.840    129.406      9.127      4753943          8 
         ?-61N-HN      6.729    129.029      8.802      5954298         10 
         ?-61N-HN      9.320    129.030      8.805     13497761         22 
         ?-61N-HN     10.018    129.013      8.802      5940784         10 
         ?-62N-HN      8.230    128.801      8.484     10974456         18 
         ?-63N-HN      8.428    133.893      9.908      6472543         10 
         ?-63N-HN      8.023    133.900      9.909     19793496         32 
         ?-64N-HN      8.605    128.752      9.308     21894890         35 
         ?-64N-HN      8.829    128.759      9.306     12825676         21 
         ?-65N-HN      5.268    128.108      9.353      4609760          7 
         ?-66N-HN      7.114    127.486      9.513      6645572         11 
         ?-66N-HN      8.075    127.422      9.520      5955269         10 
         ?-66N-HN      7.532    127.478      9.516      5601400          9 
         ?-67N-HN      7.339    126.926      9.406      6171543         10 
         ?-67N-HN      8.891    126.902      9.408     10668968         17 
         ?-67N-HN      8.611    126.911      9.407     21071462         34 
         ?-67N-HN      7.941    126.957      9.407      5480066          9 
         ?-68N-HN      8.893    127.764      9.062      6203177         10 
         ?-68N-HN      8.677    127.772      9.058     16731530         27 
         ?-69N-HN      7.490    128.471      8.733      9498184         15 
         ?-69N-HN      7.148    128.505      8.732     10253938         16 
         ?-70N-HN      8.193    128.043      8.411      5127610          8 
         ?-70N-HN      9.218    128.009      8.411      4673185          8 
         ?-70N-HN      8.972    128.031      8.406      5998908         10 
         ?-71N-HN      7.599    128.049      8.550      6042606         10 
         ?-71N-HN      7.362    128.013      8.550      6192550         10 
         ?-71N-HN      8.256    128.061      8.550      8051949         13 
         ?-72N-HN      7.839    127.914      8.746      6093787         10 
         ?-72N-HN      7.945    127.892      8.749      5993611         10 
         ?-72N-HN      9.113    127.888      8.749     22138264         36 
         ?-73N-HN      8.365    127.408      8.864     20114202         32 
         ?-73N-HN      7.732    127.399      8.865     11805807         19 
         ?-73N-HN      7.086    127.396      8.865     13732897         22 
         ?-73N-HN      7.415    127.398      8.862      9720745         16 
         ?-74N-HN      8.382    126.877      8.909     18438450         30 
         ?-74N-HN      8.491    126.890      8.912      9702102         16 
         ?-75N-HN      7.768    126.532      8.857      5394167          9 
         ?-75N-HN      8.216    126.588      8.860      5501154          9 
         ?-75N-HN      7.092    126.570      8.857     13021208         21 
         ?-76N-HN      8.430    126.438      8.817      4760692          8 
         ?-76N-HN      9.026    126.449      8.821      8334458         13 
         ?-76N-HN      6.898    126.412      8.820      4380225          7 
         ?-76N-HN      7.818    126.484      8.815      4464148          7 
         ?-78N-HN      8.248    127.500      8.580      4831103          8 
         ?-79N-HN      7.621    127.129      8.635     42730348         69 
         ?-79N-HN      8.079    127.126      8.635     11276108         18 
         ?-79N-HN      8.981    127.131      8.635      9906552         16 
         ?-79N-HN      8.361    127.130      8.633     14667720         24 
         ?-79N-HN      8.180    127.126      8.635     10187970         16 
         ?-80N-HN      8.217    126.896      8.498     13476591         22 
         ?-80N-HN      8.496    126.904      8.498     63212796        101 
         ?-80N-HN      8.382    126.902      8.498     36465684         59 
         ?-80N-HN      7.242    126.928      8.498      4679552          8 
         ?-80N-HN      8.906    126.915      8.499     12838991         21 
         ?-81N-HN      7.553    126.549      8.588      4734230          8 
         ?-81N-HN      9.229    126.545      8.592      6010579         10 
         ?-81N-HN      8.877    126.531      8.593      6100333         10 
         ?-81N-HN      7.092    126.557      8.594      4882073          8 
         ?-81N-HN      6.609    126.523      8.594      5567117          9 
         ?-81N-HN      8.346    126.554      8.594     30094330         48 
         ?-81N-HN      9.507    126.568      8.594      6586249         11 
         ?-81N-HN      7.992    126.574      8.595      4556575          7 
         ?-83N-HN      7.971    126.375      8.662      9532345         15 
         ?-83N-HN      8.374    126.365      8.662     49942176         80 
         ?-83N-HN      7.370    126.332      8.660      7050264         11 
         ?-84N-HN      6.923    126.239      8.720     22193574         36 
         ?-84N-HN      9.269    126.216      8.719     38734388         62 
         ?-84N-HN      8.321    126.222      8.719     17088248         27 
         ?-84N-HN      7.749    126.182      8.715      5108008          8 
         ?-84N-HN      7.962    126.199      8.719      4763493          8 
         ?-85N-HN      9.059    126.696      8.679     17386342         28 
         ?-85N-HN      7.802    126.644      8.680      7634670         12 
         ?-85N-HN      8.833    126.668      8.681      7686919         12 
         ?-85N-HN      7.653    126.711      8.681      5017870          8 
         ?-86N-HN      7.471    125.858      9.084      7008020         11 
         ?-86N-HN      7.702    125.844      9.087      7871798         13 
         ?-86N-HN      7.933    125.807      9.080      6813999         11 
         ?-86N-HN      8.401    125.893      9.086      5077412          8 
         ?-87N-HN      8.020    123.839      9.406      7768168         12 
         ?-87N-HN      7.337    123.885      9.407      7275656         12 
         ?-87N-HN      8.863    123.926      9.403      6602496         11 
         ?-89N-HN      8.307    121.786      9.553     28610198         46 
         ?-89N-HN      8.829    121.770      9.555      8385319         13 
         ?-89N-HN      9.907    121.763      9.555      4860309          8 
         ?-89N-HN      9.379    121.780      9.555      6966040         11 
         ?-90N-HN      8.431    122.033      9.412      4956291          8 
         ?-91N-HN      8.389    120.963      9.423      6065781         10 
         ?-91N-HN      9.030    121.018      9.426      7466634         12 
         ?-92N-HN      8.001    122.182      9.186      7579404         12 
         ?-92N-HN      7.403    122.175      9.182      6833274         11 
         ?-92N-HN      8.190    122.189      9.186     37908816         61 
         ?-92N-HN      7.630    122.196      9.185     10305645         17 
         ?-92N-HN      7.840    122.186      9.188      9223877         15 
         ?-93N-HN      7.857    123.552      9.065     14441625         23 
         ?-93N-HN      7.195    123.551      9.064     10372410         17 
         ?-93N-HN      8.676    123.552      9.063     30634914         49 
         ?-95N-HN      9.435    123.532      8.965      4715512          8 
         ?-95N-HN      8.847    123.505      8.964      9652093         15 
         ?-95N-HN      8.648    123.440      8.965     10120344         16 
         ?-95N-HN      8.391    123.507      8.966     17709902         28 
         ?-95N-HN      8.182    123.499      8.967     10369516         17 
         ?-95N-HN      8.080    123.503      8.962      8424926         14 
         ?-95N-HN      9.157    123.441      8.963      6234699         10 
         ?-96N-HN      9.193    122.954      8.980      4771199          8 
         ?-96N-HN      8.413    122.939      8.979      8695065         14 
         ?-96N-HN      8.546    122.940      8.978     24531808         39 
         ?-98N-HN      8.612    123.993      8.895     13629842         22 
         ?-98N-HN      9.385    124.038      8.895     12925013         21 
         ?-98N-HN      9.303    124.038      8.895     15085128         24 
         ?-99N-HN      7.707    123.889      8.875     15568433         25 
         ?-99N-HN      8.285    123.879      8.876     11364345         18 
         ?-99N-HN      7.423    123.908      8.881      6252845         10 
         ?-99N-HN      7.908    123.845      8.878     12481337         20 
        ?-100N-HN      7.803    124.282      8.862      4580519          7 
        ?-100N-HN      6.956    124.331      8.865      7107600         11 
        ?-102N-HN      7.397    122.928      8.770      4780327          8 
        ?-102N-HN      7.612    122.906      8.768     10264022         16 
        ?-102N-HN      8.249    122.888      8.767     33437194         54 
        ?-102N-HN      8.559    122.906      8.765      8139637         13 
        ?-102N-HN      8.983    122.879      8.766     17097262         27 
        ?-102N-HN      8.393    122.864      8.766      9477877         15 
        ?-103N-HN      9.426    122.104      9.035     10023922         16 
        ?-103N-HN      8.201    122.084      9.034      5282862          8 
        ?-103N-HN      8.077    122.153      9.036      8945937         14 
        ?-103N-HN      8.390    122.106      9.034     11778625         19 
        ?-103N-HN      8.836    122.100      9.034     11339020         18 
        ?-104N-HN      7.590    126.931      8.226      5970341         10 
        ?-104N-HN      8.486    127.016      8.227     16844958         27 
        ?-104N-HN      7.383    126.976      8.226     10619023         17 
        ?-104N-HN      8.387    127.001      8.225     14911790         24 
        ?-105N-HN      8.435    125.864      8.430      9601797         15 
        ?-106N-HN      7.544    125.683      8.398     11046130         18 
        ?-108N-HN      8.323    125.230      8.324     10917648         18 
        ?-109N-HN      8.182    125.111      8.292     11848682         19 
        ?-109N-HN      7.904    125.116      8.291     10999094         18 
        ?-109N-HN      7.999    125.123      8.291     24945690         40 
        ?-110N-HN      7.431    125.321      8.001      8871257         14 
        ?-110N-HN      7.798    125.354      8.001     82739048        133 
        ?-110N-HN      8.126    125.355      8.000     38080008         61 
        ?-110N-HN      7.686    125.370      8.001     10071418         16 
        ?-112N-HN      7.510    125.292      7.915     18615778         30 
        ?-112N-HN      8.241    125.299      7.914     19132262         31 
        ?-112N-HN      8.574    125.290      7.917      5795158          9 
        ?-112N-HN      8.765    125.313      7.919      4702475          8 
        ?-113N-HN      8.166    124.647      7.818      9681697         16 
        ?-113N-HN      7.694    124.621      7.817      9369176         15 
        ?-114N-HN      8.050    125.033      8.588      6603759         11 
        ?-117N-HN      7.640    120.238      9.196      8156550         13 
        ?-117N-HN      7.839    120.264      9.196      9534483         15 
        ?-117N-HN      8.077    120.157      9.202      5162745          8 
        ?-117N-HN      8.436    120.254      9.193      5434704          9 
        ?-117N-HN      8.979    120.238      9.201      7879461         13 
        ?-118N-HN      8.315    119.744      9.268     17725598         28 
        ?-118N-HN      6.921    119.731      9.268     21650844         35 
        ?-118N-HN      8.731    119.725      9.269     33085612         53 
        ?-118N-HN      7.754    119.728      9.267      7157879         11 
        ?-119N-HN      8.494    120.738      8.993      6631841         11 
        ?-119N-HN      8.024    120.758      8.996     13713832         22 
        ?-120N-HN      8.416    120.587      8.970     10189362         16 
        ?-120N-HN      7.339    120.652      8.969      5370606          9 
        ?-120N-HN      7.850    120.558      8.968     11083487         18 
        ?-120N-HN      8.089    120.604      8.968     19397042         31 
        ?-120N-HN      7.640    120.533      8.967      7745620         12 
        ?-120N-HN      9.187    120.539      8.963      9705785         16 
        ?-122N-HN      7.416    121.803      8.820     25195898         40 
        ?-122N-HN      8.200    121.804      8.818     20014548         32 
        ?-122N-HN      7.104    121.794      8.819     11971952         19 
        ?-123N-HN      8.163    122.954      8.686     17453676         28 
        ?-123N-HN      8.277    122.905      8.687      6009953         10 
        ?-123N-HN      8.001    122.964      8.687      5687288          9 
        ?-124N-HN      7.423    122.960      8.630      9329256         15 
        ?-124N-HN      8.820    122.898      8.635      4993181          8 
        ?-124N-HN      8.204    122.940      8.630     11620467         19 
        ?-127N-HN      8.013    122.350      8.635      5484786          9 
        ?-127N-HN      8.450    122.309      8.634     23480030         38 
        ?-128N-HN      8.254    123.969      8.542     11772888         19 
        ?-129N-HN      8.006    122.656      8.556     27091936         43 
        ?-129N-HN      8.244    122.656      8.553     10139000         16 
        ?-130N-HN      8.230    122.656      8.573     10465563         17 
        ?-130N-HN      7.481    122.656      8.569     11568047         19 
        ?-130N-HN      7.985    122.656      8.576     21221710         34 
        ?-130N-HN      7.788    122.656      8.565     12271559         20 
        ?-130N-HN      8.755    122.656      8.575      7288296         12 
        ?-131N-HN      7.427    122.656      8.554     11095534         18 
        ?-134N-HN      7.490    121.172      8.746      6273957         10 
        ?-134N-HN      8.569    121.176      8.749      7575228         12 
        ?-134N-HN      7.982    121.157      8.748     10902127         17 
        ?-134N-HN      7.598    121.156      8.749      8794086         14 
        ?-135N-HN      8.248    120.777      8.829     22333398         36 
        ?-135N-HN      8.531    120.758      8.828     17192024         28 
        ?-135N-HN      7.575    120.758      8.828     26289876         42 
        ?-136N-HN      8.240    120.058      8.777      6923566         11 
        ?-136N-HN      7.913    120.034      8.779      6826376         11 
        ?-136N-HN      7.515    120.052      8.778      5576129          9 
        ?-138N-HN      8.123    119.720      8.735     14929464         24 
        ?-138N-HN      8.866    119.734      8.736      5549674          9 
        ?-140N-HN      8.161    118.473      9.206      5659871          9 
        ?-140N-HN      9.208    118.457      9.207     33088498         53 
        ?-140N-HN      8.844    118.464      9.207      5939495         10 
        ?-140N-HN      8.461    118.455      9.207      9493746         15 
        ?-140N-HN      8.351    118.461      9.207     26028024         42 
        ?-141N-HN      8.628    117.987      9.384      7345295         12 
        ?-141N-HN      9.385    117.929      9.386     32743208         53 
        ?-141N-HN      9.559    117.962      9.384      5541395          9 
        ?-141N-HN      8.814    117.937      9.386     29971418         48 
        ?-142N-HN      8.377    116.260      9.230      9032681         14 
        ?-143N-HN      7.931    117.654      9.114      4480897          7 
        ?-143N-HN      8.752    117.582      9.115     21770768         35 
        ?-144N-HN      8.382    118.239      9.057      9437027         15 
        ?-144N-HN      7.703    118.233      9.062      9232062         15 
        ?-144N-HN      7.937    118.224      9.058      4863468          8 
        ?-146N-HN      8.338    118.414      8.807      5089104          8 
        ?-146N-HN      8.002    118.440      8.807      8169982         13 
        ?-147N-HN      8.203    117.826      8.750      7487194         12 
        ?-147N-HN      7.423    117.808      8.754      8777206         14 
        ?-147N-HN      7.102    117.840      8.750     53792308         86 
        ?-148N-HN      7.965    117.840      8.768      7606729         12 
        ?-148N-HN      6.919    117.685      8.764     15061598         24 
        ?-148N-HN      7.767    117.840      8.768      5960516         10 
        ?-148N-HN      7.582    117.748      8.763      6208057         10 
        ?-148N-HN      8.326    117.840      8.767      5622205          9 
        ?-148N-HN      8.435    117.840      8.767      5283953          8 
        ?-148N-HN      9.269    117.657      8.762     10233171         16 
        ?-150N-HN      9.420    116.919      8.858      5092389          8 
        ?-150N-HN      7.334    116.872      8.853      9230954         15 
        ?-151N-HN      9.190    116.238      8.837      5610920          9 
        ?-151N-HN      8.478    116.294      8.839     19485012         31 
        ?-152N-HN      6.883    115.399      8.715      4635875          7 
        ?-153N-HN      9.245    116.224      8.670      7296708         12 
        ?-153N-HN      8.555    116.285      8.670      4591270          7 
        ?-154N-HN      9.060    117.303      8.674     20562358         33 
        ?-154N-HN      7.858    117.295      8.675      8977908         14 
        ?-154N-HN      7.200    117.329      8.670      6077921         10 
        ?-154N-HN      5.769    117.303      8.673      5727679          9 
        ?-155N-HN      8.881    116.551      8.600      7825518         13 
        ?-155N-HN      8.451    116.494      8.601      6242873         10 
        ?-155N-HN      7.335    116.593      8.605      4605252          7 
        ?-155N-HN      9.311    116.503      8.601     19462244         31 
        ?-156N-HN      7.985    117.655      8.590      5750159          9 
        ?-157N-HN      8.501    116.346      8.498     17865954         29 
        ?-157N-HN      8.164    116.367      8.496      9574609         15 
        ?-158N-HN      8.796    116.500      8.406      6456215         10 
        ?-158N-HN      8.002    116.535      8.390      4985470          8 
        ?-159N-HN      9.235    117.253      8.389     14827013         24 
        ?-159N-HN      8.596    117.275      8.388      9855342         16 
        ?-160N-HN      8.751    117.198      8.453      6812239         11 
        ?-160N-HN      9.285    117.204      8.453      5116513          8 
        ?-160N-HN      9.386    117.225      8.447      5509067          9 
        ?-160N-HN      8.630    117.193      8.449     25701788         41 
        ?-161N-HN      8.843    117.695      8.478     20157304         32 
        ?-162N-HN      8.496    118.342      8.496     27525186         44 
        ?-162N-HN      7.443    118.370      8.493      8923710         14 
        ?-162N-HN      7.866    118.336      8.494     32958222         53 
        ?-162N-HN      8.098    118.339      8.493     26707256         43 
        ?-162N-HN      8.621    118.354      8.495      9436582         15 
        ?-162N-HN      7.674    118.363      8.493     16325143         26 
        ?-163N-HN      7.959    118.424      8.434     12395643         20 
        ?-163N-HN      7.761    118.408      8.437      8508867         14 
        ?-163N-HN      7.555    118.429      8.433      8884901         14 
        ?-163N-HN      8.754    118.384      8.438      5673058          9 
        ?-164N-HN      8.079    118.650      8.421     21026838         34 
        ?-164N-HN      9.913    118.632      8.418      6868444         11 
        ?-164N-HN      9.412    118.645      8.421     15910608         26 
        ?-165N-HN      7.752    118.777      8.367     11615448         19 
        ?-165N-HN      7.090    118.849      8.362      6742951         11 
        ?-165N-HN      7.419    118.809      8.361      4774980          8 
        ?-165N-HN      8.866    118.774      8.363     11855691         19 
        ?-167N-HN      7.707    119.744      8.629     13107476         21 
        ?-167N-HN      8.498    119.692      8.630      6503470         10 
        ?-167N-HN      8.296    119.749      8.626      6921357         11 
        ?-167N-HN      7.862    119.748      8.629     13258441         21 
        ?-167N-HN      8.088    119.750      8.628     16636499         27 
        ?-168N-HN      7.662    119.306      8.479     21180504         34 
        ?-169N-HN      8.221    119.638      8.523      8036795         13 
        ?-169N-HN      5.476    119.639      8.521      4957815          8 
        ?-169N-HN      7.261    119.646      8.524      4933550          8 
        ?-170N-HN      8.237    120.170      8.529     20736682         33 
        ?-170N-HN      8.830    120.170      8.529     10521838         17 
        ?-170N-HN      7.570    120.170      8.532     19749940         32 
        ?-171N-HN      7.999    120.170      8.551      7238275         12 
        ?-171N-HN      8.155    120.170      8.551      7354533         12 
        ?-171N-HN      8.979    120.170      8.551     25272912         41 
        ?-171N-HN      9.252    120.170      8.550      5397714          9 
        ?-172N-HN      7.692    119.334      8.381     11096993         18 
        ?-172N-HN      9.074    119.311      8.381      6707042         11 
        ?-173N-HN      8.099    119.166      8.411     10790532         17 
        ?-173N-HN      7.353    119.157      8.415      7199626         12 
        ?-173N-HN      8.977    119.160      8.412     10039165         16 
        ?-173N-HN      7.889    119.213      8.416      8152927         13 
        ?-175N-HN      8.182    113.216      8.934      5653236          9 
        ?-175N-HN      8.062    113.123      8.933      7586690         12 
        ?-175N-HN      7.084    113.115      8.934      6298893         10 
        ?-175N-HN      8.388    113.097      8.929      5533116          9 
        ?-175N-HN      8.734    113.163      8.934     25376620         41 
        ?-177N-HN      7.114    114.413      8.588      6443889         10 
        ?-177N-HN      7.973    114.479      8.581      4977020          8 
        ?-178N-HN      7.961    113.766      8.487      5710590          9 
        ?-178N-HN      7.548    113.747      8.488      7616883         12 
        ?-179N-HN      9.406    112.630      8.611      8155812         13 
        ?-182N-HN      8.214    114.725      8.216     15076752         24 
        ?-183N-HN      9.029    114.933      8.159      4735976          8 
        ?-183N-HN      8.507    114.976      8.154     16568157         27 
        ?-183N-HN      9.245    114.956      8.147      5145615          8 
        ?-184N-HN      8.493    112.834      8.396      8363358         13 
        ?-184N-HN      8.898    112.815      8.393      6790142         11 
        ?-185N-HN      8.006    116.703      8.006     51115488         82 
        ?-185N-HN      7.051    116.723      8.005     27594446         44 
        ?-185N-HN      7.585    116.735      8.005     24645698         40 
        ?-188N-HN      7.015    115.027      7.883      6160159         10 
        ?-188N-HN      6.326    115.049      7.881      5541611          9 
        ?-188N-HN      7.917    115.027      7.883     12059587         19 
        ?-188N-HN      8.173    114.969      7.885      6382383         10 
        ?-188N-HN      7.383    115.069      7.889      6071709         10 
        ?-189N-HN      8.498    114.755      8.079     10968176         18 
        ?-189N-HN      8.294    114.736      8.076      7542043         12 
        ?-189N-HN      8.630    114.719      8.075     15671814         25 
        ?-189N-HN      7.707    114.732      8.077     13043846         21 
        ?-189N-HN      7.862    114.734      8.077     19793302         32 
        ?-190N-HN      8.553    114.355      7.997      8448206         14 
        ?-191N-HN      6.907    113.556      8.127      7513657         12 
        ?-192N-HN      7.642    113.806      7.985     10745704         17 
        ?-192N-HN      8.315    113.794      7.985     27297928         44 
        ?-192N-HN      8.678    113.790      7.989      7380366         12 
        ?-192N-HN      7.787    113.766      7.986      4969097          8 
        ?-193N-HN      7.485    113.453      7.863     13085882         21 
        ?-193N-HN      8.189    113.443      7.861     15134462         24 
        ?-193N-HN      7.035    113.468      7.863     16627504         27 
        ?-193N-HN      7.694    113.442      7.863     14950029         24 
        ?-196N-HN      7.184    110.998      8.416      9139100         15 
        ?-196N-HN      6.844    110.976      8.417     11466716         18 
        ?-196N-HN      7.703    110.976      8.417     12890077         21 
        ?-196N-HN      7.529    110.983      8.417     14219356         23 
        ?-198N-HN      8.067    110.655      8.219      6390480         10 
        ?-200N-HN      7.417    106.683      8.201     28929974         46 
        ?-200N-HN      8.819    106.683      8.202     18483890         30 
        ?-200N-HN      8.638    106.694      8.205      8550782         14 
        ?-201N-HN      8.497    105.614      7.863     19657502         32 
        ?-201N-HN      8.104    105.649      7.865     17661630         28 
        ?-201N-HN      7.670    105.640      7.866     20264910         33 
        ?-201N-HN      7.435    105.650      7.866     15470791         25 
        ?-203N-HN     11.303    104.808      7.200      4691284          8 
        ?-204N-HN      7.656    107.194      7.186      5796227          9 
        ?-204N-HN      7.388    107.213      7.183      9330266         15 
        ?-204N-HN      6.805    107.265      7.183      4766109          8 
        ?-205N-HN      8.286    109.875      7.869      5132278          8 
        ?-205N-HN      8.859    109.881      7.867      7759323         12 
        ?-205N-HN      7.423    109.883      7.862      8168687         13 
        ?-205N-HN      7.726    109.891      7.868     14371792         23 
        ?-209N-HN      6.956    108.712      7.556      5164612          8 
        ?-210N-HN      9.056    109.412      7.192      5289971          8 
        ?-210N-HN      8.080    109.374      7.194      4505132          7 
        ?-211N-HN      6.298    109.247      7.156     44596184         72 
        ?-212N-HN      7.759    109.493      7.084     20576686         33 
        ?-212N-HN      8.215    109.499      7.082      4990130          8 
        ?-212N-HN      8.867    109.477      7.083     11758139         19 
        ?-213N-HN      6.508    109.981      7.093     12583605         20 
        ?-214N-HN      6.599    109.942      7.041     38934264         62 
        ?-217N-HN      6.657    110.900      7.170     53406000         86 
        ?-218N-HN      6.299    110.283      7.154      9844080         16 
        ?-220N-HN      7.650    112.320      7.055     14788818         24 
        ?-220N-HN      7.938    112.315      7.052     11179595         18 
        ?-220N-HN      7.375    112.332      7.054     19610620         31 
        ?-221N-HN      7.091    109.833      6.517     11887345         19 
        ?-221N-HN      8.620    110.061      6.516      4429626          7 
        ?-222N-HN      7.040    109.906      6.600     36071708         58 
        ?-224N-HN      6.750    111.646      6.567     26854152         43 
        ?-225N-HN      7.040    111.007      6.599      8222712         13 
        ?-226N-HN      7.169    110.854      6.659     53755960         86 
        ?-228N-HN      7.585    111.364      6.770     51335844         82 
        ?-229N-HN      7.356    112.281      6.673     34139956         55 
        ?-230N-HN      7.328    112.012      6.706     48846944         78 
        ?-231N-HN      7.168    111.920      6.659     18169306         29 
        ?-232N-HN      7.357    113.369      6.672     17543042         28 
        ?-233N-HN      7.604    114.466      6.978     12587794         20 
        ?-234N-HN      7.737    114.216      6.930     13166519         21 
        ?-235N-HN      6.883    110.625      7.616     12629571         20 
        ?-236N-HN      6.770    111.413      7.587     57193444         92 
        ?-238N-HN      6.750    111.859      7.391     66051396        106 
        ?-239N-HN      6.703    112.078      7.327     60847620         98 
        ?-240N-HN      8.521    112.233      7.252      4824128          8 
        ?-240N-HN      5.467    112.220      7.251      6801129         11 
        ?-240N-HN      7.452    112.197      7.251      4754284          8 
        ?-242N-HN      6.831    112.517      7.512     47635076         76 
        ?-243N-HN      6.671    112.340      7.357     25047534         40 
        ?-244N-HN      7.331    120.232      7.531      9736488         16 
        ?-244N-HN      6.673    120.306      7.531      6025832         10 
        ?-244N-HN      7.854    120.234      7.531     20433120         33 
        ?-245N-HN      8.251    120.793      7.570     47025212         75 
        ?-245N-HN      7.787    120.765      7.569      6312721         10 
        ?-245N-HN      6.899    120.858      7.569      5038425          8 
        ?-245N-HN      8.523    120.797      7.570     24051800         39 
        ?-245N-HN      8.826    120.787      7.571     16683158         27 
        ?-245N-HN      8.707    120.780      7.569      5328952          9 
        ?-246N-HN      8.194    121.230      7.622     10305691         17 
        ?-246N-HN      8.079    121.266      7.620      6193342         10 
        ?-246N-HN      8.635    121.262      7.620     43857588         70 
        ?-246N-HN      8.995    121.218      7.625      5179778          8 
        ?-246N-HN      8.359    121.252      7.623     12571929         20 
        ?-247N-HN      7.053    121.617      7.648     15931115         26 
        ?-247N-HN      7.372    121.632      7.647     17954232         29 
        ?-247N-HN      7.933    121.607      7.647     17567536         28 
        ?-248N-HN      8.398    121.897      7.661      5664948          9 
        ?-248N-HN      8.064    121.953      7.656     22024966         35 
        ?-248N-HN      6.845    121.961      7.658      7430770         12 
        ?-248N-HN      8.194    121.943      7.656     11596488         19 
        ?-249N-HN      7.960    122.468      7.599      9810496         16 
        ?-249N-HN      7.499    122.487      7.597      7790784         13 
        ?-249N-HN      8.734    122.480      7.599      8409073         13 
        ?-249N-HN      8.226    122.474      7.603      4758925          8 
        ?-249N-HN      8.587    122.486      7.598      6441082         10 
        ?-250N-HN      8.757    123.279      7.610      5368440          9 
        ?-250N-HN      7.773    123.306      7.610     32642722         52 
        ?-250N-HN      8.243    123.308      7.608     19202482         31 
        ?-251N-HN      8.257    123.623      7.592      6547554         11 
        ?-251N-HN      7.383    123.673      7.596      8011327         13 
        ?-251N-HN      8.764    123.690      7.593      4541574          7 
        ?-251N-HN      8.552    123.686      7.591     11807258         19 
        ?-252N-HN      7.492    123.001      7.690     11419517         18 
        ?-252N-HN      7.861    123.029      7.690     17093916         27 
        ?-252N-HN      7.038    123.008      7.691     12771769         21 
        ?-252N-HN      8.193    123.014      7.690     22647508         36 
        ?-254N-HN      8.217    124.054      7.997      9811250         16 
        ?-254N-HN      8.591    124.054      7.996     12143355         19 
        ?-255N-HN      8.326    123.780      7.992     10760199         17 
        ?-255N-HN      8.196    123.780      7.994      5569250          9 
        ?-256N-HN      8.549    123.273      7.934     10623458         17 
        ?-257N-HN      8.218    124.063      7.897     75695680        122 
        ?-258N-HN      8.627    123.826      7.867     13689486         22 
        ?-258N-HN      7.706    123.845      7.868     11966821         19 
        ?-258N-HN      8.096    123.847      7.866     30832496         49 
        ?-258N-HN      8.281    123.818      7.867      7295326         12 
        ?-258N-HN      8.496    123.854      7.868     14567504         23 
        ?-259N-HN      8.015    123.234      7.828     23014492         37 
        ?-260N-HN      8.395    122.478      7.712     15030142         24 
        ?-260N-HN      7.879    122.463      7.713      8794494         14 
        ?-261N-HN      6.924    122.349      7.757      9382633         15 
        ?-261N-HN      7.573    122.388      7.759      8340780         13 
        ?-261N-HN      8.322    122.378      7.757     11149859         18 
        ?-261N-HN      7.964    122.352      7.758     16931988         27 
        ?-261N-HN      9.270    122.373      7.757      6457269         10 
        ?-261N-HN      8.762    122.362      7.757     15456676         25 
        ?-261N-HN      8.435    122.391      7.760     15079670         24 
        ?-263N-HN      8.856    123.592      7.830      5006706          8 
        ?-263N-HN      7.353    123.614      7.833      4890889          8 
        ?-264N-HN      8.379    122.146      8.527    102419784        164 
        ?-265N-HN     10.951    121.929      8.492     11410296         18 
        ?-265N-HN      7.887    121.930      8.492     10059061         16 
        ?-266N-HN      8.363    123.287      8.488      6569396         11 
        ?-266N-HN      8.991    123.270      8.468      7596469         12 
        ?-268N-HN      9.432    123.420      8.392     14823792         24 
        ?-268N-HN      8.982    123.396      8.391     27993314         45 
        ?-268N-HN      8.014    123.357      8.397      4978124          8 
        ?-269N-HN      6.619    123.777      8.340      5791569          9 
        ?-269N-HN      8.598    123.808      8.337     14933104         24 
        ?-269N-HN      7.993    123.867      8.338      7780723         12 
        ?-269N-HN      8.806    123.776      8.336      7264344         12 
        ?-270N-HN      8.224    123.728      8.352      5454880          9 
    ?-W270Nsc-Hsc      7.865    134.072     10.943      5155963          8 
    ?-W270Nsc-Hsc      8.480    134.091     10.947      8269346         13 
        ?-271N-HN      7.989    123.755      8.262      5957136         10 
        ?-271N-HN      8.808    123.663      8.272      5790749          9 
        ?-272N-HN      8.691    123.941      8.160     13986415         22 
        ?-273N-HN      7.596    123.850      8.209      5032696          8 
        ?-273N-HN      7.496    123.854      8.211      7764335         12 
        ?-273N-HN      8.744    123.882      8.214      4469926          7 
        ?-273N-HN      7.941    123.747      8.208      8463108         14 
        ?-274N-HN      7.623    123.311      8.081      5828107          9 
        ?-274N-HN      6.848    123.234      8.081      4839537          8 
        ?-274N-HN      5.624    123.216      8.080      6080773         10 
        ?-274N-HN      9.024    123.264      8.081     13624640         22 
        ?-274N-HN      8.633    123.266      8.083     11978953         19 
        ?-274N-HN      8.367    123.292      8.082      7980537         13 
        ?-275N-HN      7.944    123.385      8.130     15815960         25 
        ?-275N-HN      7.772    123.385      8.131     15032279         24 
        ?-275N-HN      8.843    123.454      8.132      4873712          8 
        ?-276N-HN      7.052    122.739      8.090      8076670         13 
        ?-276N-HN      7.806    122.744      8.090     15059284         24 
        ?-276N-HN      7.625    122.734      8.090     17793574         29 
        ?-276N-HN      8.280    122.667      8.091      6221333         10 
        ?-278N-HN      8.962    123.293      8.242      6957606         11 
        ?-278N-HN      7.613    123.320      8.241     19964628         32 
        ?-278N-HN      6.454    123.093      8.235      4899968          8 
        ?-278N-HN      8.774    123.337      8.241     34070692         55 
        ?-279N-HN      8.977    123.350      8.189     22834972         37 
        ?-279N-HN      8.634    123.356      8.190     18505352         30 
        ?-279N-HN      7.624    123.347      8.188     19406130         31 
        ?-282N-HN      8.657    122.920      8.365     33140548         53 
        ?-282N-HN      7.843    122.854      8.359     73468592        118 
        ?-282N-HN      8.517    122.913      8.367    117290648        188 
        ?-284N-HN      8.663    122.430      8.382     49271688         79 
        ?-284N-HN      7.942    122.453      8.384      7203040         12 
        ?-284N-HN      8.077    122.421      8.382     27806624         45 
        ?-287N-HN      8.408    115.132      7.350      7761887         12 
        ?-287N-HN      7.894    115.105      7.345      8714529         14 
        ?-287N-HN      8.280    115.105      7.348      4561448          7 
        ?-287N-HN      6.953    115.113      7.352      7907786         13 
        ?-288N-HN      6.822    113.154      7.737     43647304         70 
        ?-289N-HN      6.969    113.134      7.664     10031904         16 
        ?-289N-HN      8.130    113.131      7.655      5127507          8 
        ?-289N-HN      7.538    113.117      7.661     11419723         18 
        ?-290N-HN      8.875    114.049      7.742      6105835         10 
        ?-290N-HN      7.867    114.021      7.742      8760433         14 
        ?-290N-HN      6.803    114.323      7.737     14342679         23 
        ?-290N-HN      7.427    114.053      7.748      7585601         12 
        ?-291N-HN      6.865    114.497      7.722     13664555         22 
        ?-292N-HN      7.644    117.283      7.422      6702731         11 
        ?-293N-HN      8.243    116.857      7.506     20636436         33 
        ?-293N-HN      7.912    116.873      7.507     13966690         22 
        ?-293N-HN      8.570    116.856      7.510     11363977         18 
        ?-293N-HN      7.785    116.889      7.508      8274263         13 
        ?-294N-HN      7.926    117.356      7.507     11792864         19 
        ?-294N-HN      8.778    117.472      7.510      5922802         10 
        ?-294N-HN      8.247    117.356      7.512     11191273         18 
        ?-295N-HN      8.743    118.201      7.501      4935129          8 
        ?-295N-HN      7.953    118.148      7.493      9787687         16 
        ?-295N-HN      7.599    118.180      7.496     10077643         16 
        ?-295N-HN      7.338    118.148      7.492      4747900          8 
        ?-295N-HN      8.211    118.184      7.492      8511728         14 
        ?-297N-HN      8.359    116.923      7.733      7389650         12 
        ?-297N-HN      7.426    116.994      7.735      9080481         15 
        ?-297N-HN      7.083    116.962      7.734     10018457         16 
        ?-297N-HN      8.862    116.980      7.730      6870237         11 
        ?-298N-HN      8.252    117.013      7.789      9589800         15 
        ?-298N-HN      7.777    116.986      7.790     26558902         43 
        ?-298N-HN      7.087    116.971      7.792      9490104         15 
        ?-298N-HN      8.359    117.003      7.791      6892264         11 
        ?-298N-HN      8.559    116.957      7.792      9544821         15 
        ?-298N-HN      7.413    116.965      7.793     18217368         29 
        ?-299N-HN      8.239    117.493      7.774      5994171         10 
        ?-299N-HN      7.610    117.462      7.772     34891000         56 
        ?-300N-HN      7.050    117.713      7.944      9344725         15 
        ?-300N-HN      7.653    117.702      7.947     13098866         21 
        ?-300N-HN      7.380    117.741      7.946      8431850         14 
        ?-301N-HN      7.655    117.542      8.134      5429007          9 
        ?-302N-HN      7.038    117.477      8.191     12600835         20 
        ?-302N-HN      7.490    117.568      8.190     12252256         20 
        ?-302N-HN      7.691    117.505      8.190     28940748         46 
        ?-302N-HN      7.865    117.504      8.190     24464690         39 
        ?-304N-HN      8.836    116.774      8.250      6956316         11 
        ?-304N-HN      7.571    116.795      8.250     34165488         55 
        ?-304N-HN      8.529    116.764      8.247     16324399         26 
        ?-305N-HN      7.748    118.523      8.057     22041910         35 
        ?-306N-HN      6.322    118.347      7.934      5362634          9 
        ?-306N-HN      8.172    118.366      7.940     19493254         31 
        ?-306N-HN      6.998    118.391      7.941      6698477         11 
        ?-306N-HN      7.385    118.380      7.939      9327831         15 
        ?-306N-HN      8.291    118.346      7.939      7180480         12 
        ?-307N-HN      8.226    118.158      7.759      6991921         11 
        ?-307N-HN      7.086    118.142      7.759     25084658         40 
        ?-307N-HN      8.867    118.162      7.764      5704035          9 
        ?-307N-HN     10.833    118.136      7.757      7709330         12 
        ?-308N-HN      8.967    118.225      7.641     10037584         16 
        ?-308N-HN      8.104    118.219      7.643      8211634         13 
        ?-308N-HN      9.191    118.236      7.639     18614722         30 
        ?-308N-HN      7.836    118.225      7.639     27397844         44 
        ?-309N-HN      7.900    118.628      7.688      6978810         11 
        ?-310N-HN      8.233    119.196      7.833     98339168        158 
        ?-310N-HN      8.464    119.222      7.832     12227472         20 
        ?-310N-HN      8.359    119.199      7.833     75480464        121 
        ?-310N-HN      6.780    119.167      7.833      5429157          9 
        ?-311N-HN      7.688    118.870      7.883     16962682         27 
        ?-311N-HN      7.583    119.017      7.884      9139970         15 
        ?-311N-HN      8.361    118.973      7.884     39839652         64 
        ?-311N-HN      8.075    118.952      7.882      9113831         15 
        ?-311N-HN      6.790    118.998      7.882      7502793         12 
       ?-A311N-HN      7.815    126.344      8.079     11531041         19 
        ?-312N-HN      8.500    120.418      7.670     14046293         23 
        ?-312N-HN      7.811    120.461      7.670     32637132         52 
        ?-312N-HN      7.437    120.437      7.670     23665958         38 
        ?-312N-HN      8.107    120.450      7.667     10506995         17 
       ?-G312N-HN      8.496    108.267      2.971     12560585         20 
       ?-G312N-HN      7.630    108.278      2.970      5151950          8 
       ?-G312N-HN      7.875    108.243      2.970      7488224         12 
        ?-313N-HN      8.006    120.665      7.724     44012552         71 
        ?-313N-HN      7.814    120.679      7.724     41342952         66 
        ?-314N-HN      8.049    121.559      7.745     37932596         61 
        ?-315N-HN      7.910    121.354      7.695      6496509         10 
        ?-315N-HN      9.079    121.315      7.698      9890014         16 
        ?-315N-HN      8.385    121.334      7.698     13912888         22 
        ?-316N-HN      8.532    118.009      8.329     11929385         19 
        ?-317N-HN      5.263    118.022      8.248      5011574          8 
        ?-317N-HN      8.581    117.957      8.254      7287348         12 
        ?-317N-HN     10.402    117.973      8.251     18362020         29 
        ?-318N-HN      9.158    118.602      8.204     19967792         32 
        ?-319N-HN      7.742    120.133      7.812     23983608         38 
        ?-319N-HN      8.017    120.125      7.812     40731772         65 
        ?-321N-HN      7.541    118.721      7.914      7014562         11 
        ?-322N-HN      7.484    119.024      7.933      9342021         15 
        ?-322N-HN      9.074    118.977      7.927      6433833         10 
        ?-322N-HN      8.372    118.945      7.927      4870458          8 
        ?-322N-HN      8.199    119.043      7.928      9211982         15 
        ?-323N-HN      8.096    119.027      8.095     32333778         52 
        ?-323N-HN      7.812    119.035      8.096     11928642         19 
        ?-324N-HN      6.893    118.903      8.190      5730616          9 
        ?-324N-HN      9.188    118.925      8.190     42716096         69 
        ?-324N-HN      7.833    118.963      8.188      7092788         11 
        ?-324N-HN      7.983    118.953      8.186      8449653         14 
        ?-324N-HN      7.404    118.912      8.192      8588748         14 
        ?-324N-HN      7.644    118.987      8.195      9623833         15 
        ?-325N-HN      7.382    119.170      8.262     18242026         29 
        ?-325N-HN      8.782    119.165      8.263      4610597          7 
        ?-325N-HN      7.600    119.168      8.263      9417412         15 
        ?-325N-HN      8.548    119.152      8.264     20139992         32 
        ?-325N-HN      9.244    119.172      8.266      7372177         12 
        ?-326N-HN      7.927    119.677      8.286     17239282         28 
        ?-326N-HN      8.869    119.658      8.290     13669091         22 
        ?-326N-HN      7.498    119.677      8.288      5566873          9 
        ?-326N-HN      7.716    119.677      8.286     12964562         21 
        ?-327N-HN      9.554    119.628      8.307     21719852         35 
        ?-327N-HN      8.019    119.684      8.311      6225301         10 
        ?-328N-HN      8.074    119.969      8.298      9589169         15 
        ?-328N-HN      7.930    119.993      8.299     53519136         86 
        ?-329N-HN      7.089    119.958      8.222      8339806         13 
        ?-329N-HN      7.896    119.859      8.222     10366183         17 
        ?-329N-HN      7.325    119.961      8.225      7715512         12 
        ?-329N-HN      8.224    119.903      8.221     70440672        113 
        ?-329N-HN      7.415    119.913      8.219      6275139         10 
        ?-329N-HN     10.833    119.929      8.222     37426572         60 
        ?-329N-HN      7.768    119.907      8.220     11343411         18 
        ?-330N-HN      8.006    120.028      8.177     10993125         18 
        ?-330N-HN      8.539    119.987      8.177      4862947          8 
        ?-331N-HN      8.557    119.648      8.051      5448329          9 
        ?-331N-HN      8.394    119.827      8.056      4857318          8 
        ?-331N-HN      6.848    119.766      8.049     11574847         19 
        ?-331N-HN      7.652    119.766      8.048     24816616         40 
        ?-331N-HN      8.187    119.778      8.049     10107452         16 
        ?-331N-HN      9.566    119.809      8.058      5364200          9 
        ?-332N-HN      7.825    120.125      8.028     75547608        121 
        ?-334N-HN      8.083    120.575      8.388      9822008         16 
        ?-334N-HN      8.764    120.390      8.389      9480538         15 
        ?-334N-HN      8.981    120.397      8.391      6350654         10 
        ?-335N-HN      7.685    120.700      8.385     19232542         31 
        ?-335N-HN      9.055    120.755      8.386      6091509         10 
        ?-335N-HN      7.882    120.674      8.384     11169073         18 
        ?-337N-HN      7.904    121.042      8.220     88667328        142 
        ?-338N-HN      7.544    121.985      8.339      8193297         13 
        ?-338N-HN      7.699    122.008      8.337     31767046         51 
        ?-338N-HN      7.185    122.018      8.338     26521450         43 
        ?-338N-HN      6.865    122.030      8.340      6512042         10 
        ?-339N-HN      7.744    121.861      8.322     15644192         25 
        ?-339N-HN      9.271    121.833      8.319     12947313         21 
        ?-339N-HN      6.924    121.832      8.320     14523055         23 
        ?-339N-HN      8.727    121.850      8.320     19593042         31 
        ?-340N-HN      7.398    121.433      8.305      5105083          8 
        ?-340N-HN      8.657    121.447      8.309     15902116         26 
        ?-340N-HN      7.067    121.391      8.307      5311714          9 
        ?-340N-HN      8.322    121.466      8.312     77503024        124 
        ?-340N-HN      7.639    121.466      8.310     13095732         21 
        ?-340N-HN      7.986    121.474      8.311     28911664         46 
        ?-346N-HN      8.775    122.253      8.274     10428511         17 
        ?-346N-HN      8.984    122.241      8.273      7357611         12 
        ?-347N-HN      8.332    120.419      8.129      7514271         12 
        ?-348N-HN      7.674    120.579      8.107     10336898         17 
        ?-348N-HN      7.864    120.551      8.108     33893468         54 
        ?-348N-HN      8.624    120.545      8.109      9966039         16 
        ?-348N-HN      8.496    120.568      8.109     19013578         31 
        ?-349N-HN      8.212    121.002      8.065      7549323         12 
        ?-349N-HN      8.591    121.075      8.065      7745969         12 
        ?-350N-HN     10.403    122.345      8.214     23356554         37 
        ?-352N-HN      8.420    121.625      8.185     12414846         20 
        ?-352N-HN      7.878    121.634      8.182     13920079         22 
        ?-353N-HN      7.839    121.978      8.140     10946281         18 
        ?-353N-HN      8.337    121.895      8.134      5329777          9 
        ?-354N-HN      8.737    121.808      8.125     22220286         36 
        ?-355N-HN      6.849    121.818      8.077      5934262         10 
        ?-355N-HN      8.077    121.814      8.076    686100736       1101 
        ?-355N-HN      8.678    121.797      8.076     11297557         18 
        ?-359N-HN      8.007    121.722      8.006    259289776        416 
        ?-359N-HN      8.248    121.734      8.006     86555656        139 
        ?-360N-HN      7.758    121.481      7.962     20471808         33 
        ?-360N-HN      8.446    121.500      7.963     17260112         28 
        ?-360N-HN      7.563    121.492      7.963     10137700         16 
        ?-360N-HN      8.764    121.503      7.961     12563815         20 
        ?-360N-HN      6.912    121.482      7.962      5822712          9 
        ?-361N-HN      8.567    121.353      7.990     16163845         26 
        ?-361N-HN      7.471    121.353      7.994      4766068          8 
        ?-362N-HN      8.996    121.146      8.021     10700717         17 
        ?-362N-HN      8.870    121.163      8.019     13917896         22 
        ?-362N-HN      8.499    121.166      8.019     11086429         18 
        ?-362N-HN      9.416    121.217      8.017      9626326         15 
        ?-364N-HN      6.610    121.441      7.920      4763225          8 
        ?-364N-HN      8.210    121.476      7.919     39803520         64 
        ?-365N-HN      8.300    121.172      7.931     83267192        134 
        ?-365N-HN      6.791    121.156      7.931     14463998         23 
        ?-365N-HN      7.568    121.184      7.931     15047917         24 
        ?-367N-HN      8.676    120.239      7.857      7971542         13 
        ?-367N-HN      9.067    120.192      7.864      7173064         12 
        ?-367N-HN      7.212    120.176      7.859      5672547          9 
        ?-370N-HN      8.023    120.708      7.831     49375536         79 
        ?-371N-HN      8.398    121.492      7.856      5150691          8 
        ?-372N-HN      8.290    121.772      7.839      5963146         10 
        ?-372N-HN      7.298    121.759      7.846      4706501          8 
        ?-372N-HN      8.709    121.795      7.838      5655515          9 
        ?-373N-HN      7.921    122.225      7.821     37408956         60 
        ?-374N-HN      8.277    122.348      7.877      5919499         10 
        ?-374N-HN      7.576    122.280      7.875      9459927         15 
        ?-374N-HN      7.187    122.275      7.870      7186757         12 
        ?-375N-HN      7.506    114.029      6.947     13989186         22 
        ?-376N-HN      7.510    113.532      6.943     16251640         26 
         2HN-N-HN      5.765    114.274      5.768     17790224         29 
        TRP2?-?-?     11.288    131.850     11.286     49003268         79 
         3HN-N-HN      5.269    126.444      5.266     37732136         61 
         4HN-N-HN      6.317    122.622      6.316     30937760         50 
        TRP4H-?-H     10.832    130.749     10.829     78461720        126 
         5HN-N-HN      6.438    120.309      6.438     75162616        121 
        TRP5?-?-?     10.499    128.365     10.496    129915808        209 
         6HN-N-HN      6.297    109.186      6.299     36744024         59 
        TRP6H-N-H     10.402    132.964     10.400     34402280         55 
         7HN-N-HN      6.291    110.275      6.301      6401493         10 
        TRP7?-?-?     10.019    129.547     10.016     95632264        154 
         8HN-N-HN      7.013    128.486      7.015      7057181         11 
        TRP8?-?-?     10.110    129.670     10.105    256169760        411 
         9HN-N-HN      7.153    125.756      7.151     47217780         76 
        TRP9?-?-?     10.173    131.362     10.169    203924544        327 
        10HN-N-HN      6.973    124.657      6.973     33598348         54 
       TRP10?-?-?     10.276    128.638     10.272     47135612         76 
        11HN-N-HN      6.665    121.357      6.668      4547074          7 
        12HN-N-HN      6.885    121.897      6.885     49282004         79 
        13HN-N-HN      7.081    122.306      7.084     12999571         21 
        14HN-N-HN      7.121    122.173      7.121     52168440         84 
        15HN-N-HN      7.201    122.892      7.211      6472290         10 
        16HN-N-HN      7.536    125.450      7.529     10261373         16 
        17HN-N-HN      7.491    124.261      7.488     60821172         98 
        18HN-N-HN      7.446    123.060      7.448     61584804         99 
        19HN-N-HN      7.556    124.028      7.556     39976280         64 
        20HN-N-HN      7.500    122.783      7.500     20790558         33 
        21HN-N-HN      7.408    121.488      7.407    102613992        165 
        22HN-N-HN      7.397    120.750      7.398     14199984         23 
        23HN-N-HN      7.372    120.265      7.371     57787224         93 
        24HN-N-HN      7.438    120.293      7.438     46060760         74 
        25HN-N-HN      7.474    120.806      7.468      9837265         16 
        26HN-N-HN      7.418    119.651      7.417    101916488        164 
        27HN-N-HN      7.403    118.599      7.408     20147238         32 
        28HN-N-HN      7.420    118.257      7.415     43184968         69 
        29HN-N-HN      7.336    118.235      7.335     22780018         37 
        30HN-N-HN      7.051    120.244      7.051     51929376         83 
        31HN-N-HN      7.103    119.964      7.104     66313200        106 
        32HN-N-HN      6.920    119.282      6.924     19258278         31 
        33HN-N-HN      6.857    119.150      6.844      7139087         11 
        34HN-N-HN      7.007    118.247      7.004     13712670         22 
        35HN-N-HN      6.963    117.443      6.958     10552918         17 
        36HN-N-HN      7.034    117.890      7.034     61843800         99 
        38HN-N-HN      6.888    115.800      6.907      6331692         10 
        40HN-N-HN      6.639    114.894      6.637      9215219         15 
        41HN-N-HN      6.787    114.751      6.791     26835476         43 
        42HN-N-HN      7.749    126.760      7.748     35685528         57 
        43HN-N-HN      7.636    125.647      7.634     30177232         48 
        44HN-N-HN      7.690    125.411      7.682     18094608         29 
        45HN-N-HN      7.646    124.614      7.648     14225040         23 
        47HN-N-HN      7.710    123.905      7.712     22828244         37 
        48HN-N-HN      7.947    127.754      7.950     14249751         23 
        49HN-N-HN      8.022    127.831      8.023     63495152        102 
        51HN-N-HN      8.215    129.602      8.214     87566384        141 
        52HN-N-HN      8.494    130.124      8.489     21466092         34 
        53HN-N-HN      8.737    130.739      8.735     31279612         50 
        54HN-N-HN      8.918    131.549      8.924      5417395          9 
        55HN-N-HN      8.987    130.683      8.987     29542348         47 
        56HN-N-HN      9.153    131.757      9.153     34852828         56 
        58HN-N-HN      9.249    132.416      9.248     38362680         62 
        59HN-N-HN      8.856    128.529      8.865      8327453         13 
        60HN-N-HN      9.126    129.431      9.126     34661272         56 
        61HN-N-HN      8.804    129.030      8.803    111850592        180 
        62HN-N-HN      8.498    128.811      8.485     64382768        103 
        63HN-N-HN      9.910    133.909      9.909     28168200         45 
        64HN-N-HN      9.311    128.758      9.309     46856564         75 
        65HN-N-HN      9.342    128.070      9.349      6818951         11 
        66HN-N-HN      9.515    127.461      9.518     14636108         23 
        67HN-N-HN      9.407    126.904      9.406     52484492         84 
        68HN-N-HN      9.058    127.755      9.059     24114770         39 
        69HN-N-HN      8.733    128.486      8.733     91413808        147 
        70HN-N-HN      8.408    128.015      8.410     67846568        109 
        71HN-N-HN      8.556    127.993      8.551      9169242         15 
        72HN-N-HN      8.748    127.893      8.749     29753530         48 
        73HN-N-HN      8.865    127.391      8.865     43355324         70 
        74HN-N-HN      8.913    126.884      8.911     23078728         37 
        75HN-N-HN      8.856    126.568      8.857     56792372         91 
        76HN-N-HN      8.821    126.460      8.819     50279296         81 
        77HN-N-HN      8.706    127.232      8.702      7654111         12 
        78HN-N-HN      8.583    127.500      8.579     18406628         30 
        79HN-N-HN      8.636    127.138      8.635     77980784        125 
        81HN-N-HN      8.597    126.548      8.594    114750752        184 
        83HN-N-HN      8.663    126.377      8.662     82505832        132 
        84HN-N-HN      8.722    126.213      8.720     70303560        113 
        85HN-N-HN      8.678    126.608      8.678     41355852         66 
        86HN-N-HN      9.081    125.823      9.088     15182284         24 
        87HN-N-HN      9.406    123.880      9.407     49730364         80 
        88HN-N-HN      8.675    124.927      8.683     29126620         47 
        89HN-N-HN      9.555    121.795      9.553     33048136         53 
        90HN-N-HN      9.414    121.963      9.408      8779155         14 
        91HN-N-HN      9.428    121.018      9.424     20438290         33 
        92HN-N-HN      9.187    122.190      9.187     57296372         92 
        93HN-N-HN      9.062    123.538      9.062     55757596         89 
        94HN-N-HN      9.035    123.422      9.036     21329784         34 
        95HN-N-HN      8.978    123.500      8.966     85876952        138 
        96HN-N-HN      8.978    122.920      8.978     32991870         53 
        98HN-N-HN      8.894    124.003      8.894    115991376        186 
        99HN-N-HN      8.901    123.908      8.874     21692500         35 
       100HN-N-HN      8.863    124.270      8.863     51400180         83 
       101HN-N-HN      8.842    123.451      8.848      8732874         14 
       102HN-N-HN      8.767    122.889      8.766     79109640        127 
       103HN-N-HN      9.022    122.105      9.035     75835376        122 
       104HN-N-HN      8.227    127.001      8.227     32294470         52 
       106HN-N-HN      8.402    125.707      8.400     41043892         66 
       109HN-N-HN      8.286    125.116      8.292     18698274         30 
       110HN-N-HN      8.001    125.355      8.001    225990928        363 
       111HN-N-HN      7.868    125.652      7.869     77646536        125 
       112HN-N-HN      7.915    125.268      7.914     16889446         27 
       113HN-N-HN      7.817    124.634      7.817     53055616         85 
       114HN-N-HN      8.590    125.073      8.590     50767236         81 
       115HN-N-HN      8.561    125.166      8.561     37516848         60 
       117HN-N-HN      9.194    120.235      9.196     14478752         23 
       118HN-N-HN      9.270    119.712      9.269     35367292         57 
       119HN-N-HN      8.993    120.755      8.996     20262010         33 
       120HN-N-HN      8.968    120.600      8.968     27020492         43 
       121HN-N-HN      8.758    122.117      8.760      7995843         13 
       122HN-N-HN      8.817    121.800      8.818     41421152         66 
       123HN-N-HN      8.685    122.928      8.685     49254516         79 
       124HN-N-HN      8.635    122.958      8.632     82698504        133 
       126HN-N-HN      8.666    122.555      8.670      6893264         11 
       127HN-N-HN      8.633    122.321      8.634     35643816         57 
       128HN-N-HN      8.542    123.959      8.542     20432078         33 
       129HN-N-HN      8.557    122.656      8.554     46918088         75 
       130HN-N-HN      8.557    122.656      8.577     23511956         38 
       133HN-N-HN      8.281    124.564      8.274      5799109          9 
       134HN-N-HN      8.753    121.159      8.750      9189659         15 
       135HN-N-HN      8.828    120.762      8.828    214981200        345 
       136HN-N-HN      8.780    120.066      8.776      6647922         11 
       138HN-N-HN      8.735    119.721      8.736     24454974         39 
       139HN-N-HN      8.991    119.301      8.997      7002862         11 
       142HN-N-HN      9.249    116.249      9.235      4559275          7 
       143HN-N-HN      9.115    117.592      9.116     29866706         48 
       144HN-N-HN      9.074    118.247      9.061     13549282         22 
       146HN-N-HN      8.807    118.413      8.801     18342150         29 
       147HN-N-HN      8.752    117.815      8.751     85073440        137 
       148HN-N-HN      8.762    117.714      8.769     29493720         47 
       149HN-N-HN      8.813    117.058      8.797     10634447         17 
       150HN-N-HN      8.854    116.841      8.855     13135212         21 
       151HN-N-HN      8.839    116.296      8.838     25571222         41 
       152HN-N-HN      8.701    115.358      8.703      2622228          4 
       153HN-N-HN      8.669    116.228      8.667      9538508         15 
       154HN-N-HN      8.675    117.305      8.675     22341848         36 
       155HN-N-HN      8.605    116.512      8.601     35009912         56 
       156HN-N-HN      8.591    117.574      8.592     12273213         20 
       158HN-N-HN      8.397    116.484      8.400     10831593         17 
       159HN-N-HN      8.390    117.257      8.389     43811048         70 
       160HN-N-HN      8.449    117.197      8.449     32397898         52 
       161HN-N-HN      8.480    117.669      8.479     32716908         53 
       163HN-N-HN      8.435    118.424      8.430     26416878         42 
       164HN-N-HN      8.421    118.639      8.421     47655416         76 
       165HN-N-HN      8.363    118.770      8.362     16560062         27 
       166HN-N-HN      8.657    119.035      8.668      4699604          8 
       167HN-N-HN      8.624    119.737      8.628     23170218         37 
       168HN-N-HN      8.480    119.297      8.479     38229384         61 
       169HN-N-HN      8.505    119.620      8.521     44956108         72 
       170HN-N-HN      8.544    120.170      8.529     31336396         50 
       171HN-N-HN      8.537    120.170      8.549     38050372         61 
       172HN-N-HN      8.388    119.296      8.382     21311324         34 
       173HN-N-HN      8.417    119.224      8.414     15571955         25 
       175HN-N-HN      8.933    113.153      8.933     47491092         76 
       176HN-N-HN      8.867    112.750      8.881     13099842         21 
       177HN-N-HN      8.587    114.354      8.588      3802109          6 
       178HN-N-HN      8.455    113.720      8.487     10290173         17 
       179HN-N-HN      8.614    112.638      8.617      8076390         13 
       180HN-N-HN      8.261    114.075      8.262    131899096        212 
       183HN-N-HN      8.157    114.969      8.156     21392562         34 
       184HN-N-HN      8.388    112.844      8.396     14340086         23 
       189HN-N-HN      8.088    114.732      8.078     30108192         48 
       190HN-N-HN      8.004    114.351      7.998     26505030         43 
       191HN-N-HN      8.124    113.587      8.131      9208837         15 
       192HN-N-HN      7.982    113.789      7.984     24410624         39 
       193HN-N-HN      7.862    113.433      7.862     22695628         36 
       196HN-N-HN      8.418    110.977      8.417    553161152        888 
       197HN-N-HN      8.309    110.696      8.308     74966912        120 
       198HN-N-HN      8.220    110.676      8.220     13112374         21 
       200HN-N-HN      8.204    106.684      8.203     45010136         72 
       201HN-N-HN      7.858    105.622      7.865     36337192         58 
       203HN-N-HN      7.194    104.888      7.196      8837195         14 
       204HN-N-HN      7.185    107.215      7.184    184346480        296 
       205HN-N-HN      7.877    109.858      7.867     15715837         25 
       208HN-N-HN      7.655    109.039      7.654      7466188         12 
       209HN-N-HN      7.543    108.692      7.551      6306101         10 
       210HN-N-HN      7.198    109.358      7.194     21222438         34 
       211HN-N-HN      7.155    109.252      7.156     47309644         76 
       212HN-N-HN      7.085    109.499      7.083     32917798         53 
       213HN-N-HN      7.086    109.981      7.093     14135401         23 
       214HN-N-HN      7.040    109.940      7.041     60031768         96 
       217HN-N-HN      7.168    110.899      7.170     66934016        107 
       218HN-N-HN      7.146    110.335      7.149      8712441         14 
       220HN-N-HN      7.050    112.307      7.054     21186118         34 
       221HN-N-HN      6.514    109.855      6.513     12647204         20 
       222HN-N-HN      6.598    109.893      6.600     41850540         67 
       224HN-N-HN      6.563    111.634      6.566     38956024         63 
       225HN-N-HN      6.598    110.972      6.605      8432361         14 
       226HN-N-HN      6.658    110.850      6.660     66298976        106 
       228HN-N-HN      6.769    111.359      6.770     75678680        121 
       229HN-N-HN      6.670    112.270      6.673     63120488        101 
       230HN-N-HN      6.703    111.962      6.705     67673688        109 
       231HN-N-HN      6.657    111.920      6.658     17715838         28 
       232HN-N-HN      6.671    113.357      6.672     23913870         38 
       233HN-N-HN      6.861    114.484      6.978     12520200         20 
       234HN-N-HN      6.820    114.202      6.933     18562540         30 
       235HN-N-HN      7.614    110.585      7.617     21125216         34 
       236HN-N-HN      7.587    111.416      7.587     77099464        124 
       238HN-N-HN      7.389    111.866      7.391     99005632        159 
       239HN-N-HN      7.327    112.086      7.327     68421712        110 
       240HN-N-HN      7.246    112.235      7.248     23477456         38 
       242HN-N-HN      7.515    112.509      7.511     62986424        101 
       243HN-N-HN      7.359    112.340      7.357     53203336         85 
       244HN-N-HN      7.533    120.204      7.531    125800384        202 
       245HN-N-HN      7.573    120.792      7.571     84129152        135 
       246HN-N-HN      7.621    121.268      7.620     57710508         93 
       247HN-N-HN      7.650    121.694      7.648     29674372         48 
       248HN-N-HN      7.656    121.875      7.656     32998946         53 
       249HN-N-HN      7.603    122.513      7.598     13005304         21 
       250HN-N-HN      7.612    123.301      7.610     52100068         84 
       251HN-N-HN      7.594    123.657      7.589     19054062         31 
       252HN-N-HN      7.686    123.017      7.691     28739030         46 
       253HN-N-HN      7.679    123.281      7.693      8669802         14 
       254HN-N-HN      7.999    124.054      7.997     39399168         63 
       255HN-N-HN      7.999    123.780      7.996     48016916         77 
       256HN-N-HN      7.935    123.285      7.933    139122128        223 
       257HN-N-HN      7.902    124.063      7.897    548927104        881 
       258HN-N-HN      7.863    123.840      7.867     35051784         56 
       259HN-N-HN      7.829    123.250      7.829     97937224        157 
       260HN-N-HN      7.704    122.488      7.713     23124530         37 
       261HN-N-HN      7.760    122.356      7.759     27831234         45 
       263HN-N-HN      7.829    123.588      7.832     30326948         49 
       264HN-N-HN      8.527    122.145      8.527    733860928       1178 
       265HN-N-HN      8.493    121.961      8.493     30764304         49 
       266HN-N-HN      8.485    123.139      8.485     63100892        101 
       267HN-N-HN      8.457    123.259      8.449     11461948         18 
       268HN-N-HN      8.392    123.406      8.391    250411824        402 
       269HN-N-HN      8.341    123.812      8.337     29422066         47 
       270HN-N-HN      8.355    123.736      8.351     25842116         41 
      W270H-Nsc-H     10.964    128.774     10.962     22807794         37 
  W270Hsc-Nsc-Hsc     10.951    134.090     10.946     11829270         19 
 W270Hsc-G312N-HN     10.944    108.273      2.970     15417553         25 
       271HN-N-HN      8.272    123.735      8.268     51189532         82 
       272HN-N-HN      8.142    123.912      8.160     17361030         28 
       273HN-N-HN      8.210    123.860      8.211     11068796         18 
       274HN-N-HN      8.082    123.288      8.082     87514392        140 
       275HN-N-HN      8.131    123.385      8.131    708820352       1138 
       276HN-N-HN      8.092    122.733      8.091    134901456        217 
       277HN-N-HN      8.081    122.357      8.098      6332949         10 
       278HN-N-HN      8.245    123.184      8.244    714146752       1146 
       279HN-N-HN      8.189    123.355      8.189    284048256        456 
       280HN-N-HN      8.404    123.080      8.406    396299744        636 
       282HN-N-HN      8.368    122.914      8.366   1110684544       1783 
       284HN-N-HN      8.380    122.422      8.382    171189488        275 
       285HN-N-HN      8.468    122.768      8.466     64930932        104 
       286HN-N-HN      8.396    121.792      8.398     18997046         30 
       287HN-N-HN      7.355    115.072      7.353     21459410         34 
       288HN-N-HN      7.736    113.163      7.737     48440768         78 
       289HN-N-HN      7.665    113.113      7.663     15075836         24 
       290HN-N-HN      7.734    114.164      7.738     31819832         51 
       291HN-N-HN      7.606    114.508      7.722     11376965         18 
       292HN-N-HN      7.427    117.343      7.419      9583314         15 
       293HN-N-HN      7.505    116.842      7.507     25870344         42 
       294HN-N-HN      7.511    117.354      7.511     14336616         23 
       295HN-N-HN      7.493    118.138      7.495     13353098         21 
       297HN-N-HN      7.749    116.975      7.734     20864458         33 
       299HN-N-HN      7.773    117.459      7.772     83643640        134 
       300HN-N-HN      7.944    117.637      7.949     30391050         49 
       301HN-N-HN      8.155    117.494      8.145      5721021          9 
       302HN-N-HN      8.192    117.496      8.190     59078944         95 
       303HN-N-HN      8.240    116.864      8.235     63785748        102 
       304HN-N-HN      8.254    116.802      8.250     43267864         69 
       305HN-N-HN      8.056    118.524      8.055     37395368         60 
       306HN-N-HN      7.933    118.384      7.939     33716660         54 
       307HN-N-HN      7.759    118.158      7.758     57341812         92 
       308HN-N-HN      7.640    118.232      7.639     43550400         70 
       309HN-N-HN      7.687    118.631      7.687    168806384        271 
       310HN-N-HN      7.835    119.195      7.833    399533760        641 
       311HN-N-HN      7.885    118.972      7.884     91620768        147 
      A311HN-N-HN      8.078    126.348      8.079     32908562         53 
       312HN-N-HN      7.671    120.439      7.670     32289624         52 
G312HNfold-W270Nsc-Hsc      9.771    134.097     10.947     -7420590         12 
  G312HNfold-N-HN      9.763    108.269      2.970    -50323600         81 
       313HN-N-HN      7.731    120.669      7.724     35866480         58 
       314HN-N-HN      7.747    121.563      7.745    741136320       1190 
       315HN-N-HN      7.706    121.344      7.694     15918422         26 
       316HN-N-HN      8.332    118.028      8.329    216882288        348 
       317HN-N-HN      8.239    117.955      8.251    109353720        176 
       318HN-N-HN      8.206    118.580      8.207     33593272         54 
       319HN-N-HN      7.818    120.133      7.814     51666688         83 
       321HN-N-HN      7.911    118.730      7.914     53063560         85 
       322HN-N-HN      7.927    119.053      7.929     20959434         34 
       324HN-N-HN      8.190    118.915      8.189     64763140        104 
       325HN-N-HN      8.264    119.159      8.265     38983364         63 
       326HN-N-HN      8.286    119.657      8.288     34338360         55 
       327HN-N-HN      8.306    119.658      8.313     31652214         51 
       328HN-N-HN      8.309    119.982      8.298     24132574         39 
       330HN-N-HN      8.173    120.030      8.180     26868772         43 
       331HN-N-HN      8.057    119.764      8.051     34758516         56 
       332HN-N-HN      8.023    120.108      8.027     66484108        107 
       333HN-N-HN      7.974    119.384      7.969     10488614         17 
       334HN-N-HN      8.391    120.438      8.390     51577780         83 
       335HN-N-HN      8.390    120.786      8.385     30721188         49 
       337HN-N-HN      8.221    121.045      8.220    325636160        523 
       338HN-N-HN      8.338    121.983      8.338    284305568        456 
       339HN-N-HN      8.324    121.839      8.323    211343216        339 
       341HN-N-HN      8.302    121.725      8.288     16977358         27 
       345HN-N-HN      8.258    122.161      8.260    166824288        268 
       346HN-N-HN      8.281    122.241      8.276    100525680        161 
       347HN-N-HN      8.125    120.435      8.129     17505494         28 
       348HN-N-HN      8.099    120.565      8.106     41289348         66 
       349HN-N-HN      8.068    121.056      8.067     92951728        149 
       350HN-N-HN      8.226    122.294      8.214     93328392        150 
       351HN-N-HN      8.207    122.034      8.211     59882716         96 
       352HN-N-HN      8.184    121.632      8.183     44403432         71 
       353HN-N-HN      8.137    121.977      8.136    122142944        196 
       354HN-N-HN      8.132    121.946      8.121     28583664         46 
       356HN-N-HN      8.064    121.597      8.060    118632352        190 
       357HN-N-HN      8.043    121.476      8.046     19763696         32 
       358HN-N-HN      8.036    121.899      8.034     24299480         39 
       360HN-N-HN      7.971    121.539      7.971     79893168        128 
       361HN-N-HN      8.002    121.353      7.997     88368304        142 
       362HN-N-HN      8.018    121.166      8.017    151062304        242 
       363HN-N-HN      8.002    121.072      8.000     45175432         73 
       364HN-N-HN      7.917    121.476      7.919   1818442240       2919 
       365HN-N-HN      7.932    121.164      7.931    449103296        721 
       366HN-N-HN      7.884    120.138      7.882     16087632         26 
       367HN-N-HN      7.861    120.210      7.859     14538223         23 
       370HN-N-HN      7.828    120.719      7.830    131197744        211 
       371HN-N-HN      7.856    121.433      7.855    407921696        655 
       372HN-N-HN      7.841    121.796      7.840    228925824        367 
       373HN-N-HN      7.812    122.225      7.821     30276668         49 
       374HN-N-HN      7.875    122.264      7.874     50308432         81 
       375HN-N-HN      6.830    114.054      6.947     26104284         42 
       376HN-N-HN      6.824    113.527      6.941     17434380         28 
