         4CB-N-HN     69.595    122.655      6.319     11148219          5
         5CB-N-HN     55.626    120.215      6.385     19926360          9 
         6CB-N-HN     56.981    109.268      6.306     18135860          8 
         7CB-N-HN     56.561    110.625      6.305     15682526          7 
         8CB-N-HN     52.519    128.401      7.020     13527537          6 
         9CB-N-HN     43.135    125.723      7.149     53957944         24 
        10CB-N-HN     45.004    124.560      6.966     28595960         13 
        11CB-N-HN     43.540    121.400      6.661     15870411          7 
        12CB-N-HN     55.308    121.829      6.881     23497616         10 
        13CB-N-HN     45.196    122.147      7.065     10865675          5 
        14CB-N-HN     53.623    122.064      7.108     33536428         15 
        15CB-N-HN     21.944    122.976      7.257     12353948          6 
        16CB-N-HN     67.176    125.215      7.514     14860712          7 
        17CB-N-HN     55.233    124.181      7.476     37733432         17 
        18CB-N-HN     47.311    123.022      7.431     24030918         11 
       18CBPRIME-N-HN     69.941    123.033      7.418     12943468          6
        19CB-N-HN     66.330    123.986      7.536     30562866         14 
        21CB-N-HN     54.416    121.502      7.395     28145544         13 
        22CB-N-HN     25.811    120.571      7.388     12658353          6 
        23CB-N-HN     53.585    120.227      7.355     29051758         13 
        24CB-N-HN     43.476    120.266      7.421     35190008         16 
        26CB-N-HN     21.689    119.677      7.399     33426834         15 
        27CB-N-HN     56.073    118.340      7.406     25751584         11 
        28CB-N-HN     56.073    118.340      7.406     25751584         11 
        29CB-N-HN     43.287    118.203      7.298     15266248          7 
        30CB-N-HN     52.749    120.210      7.032     30315666         13 
        31CB-N-HN     38.208    120.045      7.117      8351470          4 
        32CB-N-HN     57.228    119.309      6.909     16499319          7 
        34CB-N-HN     65.214    118.321      6.995     13937833          6 
        35CB-N-HN     20.715    117.382      6.952     22705070         10 
        36CB-N-HN     52.264    117.843      7.016     18445008          8 
        37CB-N-HN     52.963    117.911      7.036     20794578          9 
        38CB-N-HN     52.850    115.752      6.848     16969006          8 
        40CB-N-HN     59.336    114.954      6.639     27912132         12 
        41CB-N-HN     32.227    115.069      6.786     33668716         15 
        42CB-N-HN     52.691    126.646      7.725     37408700         17 
        43CB-N-HN     49.999    125.546      7.651     14601131          7 
        44CB-N-HN     28.046    125.507      7.675      9507894          4 
        45CB-N-HN     66.749    124.579      7.643     15825774          7 
        47CB-N-HN     47.168    123.808      7.692     20288576          9 
        48CB-N-HN     51.972    127.746      7.933     16732258          7 
        49CB-N-HN     48.988    127.897      8.014     11310141          5 
        51CB-N-HN     54.155    129.600      8.197     37928032         17 
        52CB-N-HN     67.299    130.106      8.471     27085012         12 
       52CBPRIME-N-HN     44.662    130.084      8.476     18180252          8
        53CB-N-HN     45.385    130.750      8.733     20628762          9 
        55CB-N-HN     54.948    130.657      8.973     13060906          6 
        56CB-N-HN     42.917    131.892      9.146     11548439          5 
        58CB-N-HN     51.850    132.507      9.268     12389206          6 
        60CB-N-HN     51.741    129.606      9.133     22514206         10 
        61CB-N-HN     40.967    128.989      8.793     23251796         10 
        62CB-N-HN     43.369    128.834      8.469     16326366          7 
        64CB-N-HN     55.633    128.752      9.280     19657918          9 
        65CB-N-HN     44.184    128.059      9.340      9467241          4 
        66CB-N-HN     67.123    127.522      9.516     14696002          7 
        67CB-N-HN     66.715    127.042      9.439     16740922          7 
        68CB-N-HN     45.050    127.572      9.044     12734424          6 
        69CB-N-HN     56.695    128.323      8.707     45780916         20 
        70CB-N-HN     66.257    128.011      8.399     18278996          8 
        72CB-N-HN     42.945    127.812      8.733     13089435          6 
        73CB-N-HN     56.167    127.377      8.858     15106396          7 
       73CBPRIME-N-HN     21.751    127.452      8.846     13745638          6
        74CB-N-HN     47.718    127.002      8.912     18497188          8 
        76CB-N-HN     44.254    126.474      8.800     21036862          9 
        79CB-N-HN     45.754    127.076      8.622     31714650         14 
        80CB-N-HN     44.817    126.848      8.487     16229609          7 
        81CB-N-HN     57.201    126.474      8.590     23206418         10 
        83CB-N-HN     58.037    126.434      8.649     39806992         18 
        84CB-N-HN     53.770    126.211      8.704     35193316         16 
        87CB-N-HN     55.931    124.451      9.406     17720766          8 
        89CB-N-HN     51.248    121.808      9.541     15732345          7 
        91CB-N-HN     16.454    120.926      9.395     19794300          9 
        92CB-N-HN     45.307    122.184      9.162     14746999          7 
        95CB-N-HN     40.960    123.484      8.954     28216268         13 
        96CB-N-HN     46.391    122.787      8.975     15551296          7 
        98CB-N-HN     55.451    124.055      8.881     52009940         23 
       102CB-N-HN     53.153    122.848      8.755     33084394         15 
       103CB-N-HN     50.936    122.032      9.020     17830024          8 
       104CB-N-HN     57.322    127.004      8.219     20082478          9 
       106CB-N-HN     44.680    125.685      8.400     15563241          7 
       109CB-N-HN     44.579    125.037      8.286     39007756         17 
       110CB-N-HN     66.800    125.352      7.987    370861792        165 
       111CB-N-HN     44.704    125.641      7.854    473049024        211 
      111CBPRIME-N-HN     46.864    125.635      7.854    175625872         78
       113CB-N-HN     66.463    124.477      7.812     59910768         27 
       114CB-N-HN     44.786    125.052      8.565     54442244         24 
       115CB-N-HN     55.445    125.081      8.538     24077030         11 
       118CB-N-HN     57.429    119.711      9.261     23310400         10 
       125CB-N-HN     51.500    122.677      8.612     39881416         18 
       128CB-N-HN     55.653    123.942      8.528     88681672         39 
       132CB-N-HN     44.903    124.786      8.394     15595790          7 
       133CB-N-HN     53.262    124.332      8.266     13610006          6 
       135CB-N-HN     54.611    120.742      8.812     89951648         40 
       147CB-N-HN     67.307    117.840      8.739     30442632         14 
       148CB-N-HN     48.390    117.746      8.742     18867996          8 
       153CB-N-HN     51.606    116.270      8.646     16475136          7 
       154CB-N-HN     45.190    117.354      8.656     13473488          6 
       155CB-N-HN     53.797    116.618      8.589     13434653          6 
       159CB-N-HN     43.830    117.282      8.366     23473430         10 
       163CB-N-HN     43.794    118.343      8.425     17349060          8 
       165CB-N-HN     56.528    118.740      8.362     19495904          9 
       167CB-N-HN     54.621    119.605      8.619     15655096          7 
       168CB-N-HN     44.060    119.521      8.471     19099432          9 
       170CB-N-HN     53.824    120.054      8.521     24529406         11 
       175CB-N-HN     16.586    113.128      8.934     13920823          6 
       177CB-N-HN     45.189    114.429      8.571     11724290          5 
      182CBPRIME-N-HN     30.525    114.676      8.196     74623120         33
       185CB-N-HN     57.666    116.701      7.997     21225342          9 
       186CB-N-HN     20.622    115.890      7.879     19571530          9 
       192CB-N-HN     20.412    113.778      7.990     20132062          9 
       193CB-N-HN     54.134    113.424      7.863     16101255          7 
      196CBPRIME-N-HN     55.485    110.952      8.402     95228520         42
      198CBPRIME-N-HN     55.723    110.700      8.209     24858218         11
       210CB-N-HN     13.268    109.347      7.185     18121494          8 
       217CB-N-HN     58.255    110.886      7.158     23570818         10 
       220CB-N-HN     46.414    112.237      7.056     16544834          7 
       222CB-N-HN     58.166    109.728      6.594     14357765          6 
       225CB-N-HN     58.232    111.311      6.590     13108803          6 
       226CB-N-HN     58.219    110.941      6.656     17858378          8 
       229CB-N-HN     58.278    112.200      6.656     27879692         12 
       230CB-N-HN     57.882    111.974      6.693     26689166         12 
       234CB-N-HN     56.531    114.341      6.932     44857288         20 
       241CB-N-HN     57.296    112.923      7.564     32667974         15 
       243CB-N-HN     58.230    112.292      7.325     28348480         13 
       244CB-N-HN     58.078    120.198      7.525     15932652          7 
       245CB-N-HN     44.735    120.838      7.562     67447968         30 
       246CB-N-HN     51.473    121.227      7.610     38935932         17 
       248CB-N-HN     68.087    122.039      7.646     22272864         10 
       250CB-N-HN     43.577    123.287      7.596     39304480         18 
       252CB-N-HN     56.065    122.701      7.676     19456892          9 
       253CB-N-HN     53.520    123.132      7.698     14513369          6 
      253CBPRIME-N-HN     45.739    123.294      7.686     20189094          9
       255CB-N-HN     43.643    123.755      7.945    163670976         73 
      255CBPRIME-N-HN     56.028    123.759      7.945     74878952         33
       256CB-N-HN     68.159    123.324      7.927     25800064         11 
       257CB-N-HN     66.706    124.062      7.890    626853504        279 
      257CBPRIME-N-HN     44.623    124.062      7.890    201330496         90
       258CB-N-HN     56.434    123.742      7.857     33429744         15 
       259CB-N-HN     67.172    123.309      7.818    114432352         51 
      259CBPRIME-N-HN     53.671    123.306      7.817     36133680         16
       264CB-N-HN     55.787    122.127      8.508    422992288        188 
      264CBPRIME-N-HN     53.782    122.130      8.508    221494544         99
       266CB-N-HN     55.445    122.942      8.454     76630704         34 
       268CB-N-HN     42.685    123.439      8.380     32216792         14 
      268CBPRIME-N-HN     40.758    123.488      8.377     19581676          9
       271CB-N-HN     64.177    123.691      8.250     21661112         10 
       274CB-N-HN     43.892    122.984      8.071     38245508         17 
       275CB-N-HN     53.642    123.349      8.115    683350848        304 
      275CBPRIME-N-HN     66.786    123.354      8.115    266325376        119
       278CB-N-HN     43.728    123.140      8.229    511484256        228 
      278CBPRIME-N-HN     53.900    123.167      8.230    262976928        117
       279CB-N-HN     51.552    123.365      8.171     29229294         13 
       286CB-N-HN     44.498    121.796      8.387     82472616         37 
       292CB-N-HN     57.178    117.259      7.389     15411299          7 
       293CB-N-HN     56.741    116.888      7.478     12605139          6 
       295CB-N-HN     57.822    118.107      7.478     15058803          7 
       299CB-N-HN     48.239    117.400      7.751     57514468         26 
      299CBPRIME-N-HN     54.242    117.293      7.763     27020708         12
       300CB-N-HN     46.673    117.613      7.956     58324724         26 
       302CB-N-HN     55.911    117.790      8.184     26284850         12 
       303CB-N-HN     21.991    116.894      8.225    213600896         95 
      303CBPRIME-N-HN     44.852    116.866      8.226     65903236         29
       304CB-N-HN     46.043    116.859      8.228     38034936         17 
      304CBPRIME-N-HN     53.562    116.722      8.228     19391960          9
       305CB-N-HN     44.608    118.628      8.045    141076096         63 
      305CBPRIME-N-HN     66.832    118.628      8.047     50807320         23
       306CB-N-HN     54.483    118.482      7.940     25236190         11 
       307CB-N-HN     57.476    118.096      7.746     22876402         10 
       309CB-N-HN     52.102    118.598      7.671     87595944         39 
      309CBPRIME-N-HN     66.326    118.622      7.670     36909748         16
       310CB-N-HN     52.884    119.096      7.812    374506784        167 
      310CBPRIME-N-HN     44.734    119.076      7.813    125548848         56
       311CB-N-HN     46.345    118.949      7.866    165008768         73 
      A311CB-N-HN     66.887    126.333      8.063     56418276         25 
       313CB-N-HN     43.968    120.637      7.711     27739764         12 
      313CBPRIME-N-HN     67.739    120.554      7.706     26725576         12
       314CB-N-HN     46.752    121.544      7.735    740751680        330 
      314CBPRIME-N-HN     44.668    121.514      7.734    266994464        119
       316CB-N-HN     21.436    118.011      8.311    361756960        161 
      316CBPRIME-N-HN     55.645    118.009      8.312    124620944         55
       317CB-N-HN     21.592    117.896      8.237     45326060         20 
       324CB-N-HN     47.652    118.967      8.186     23322574         10 
       328CB-N-HN     44.692    119.998      8.282     47915432         21 
      328CBPRIME-N-HN     46.378    119.946      8.280     22685140         10
       331CB-N-HN     67.991    119.700      8.049     21980988         10 
       332CB-N-HN     56.114    120.107      8.017     41012368         18 
       337CB-N-HN     44.513    121.341      8.214    755845760        337 
       339CB-N-HN     44.501    121.738      8.326    141943440         63 
       347CB-N-HN     56.483    120.458      8.112     87528616         39 
       348CB-N-HN     44.413    120.563      8.109     32195854         14 
       353CB-N-HN     55.690    121.952      8.136    202356992         90 
      353CBPRIME-N-HN     46.732    122.072      8.137     50598468         23
       354CB-N-HN     53.005    121.997      8.118    139587456         62 
       355CB-N-HN     52.923    121.664      8.062    378951392        169 
      355CBPRIME-N-HN     44.287    121.762      8.077    140769376         63
      357CBPRIME-N-HN     55.265    121.472      8.053    174276368         78
       359CB-N-HN     55.753    121.725      7.997    130849688         58 
       364CB-N-HN     53.314    121.436      7.909    976021120        435 
      364CBPRIME-N-HN     66.698    121.434      7.909    386014464        172
       365CB-N-HN     44.321    121.159      7.914    499530304        222 
       370CB-N-HN     53.574    120.664      7.810     95435904         42 
       371CB-N-HN     51.868    121.443      7.839    224251904        100 
      371CBPRIME-N-HN     66.861    121.427      7.845    101341312         45
       375CB-N-HN     57.997    113.718      6.923     27604176         12 
