         2CA-N-HN     58.590    114.215      5.774     19780396          9
         3CA-N-HN     55.967    126.474      5.264     13603641          6 
         4CA-N-HN     49.834    122.594      6.311     40370036         18 
        4CAPRIME-N-HN     49.256    122.608      6.317     26731844         12
         5CA-N-HN     56.740    120.244      6.407    111654744         49 
        5CAPRIME-N-HN     58.258    120.246      6.409     42743328         19
         6CA-N-HN     63.646    109.281      6.302     20294936          9 
         7CA-N-HN     63.687    110.638      6.312     26973436         12 
         8CA-N-HN     52.688    128.488      7.019     57789372         25 
        8CAPRIME-N-HN     57.429    128.513      7.012     25867044         11
         9CA-N-HN     52.591    125.721      7.154    183725840         80 
        9CAPRIME-N-HN     44.465    125.715      7.153     53289880         23
        10CA-N-HN     53.525    124.581      6.969    114263736         50 
        11CA-N-HN     52.852    121.341      6.668     51684556         23 
        12CA-N-HN     49.565    121.875      6.884    159718384         70 
       12CAPRIME-N-HN     59.340    121.823      6.883     35222008         15
        13CA-N-HN     56.886    122.261      7.083     31909936         14 
        14CA-N-HN     54.788    122.174      7.120     83755520         37 
        15CA-N-HN     56.762    123.043      7.262     45926004         20 
       15CAPRIME-N-HN     55.488    123.023      7.259     14676022          6
        16CA-N-HN     54.865    125.363      7.518     37111044         16 
        17CA-N-HN     57.302    124.212      7.483    105675368         46 
       17CAPRIME-N-HN     55.463    124.200      7.484     20653678          9
        18CA-N-HN     58.551    123.064      7.443     75183472         33 
       18CAPRIME-N-HN     49.859    122.980      7.447     27365554         12
        19CA-N-HN     54.354    124.004      7.551     70989576         31 
       19CAPRIME-N-HN     66.045    124.026      7.549     23127608         10
        20CA-N-HN     52.887    122.726      7.492     33975156         15 
        21CA-N-HN     58.627    121.499      7.402     75755648         33 
       21CAPRIME-N-HN     59.893    121.526      7.405     25415556         11
        22CA-N-HN     57.357    120.660      7.390     44165008         19 
        23CA-N-HN     61.584    120.242      7.368     88669736         39 
       23CAPRIME-N-HN     52.038    120.149      7.374     21831446         10
        24CA-N-HN     55.868    120.270      7.430    100908400         44 
        25CA-N-HN     64.512    120.758      7.481     24366434         11 
       25CAPRIME-N-HN     60.660    120.638      7.462     15720977          7
        26CA-N-HN     58.121    119.627      7.407    106513560         47 
       26CAPRIME-N-HN     60.963    119.641      7.408     47751168         21
        27CA-N-HN     58.703    118.585      7.405     72293200         32 
        28CA-N-HN     58.541    118.348      7.412     77583712         34 
        29CA-N-HN     54.681    118.206      7.318     64908876         28 
       29CAPRIME-N-HN     44.973    118.199      7.315     16200022          7
        30CA-N-HN     53.035    120.191      7.048     78639192         34 
        31CA-N-HN     64.992    119.961      7.105     58718660         26 
       31CAPRIME-N-HN     55.147    119.938      7.101     24710612         11
        32CA-N-HN     58.116    119.268      6.923     43309880         19 
       32CAPRIME-N-HN     59.697    119.243      6.934     18538006          8
        33CA-N-HN     64.357    119.120      6.832     22444018         10 
        34CA-N-HN     49.098    118.303      7.010     27166558         12 
        35CA-N-HN     58.059    117.459      6.954     84676904         37 
       35CAPRIME-N-HN     53.696    117.558      6.958     11526563          5
        36CA-N-HN     61.719    117.881      7.024     79872752         35 
        37CA-N-HN     55.466    117.922      7.053     50433548         22 
        38CA-N-HN     53.493    115.670      6.868     59144436         26 
        40CA-N-HN     42.645    114.926      6.645    130609064         57 
        41CA-N-HN     68.630    115.075      6.789     67061132         29 
        42CA-N-HN     56.688    126.582      7.729     49886748         22 
       42CAPRIME-N-HN     45.583    126.576      7.729     27304332         12
        43CA-N-HN     53.613    125.701      7.646     45685756         20 
       43CAPRIME-N-HN     56.438    125.625      7.642     23571722         10
        44CA-N-HN     56.991    125.412      7.680     23317718         10 
       44CAPRIME-N-HN     64.847    125.363      7.666     13479753          6
        45CA-N-HN     55.202    124.523      7.637     23640528         10 
        47CA-N-HN     64.464    123.788      7.701     55157200         24 
       47CAPRIME-N-HN     57.079    123.806      7.703     16453369          7
        48CA-N-HN     60.936    127.754      7.947     62912288         27 
        49CA-N-HN     49.490    127.853      8.019     79210216         35 
       49CAPRIME-N-HN     61.201    127.824      8.014     39903180         17
        50CA-N-HN     52.235    129.500      8.046     36023316         16 
       50CAPRIME-N-HN     57.493    129.486      8.046     18879964          8
        51CA-N-HN     54.896    129.615      8.208    130101040         57 
       51CAPRIME-N-HN     56.131    129.579      8.207     61921036         27
        52CA-N-HN     52.609    130.093      8.475     84160976         37 
       52CAPRIME-N-HN     53.925    130.104      8.478     55157832         24
        53CA-N-HN     57.820    130.751      8.740     51564208         23 
       53CAPRIME-N-HN     53.011    130.740      8.741     28945196         13
        54CA-N-HN     56.687    131.553      8.899     24594092         11 
       54CAPRIME-N-HN     63.585    131.529      8.903     12800657          6
        55CA-N-HN     55.072    130.671      8.974     41815008         18 
        56CA-N-HN     53.493    131.766      9.156     53380512         23 
       56CAPRIME-N-HN     52.349    131.768      9.160     26825112         12
        58CA-N-HN     53.114    132.416      9.260     39012844         17 
       58CAPRIME-N-HN     61.900    132.434      9.254     23848158         10
        59CA-N-HN     57.857    128.596      8.834     39963260         17 
       59CAPRIME-N-HN     59.203    128.619      8.840     12775907          6
        60CA-N-HN     54.739    129.508      9.134     98921160         43 
       60CAPRIME-N-HN     60.258    129.503      9.133     44556644         19
        61CA-N-HN     53.418    128.986      8.789     91103440         40 
       61CAPRIME-N-HN     57.470    128.920      8.792     49340200         22
        62CA-N-HN     53.518    128.782      8.480     51600704         23 
       62CAPRIME-N-HN     55.821    128.782      8.480     32265126         14
        63CA-N-HN     56.159    133.847      9.906     49775280         22 
       63CAPRIME-N-HN     59.095    133.867      9.909     20958494          9
        64CA-N-HN     52.393    128.728      9.297     51263044         22 
       64CAPRIME-N-HN     53.469    128.771      9.294     37062124         16
        65CA-N-HN     60.593    128.006      9.349     37008528         16 
       65CAPRIME-N-HN     62.167    128.018      9.347     28506148         12
        66CA-N-HN     52.475    127.461      9.510     44394604         19 
        67CA-N-HN     55.751    126.950      9.422     70697064         31 
        68CA-N-HN     55.491    127.548      9.037     46190744         20 
       68CAPRIME-N-HN     57.617    127.533      9.039     35046380         15
        69CA-N-HN     57.541    128.330      8.712    193401664         84 
        70CA-N-HN     49.855    128.020      8.412     66992720         29 
       70CAPRIME-N-HN     53.286    127.987      8.415     38679536         17
        72CA-N-HN     56.736    128.009      8.741     43357156         19 
       72CAPRIME-N-HN     60.359    127.965      8.747     18744662          8
        73CA-N-HN     59.358    127.409      8.857     68845512         30 
       73CAPRIME-N-HN     58.106    127.395      8.858     46594884         20
        74CA-N-HN     55.659    126.954      8.916     57999008         25 
       74CAPRIME-N-HN     56.476    126.895      8.914     40958396         18
        75CA-N-HN     60.709    126.613      8.858     51760968         23 
        76CA-N-HN     54.128    126.418      8.815    104204504         46 
        77CA-N-HN     57.908    127.211      8.701     24143720         11 
        78CA-N-HN     54.138    127.485      8.568     42912592         19 
       78CAPRIME-N-HN     52.716    127.538      8.564     27275662         12
        79CA-N-HN     59.377    127.055      8.628     88748104         39 
       79CAPRIME-N-HN     54.241    127.106      8.627     66163060         29
        80CA-N-HN     56.450    126.901      8.494     59405016         26 
       80CAPRIME-N-HN     54.830    126.868      8.497     44858432         20
        81CA-N-HN     56.881    126.507      8.589     94023208         41 
       81CAPRIME-N-HN     52.473    126.511      8.592     66356596         29
        83CA-N-HN     59.683    126.418      8.656    111370624         49 
       83CAPRIME-N-HN     61.616    126.338      8.654     41235812         18
        84CA-N-HN     65.807    126.175      8.710     75606264         33 
       84CAPRIME-N-HN     62.902    126.200      8.709     62313812         27
        85CA-N-HN     55.494    126.642      8.693     49972288         22 
       85CAPRIME-N-HN     54.233    126.668      8.690     34188156         15
        86CA-N-HN     60.459    125.801      9.077     29229062         13 
        87CA-N-HN     54.552    124.296      9.401     74412680         33 
       87CAPRIME-N-HN     52.484    124.349      9.408     31365184         14
        89CA-N-HN     54.277    121.782      9.552     63089568         28 
        90CA-N-HN     51.743    122.039      9.421     15782318          7 
       90CAPRIME-N-HN     58.605    121.941      9.410     12062710          5
        91CA-N-HN     59.876    120.986      9.408     68989744         30 
       91CAPRIME-N-HN     52.349    120.991      9.403     23683384         10
        92CA-N-HN     57.172    122.194      9.180     70325656         31 
       92CAPRIME-N-HN     55.766    122.186      9.180     31033848         14
        93CA-N-HN     56.523    123.491      9.048     76711312         34 
       93CAPRIME-N-HN     58.281    123.468      9.051     45895064         20
        95CA-N-HN     54.083    123.468      8.960    135731520         59 
        96CA-N-HN     56.555    122.851      8.976     42884628         19 
       96CAPRIME-N-HN     49.928    122.826      8.980     26140952         11
        98CA-N-HN     56.150    124.057      8.884    155322112         68 
       98CAPRIME-N-HN     52.410    124.021      8.887     56668792         25
        99CA-N-HN     59.004    123.902      8.858     49214100         21 
       100CA-N-HN     55.983    124.189      8.844    135598496         59 
       102CA-N-HN     54.950    122.886      8.767     69925928         31 
      102CAPRIME-N-HN     56.213    122.858      8.764     73943856         32
       103CA-N-HN     59.164    122.072      9.031     65718540         29 
      103CAPRIME-N-HN     53.885    122.020      9.031     29408702         13
       104CA-N-HN     55.770    126.991      8.226     71707744         31 
      104CAPRIME-N-HN     62.302    126.968      8.223     38793472         17
       105CA-N-HN     54.084    126.053      8.399     13026344          6 
      105CAPRIME-N-HN     56.276    125.936      8.408     16904726          7
       106CA-N-HN     59.260    125.687      8.398     76489432         33 
      106CAPRIME-N-HN     61.669    125.600      8.398     26604930         12
       107CA-N-HN     58.088    125.293      8.207     33842288         15 
       109CA-N-HN     53.969    125.154      8.288    124304824         54 
      109CAPRIME-N-HN     62.582    125.180      8.288     57510444         25
       110CA-N-HN     51.812    125.347      7.992    840370240        367 
      110CAPRIME-N-HN     56.355    125.352      7.992    270247392        118
       111CA-N-HN     54.450    125.628      7.858    129236232         56 
      111CAPRIME-N-HN     57.425    125.643      7.857     39944712         17
       112CA-N-HN     55.252    125.268      7.910     32664172         14 
      112CAPRIME-N-HN     58.671    125.145      7.905     12234621          5
       113CA-N-HN     51.874    124.662      7.814     95317912         42 
      113CAPRIME-N-HN     54.079    124.655      7.816     27807606         12
       114CA-N-HN     52.299    125.054      8.570    166898160         73 
      114CAPRIME-N-HN     54.473    125.061      8.567     90203672         39
       115CA-N-HN     61.426    125.140      8.543     66597612         29 
       116CA-N-HN     53.923    124.775      8.457     20393812          9 
       117CA-N-HN     61.717    120.268      9.188     42907560         19 
       118CA-N-HN     59.758    119.731      9.270     81800040         36 
      118CAPRIME-N-HN     65.870    119.735      9.270     27132114         12
       119CA-N-HN     60.448    120.586      8.964     44064040         19 
       120CA-N-HN     59.705    120.643      8.952     49090760         21 
       122CA-N-HN     59.822    121.770      8.811     76964440         34 
       124CA-N-HN     59.255    122.937      8.624     69878224         31 
       125CA-N-HN     56.542    122.714      8.620    136254640         60 
      125CAPRIME-N-HN     54.732    122.737      8.616     47370760         21
       126CA-N-HN     56.377    122.738      8.664    118735096         52 
       127CA-N-HN     60.330    122.314      8.625     37816848         17 
      127CAPRIME-N-HN     49.476    122.293      8.624     24260354         11
       128CA-N-HN     56.255    123.953      8.534    290599680        127 
      128CAPRIME-N-HN     57.600    123.944      8.534    134793200         59
       130CA-N-HN     58.491    122.661      8.557     31818572         14 
       132CA-N-HN     52.133    124.659      8.404     26168826         11 
       133CA-N-HN     53.820    124.539      8.266     50743176         22 
       135CA-N-HN     54.462    120.765      8.819    236057264        103 
      135CAPRIME-N-HN     55.861    120.755      8.819     85207192         37
       136CA-N-HN     66.777    120.130      8.781     24165604         11 
       138CA-N-HN     56.360    119.739      8.726     35336940         15 
      138CAPRIME-N-HN     51.244    119.731      8.726     25522032         11
       140CA-N-HN     57.652    118.315      9.198     45771236         20 
      140CAPRIME-N-HN     42.906    118.455      9.195     26231364         11
       142CA-N-HN     55.055    116.302      9.208     22312722         10 
       143CA-N-HN     56.680    117.647      9.123     53482860         23 
       144CA-N-HN     57.175    118.143      9.051     26669622         12 
       146CA-N-HN     57.601    118.332      8.792     53146572         23 
      146CAPRIME-N-HN     56.790    118.406      8.791     47136084         21
       147CA-N-HN     55.619    117.557      8.737     70624584         31 
      147CAPRIME-N-HN     66.365    117.806      8.744     47506512         21
       148CA-N-HN     55.323    117.802      8.748    140246832         61 
      148CAPRIME-N-HN     59.940    117.683      8.755     21652824          9
       149CA-N-HN     51.209    117.087      8.802     34977736         15 
       150CA-N-HN     44.985    116.867      8.836     23243264         10 
      150CAPRIME-N-HN     58.393    116.878      8.838     17927276          8
       151CA-N-HN     54.127    116.349      8.840     38662528         17 
       152CA-N-HN     59.473    115.308      8.698     31878240         14 
       153CA-N-HN     53.975    116.283      8.661     32424342         14 
      153CAPRIME-N-HN     58.034    116.322      8.649     12344450          5
       154CA-N-HN     57.355    117.315      8.665     59662644         26 
       155CA-N-HN     56.253    116.571      8.596     53297908         23 
      155CAPRIME-N-HN     54.596    116.517      8.594     30549964         13
       156CA-N-HN     54.367    117.647      8.602     18266280          8 
       157CA-N-HN     54.470    116.295      8.490     33170086         14 
       158CA-N-HN     58.195    116.483      8.411     25690398         11 
      158CAPRIME-N-HN     46.730    116.499      8.405     11141090          5
       159CA-N-HN     52.732    117.302      8.374     99264688         43 
      159CAPRIME-N-HN     54.660    117.264      8.373     16868840          7
       160CA-N-HN     55.619    117.237      8.440     65849988         29 
       161CA-N-HN     53.874    117.635      8.467     33366066         15 
       162CA-N-HN     59.292    118.324      8.487     69915744         31 
       163CA-N-HN     56.125    118.547      8.413     29623330         13 
      163CAPRIME-N-HN     66.392    118.366      8.419     15357455          7
       164CA-N-HN     53.664    118.675      8.414     70690232         31 
       165CA-N-HN     58.992    118.750      8.360     53803360         24 
       166CA-N-HN     59.287    118.953      8.682     26895456         12 
       167CA-N-HN     67.141    119.731      8.618     52301004         23 
      167CAPRIME-N-HN     64.441    119.750      8.618     19098702          8
       168CA-N-HN     54.465    119.459      8.475     68224344         30 
      168CAPRIME-N-HN     62.951    119.502      8.472     28453652         12
       169CA-N-HN     56.197    119.680      8.526     45920140         20 
      169CAPRIME-N-HN     59.646    119.613      8.526     28358262         12
       170CA-N-HN     58.264    120.180      8.523     91550600         40 
      170CAPRIME-N-HN     54.442    120.115      8.520     65990052         29
       171CA-N-HN     59.276    120.053      8.555     46310456         20 
       172CA-N-HN     57.293    119.329      8.379     34852040         15 
       173CA-N-HN     59.372    119.058      8.404     44965288         20 
      173CAPRIME-N-HN     54.824    119.024      8.420     19577286          9
       175CA-N-HN     57.645    113.174      8.931     75414952         33 
       177CA-N-HN     55.248    114.443      8.582     30052634         13 
       178CA-N-HN     66.059    113.696      8.477     31598208         14 
       179CA-N-HN     60.213    112.626      8.614     37646380         16 
      179CAPRIME-N-HN     55.596    112.521      8.613     19477246          9
       180CA-N-HN     57.022    114.055      8.264     66103460         29 
      180CAPRIME-N-HN     61.453    114.067      8.264     30333220         13
       181CA-N-HN     44.819    113.078      8.431     54351644         24 
      181CAPRIME-N-HN     61.964    113.087      8.414     14990122          7
       182CA-N-HN     45.020    114.701      8.203    103314720         45 
      182CAPRIME-N-HN     70.252    114.714      8.202     27681616         12
       183CA-N-HN     42.867    114.964      8.154     44659272         20 
      183CAPRIME-N-HN     59.296    114.889      8.151     16970968          7
       184CA-N-HN     54.148    112.741      8.394     23683756         10 
       185CA-N-HN     57.215    116.711      8.003     73874600         32 
      185CAPRIME-N-HN     64.455    116.745      8.000     28298578         12
       186CA-N-HN     58.323    115.839      7.892     79796904         35 
      186CAPRIME-N-HN     44.837    115.886      7.893     17949710          8
       187CA-N-HN     62.818    115.580      7.895     33393812         15 
       190CA-N-HN     56.400    114.437      8.026     32156022         14 
       192CA-N-HN     55.721    113.801      7.982     71329344         31 
      192CAPRIME-N-HN     57.797    113.890      7.986     13621263          6
       193CA-N-HN     64.712    113.383      7.866     36384660         16 
       196CA-N-HN     43.909    110.961      8.407    896114688        391 
      196CAPRIME-N-HN     56.410    110.972      8.407    209911072         92
       197CA-N-HN     43.753    110.761      8.298    140693888         61 
      197CAPRIME-N-HN     56.023    110.753      8.295     49987484         22
       198CA-N-HN     44.737    110.673      8.214    268900256        117 
      198CAPRIME-N-HN     56.095    110.669      8.215     78036736         34
       199CA-N-HN     44.934    103.820      8.341     31800168         14 
       201CA-N-HN     46.184    105.634      7.857     86229384         38 
      201CAPRIME-N-HN     59.258    105.647      7.860     27451312         12
       204CA-N-HN     46.726    107.206      7.183    130162704         57 
      204CAPRIME-N-HN     60.505    107.216      7.184     42665964         19
       210CA-N-HN     58.301    109.343      7.188     76538568         33 
       211CA-N-HN     44.574    109.514      7.134     22883058         10 
      211CAPRIME-N-HN     63.669    109.278      7.142     30732332         13
       212CA-N-HN     44.658    109.493      7.066     92738616         41 
       213CA-N-HN     61.637    109.902      7.084     21794476         10 
       214CA-N-HN     62.533    109.921      7.034     25736536         11 
       217CA-N-HN     62.700    110.898      7.158     31202698         14 
       218CA-N-HN     63.758    110.617      7.138     27364252         12 
       220CA-N-HN     52.060    112.336      7.054     52119764         23 
      220CAPRIME-N-HN     57.442    112.351      7.053     14349253          6
       222CA-N-HN     62.515    109.815      6.590     16095216          7 
       224CA-N-HN     62.064    111.666      6.561     26423234         12 
       225CA-N-HN     62.607    111.310      6.601     17455502          8 
       226CA-N-HN     62.651    110.893      6.656     35403064         15 
       228CA-N-HN     63.486    111.492      6.757     25354726         11 
       229CA-N-HN     62.805    112.252      6.661     67694432         30 
       230CA-N-HN     63.050    112.024      6.689     45394704         20 
       233CA-N-HN     63.619    114.496      7.001     29747938         13 
       236CA-N-HN     63.643    111.391      7.576     27162336         12 
       238CA-N-HN     63.192    111.893      7.381     34071088         15 
       239CA-N-HN     63.272    112.106      7.318     28731562         13 
       240CA-N-HN     59.766    112.155      7.246     47478352         21 
      240CAPRIME-N-HN     60.857    112.180      7.246     19885048          9
       241CA-N-HN     63.499    113.070      7.569     52270316         23 
       243CA-N-HN     62.896    112.425      7.342     49689092         22 
       244CA-N-HN     58.691    120.193      7.528     72634368         32 
       245CA-N-HN     53.868    120.793      7.569    224953568         98 
       246CA-N-HN     54.083    121.148      7.617    131672208         58 
      246CAPRIME-N-HN     44.893    121.307      7.620     33740824         15
       247CA-N-HN     57.512    121.538      7.647     51407752         22 
       248CA-N-HN     54.716    122.026      7.655     57845112         25 
       250CA-N-HN     54.500    123.270      7.603    131597256         57 
      250CAPRIME-N-HN     56.279    123.313      7.604     39330756         17
       251CA-N-HN     51.802    123.553      7.609     44588916         19 
      251CAPRIME-N-HN     53.149    123.697      7.602     22092862         10
       252CA-N-HN     58.183    122.883      7.673     49122732         21 
       253CA-N-HN     59.188    123.190      7.691     66239088         29 
      254CAPRIME-N-HN     66.791    124.030      7.995     17324964          8
       255CA-N-HN     54.947    123.717      7.952    449458752        196 
      255CAPRIME-N-HN     55.760    123.767      7.952    164622336         72
      256CAPRIME-N-HN     59.884    123.377      7.934     29983526         13
       257CA-N-HN     52.053    124.051      7.892   1146675200        501 
      257CAPRIME-N-HN     54.217    124.058      7.892    345643968        151
       258CA-N-HN     58.840    123.817      7.861     87014664         38 
      258CAPRIME-N-HN     61.636    123.858      7.851     13887102          6
       259CA-N-HN     52.786    123.278      7.827    282441824        123 
      259CAPRIME-N-HN     56.879    123.304      7.826     93671152         41
       260CA-N-HN     59.301    122.443      7.703     29901160         13 
       261CA-N-HN     59.272    122.284      7.754     74390152         32 
       263CA-N-HN     57.563    123.558      7.802     51276372         22 
       264CA-N-HN     56.320    122.128      8.514    877706112        383 
      264CAPRIME-N-HN     62.738    122.113      8.515    450699616        197
       265CA-N-HN     52.948    121.962      8.492     65029932         28 
      265CAPRIME-N-HN     59.193    121.731      8.487     16834040          7
       266CA-N-HN     56.046    122.960      8.458    404228000        177 
       269CA-N-HN     63.609    123.793      8.332     43025588         19 
       271CA-N-HN     50.748    123.719      8.258     90743424         40 
      271CAPRIME-N-HN     57.600    123.724      8.259     40098916         18
       272CA-N-HN     54.760    123.985      8.151     49555772         22 
       274CA-N-HN     54.332    123.300      8.079    129193944         56 
      274CAPRIME-N-HN     59.133    123.277      8.082     77984848         34
       275CA-N-HN     53.544    123.352      8.121   1338343168        585 
      275CAPRIME-N-HN     51.807    123.361      8.121    555647488        243
       276CA-N-HN     49.028    122.732      8.092     83137432         36 
       278CA-N-HN     55.305    123.155      8.236   1095806080        479 
      278CAPRIME-N-HN     62.743    123.131      8.236    616858432        269
       279CA-N-HN     64.222    123.553      8.170     91664200         40 
      280CAPRIME-N-HN     56.044    123.019      8.397   1416736000        619
      284CAPRIME-N-HN     62.392    122.303      8.363     88649968         39
       287CA-N-HN     53.841    115.113      7.358     47399820         21 
      287CAPRIME-N-HN     62.959    115.084      7.347     26196386         11
      288CAPRIME-N-HN     63.556    113.173      7.730     32293246         14
       289CA-N-HN     57.483    113.084      7.653     57771516         25 
      289CAPRIME-N-HN     54.854    113.038      7.655     27143492         12
      291CAPRIME-N-HN     68.300    114.383      7.681     38180352         17
       295CA-N-HN     58.599    118.233      7.476     48531204         21 
       297CA-N-HN     59.285    116.992      7.728     40169892         18 
       298CA-N-HN     59.040    116.948      7.781     64828384         28 
       299CA-N-HN     56.238    117.417      7.758    193529712         85 
      299CAPRIME-N-HN     63.190    117.422      7.757     71961064         31
       300CA-N-HN     53.179    117.578      7.963    181527984         79 
       301CA-N-HN     63.065    117.508      8.123     51026936         22 
      301CAPRIME-N-HN     59.433    117.563      8.122     20328930          9
       302CA-N-HN     59.361    117.726      8.182    105052424         46 
      302CAPRIME-N-HN     57.033    117.725      8.179     31990682         14
       303CA-N-HN     58.951    116.895      8.230    484959744        212 
      303CAPRIME-N-HN     53.844    116.868      8.232    187345856         82
      304CAPRIME-N-HN     58.951    116.895      8.230    484959744        212
       305CA-N-HN     53.932    118.560      8.050    401480992        175 
      305CAPRIME-N-HN     52.453    118.568      8.050    148490832         65
       306CA-N-HN     59.538    118.387      7.938     78052840         34 
      306CAPRIME-N-HN     64.076    118.513      7.927     34876700         15
       307CA-N-HN     50.262    118.139      7.747     81331320         36 
      307CAPRIME-N-HN     61.493    118.198      7.752     36770340         16
       309CA-N-HN     59.188    118.532      7.675    143056384         62 
      309CAPRIME-N-HN     51.857    118.599      7.676     52212340         23
       310CA-N-HN     61.760    119.076      7.817    844652544        369 
      310CAPRIME-N-HN     53.734    119.087      7.817    292330048        128
       311CA-N-HN     52.763    118.958      7.872    476231520        208 
      311CAPRIME-N-HN     54.017    118.992      7.868    142367872         62
      A311CA-N-HN     52.008    126.341      8.070    115133400         50 
  A311CA-G312N-HN     51.768    108.292      2.972     34510148         15 
     A311CAPRIME-N-HN     56.098    126.347      8.071     42342684         18
       312CA-N-HN     57.305    120.299      7.660     68815960         30 
      312CAPRIME-N-HN     46.179    120.352      7.663     27631598         12
      G312CA-N-HN     43.290    108.281      2.974     85218736         37 
       313CA-N-HN     53.965    120.594      7.710     84463712         37 
       314CA-N-HN     55.445    121.543      7.739   1270232192        555 
      314CAPRIME-N-HN     53.948    121.531      7.739    393154432        172
       316CA-N-HN     57.601    118.006      8.316    814690112        356 
      316CAPRIME-N-HN     56.115    118.004      8.316    283012160        124
       317CA-N-HN     52.723    117.968      8.243    119838200         52 
      317CAPRIME-N-HN     60.053    117.928      8.237     38632928         17
       318CA-N-HN     61.066    118.501      8.197     56735564         25 
      318CAPRIME-N-HN     54.822    118.556      8.189     22112926         10
       319CA-N-HN     58.115    120.105      7.806     86462960         38 
      324CAPRIME-N-HN     57.355    119.133      8.184     42378104         19
       325CA-N-HN     61.874    119.112      8.261     58755452         26 
       326CA-N-HN     59.416    119.610      8.274     38834952         17 
       327CA-N-HN     61.329    119.633      8.302     40545692         18 
      327CAPRIME-N-HN     50.787    119.757      8.299     32724750         14
       328CA-N-HN     54.642    119.971      8.289    149858976         65 
      328CAPRIME-N-HN     52.758    119.986      8.289     82279240         36
       329CA-N-HN     50.998    119.907      8.213     93389240         41 
      329CAPRIME-N-HN     44.628    119.937      8.212     46246232         20
       330CA-N-HN     57.603    120.044      8.169     74947920         33 
      330CAPRIME-N-HN     60.462    120.105      8.173     25698790         11
       331CA-N-HN     54.158    119.760      8.045     73453480         32 
       332CA-N-HN     57.876    120.100      8.018    152437760         67 
      333CAPRIME-N-HN     55.943    119.737      7.988     22000896         10
       334CA-N-HN     56.257    120.415      8.389     77993344         34 
      334CAPRIME-N-HN     43.498    120.425      8.389     65037504         28
       338CA-N-HN     56.404    121.919      8.332    456784224        200 
      338CAPRIME-N-HN     58.697    121.926      8.330    246060816        107
       339CA-N-HN     54.345    121.737      8.329    649037376        284 
       341CA-N-HN     56.150    121.747      8.280    675933376        295 
      341CAPRIME-N-HN     54.965    121.734      8.282    267015840        117
      342CAPRIME-N-HN     56.617    121.741      8.236    776506240        339
       343CA-N-HN     54.036    121.666      8.239   1610615936        704 
       346CA-N-HN     60.236    122.150      8.283    218990496         96 
      346CAPRIME-N-HN     52.684    122.157      8.281     91622888         40
       347CA-N-HN     55.620    120.410      8.121    232249392        101 
      347CAPRIME-N-HN     45.227    120.399      8.122     99825512         44
       349CA-N-HN     54.563    121.041      8.046    371549088        162 
      349CAPRIME-N-HN     44.742    121.052      8.045    166005216         73
       350CA-N-HN     60.077    122.279      8.208     69129672         30 
      350CAPRIME-N-HN     61.760    122.253      8.206     69513368         30
       351CA-N-HN     55.479    121.978      8.203    389950944        170 
      351CAPRIME-N-HN     62.956    121.998      8.201    203227296         89
       353CA-N-HN     56.913    121.979      8.138    322567776        141 
      353CAPRIME-N-HN     53.271    121.964      8.135    157622384         69
       354CA-N-HN     61.940    121.861      8.124    320961792        140 
      354CAPRIME-N-HN     55.930    121.897      8.128    124112024         54
      355CAPRIME-N-HN     53.422    121.769      8.079    267018352        117
       359CA-N-HN     62.609    121.717      8.005    603385664        264 
      359CAPRIME-N-HN     56.760    121.694      8.006    222118528         97
       364CA-N-HN     59.715    121.426      7.911   1612655872        704 
      364CAPRIME-N-HN     52.046    121.416      7.911    592082048        259
       365CA-N-HN     53.442    121.157      7.919   1040770240        455 
      365CAPRIME-N-HN     54.634    121.125      7.918    209208016         91
      368CAPRIME-N-HN     44.983    120.793      7.876     29872558         13
      370CAPRIME-N-HN     57.896    120.487      7.817     81976064         36
       371CA-N-HN     53.076    121.417      7.845    361447040        158 
      371CAPRIME-N-HN     51.979    121.416      7.844    120771640         53
       372CA-N-HN     61.140    121.740      7.827    237955248        104 
      372CAPRIME-N-HN     62.705    121.784      7.827     56524412         25
      374CAPRIME-N-HN     62.952    122.264      7.872     44331728         19
       374CA-N-HN     54.171    122.274      7.875     88117320         38 
       375CA-N-HN     62.992    114.065      6.933    103308344         45 
