        2CO'-N-HN    179.961    114.274      5.765      7545323          8
        3CO'-N-HN    171.079    126.587      5.266      7207074          7 
        4CO'-N-HN    174.853    122.622      6.305     26671354         27 
        5CO'-N-HN    173.275    120.240      6.396     54536592         56 
        6CO'-N-HN    179.219    109.251      6.302     18342668         19 
        7CO'-N-HN    179.283    110.669      6.296     23466080         24 
        8CO'-N-HN    172.128    128.520      7.007     26306998         27 
        9CO'-N-HN    174.598    125.723      7.145     98376904        101 
       10CO'-N-HN    175.066    124.590      6.962     47135116         48 
       11CO'-N-HN    174.840    121.374      6.664     28362424         29 
       12CO'-N-HN    173.693    121.879      6.875     78479840         81 
       13CO'-N-HN    178.763    122.260      7.069     19714080         20 
       14CO'-N-HN    174.432    122.153      7.113     36777064         38 
       15CO'-N-HN    172.596    123.067      7.257     25242004         26 
       16CO'-N-HN    177.871    125.350      7.498     23527426         24 
       17CO'-N-HN    176.359    124.207      7.475     54991480         56 
       18CO'-N-HN    176.350    123.051      7.433     40209816         41 
       19CO'-N-HN    176.233    124.035      7.541     51987844         53 
       20CO'-N-HN    172.351    122.750      7.487     22088296         23 
       21CO'-N-HN    180.526    121.538      7.394     27548722         28 
       22CO'-N-HN    176.234    120.727      7.376     20133682         21 
       23CO'-N-HN    174.129    120.188      7.359     45746992         47 
       24CO'-N-HN    177.667    120.271      7.422     56050592         57 
       25CO'-N-HN    177.358    120.834      7.471     12566131         13 
       26CO'-N-HN    174.198    119.695      7.397     54256828         56 
       27CO'-N-HN    179.002    118.565      7.397     16641366         17 
       28CO'-N-HN    177.685    118.202      7.400     34966848         36 
       29CO'-N-HN    172.685    118.150      7.304     24440486         25 
       30CO'-N-HN    175.847    120.231      7.040     48593992         50 
       31CO'-N-HN    181.399    119.919      7.094     39637272         41 
       32CO'-N-HN    179.602    119.257      6.910     24361008         25 
       33CO'-N-HN    179.554    119.163      6.830     11230148         12 
       34CO'-N-HN    173.850    118.272      6.997     15809965         16 
       35CO'-N-HN    175.322    117.457      6.949     32492906         33 
       36CO'-N-HN    176.535    117.911      7.018     46329920         48 
       37CO'-N-HN    176.595    117.974      7.050     30039748         31 
       38CO'-N-HN    174.902    115.695      6.852     25709690         26 
       40CO'-N-HN    171.921    114.896      6.638     37741652         39 
       40CO'-N-HN    171.921    114.896      6.638     37741652         39 
       41CO'-N-HN    177.157    115.062      6.780     76789160         79 
       41CO'-N-HN    177.157    115.062      6.780     76789160         79 
       42CO'-N-HN    173.695    126.607      7.724     39637420         41 
       43CO'-N-HN    173.273    125.692      7.637     24151292         25 
       44CO'-N-HN    177.236    125.486      7.670     11942202         12 
       45CO'-N-HN    177.503    124.567      7.627     15925811         16 
       47CO'-N-HN    178.842    123.802      7.692     29203360         30 
       48CO'-N-HN    173.099    127.764      7.939     28851682         30 
       49CO'-N-HN    174.758    127.855      8.012     38940536         40 
       50CO'-N-HN    172.538    129.453      8.041     13931468         14 
       51CO'-N-HN    173.297    129.604      8.194     72580504         74 
       52CO'-N-HN    176.609    130.099      8.469     55526980         57 
       53CO'-N-HN    174.479    130.701      8.732     24557270         25 
       54CO'-N-HN    177.761    131.474      8.883     13752165         14 
       55CO'-N-HN    176.056    130.626      8.971     22324660         23 
       56CO'-N-HN    176.216    131.752      9.144     27252492         28 
       58CO'-N-HN    175.011    132.480      9.253     30080828         31 
       59CO'-N-HN    176.643    128.549      8.831     14226894         15 
       60CO'-N-HN    175.499    129.527      9.127     59773000         61 
       61CO'-N-HN    175.005    128.995      8.780     53095792         54 
       62CO'-N-HN    171.949    128.800      8.472     23971128         25 
       63CO'-N-HN    172.594    133.849      9.895     27232102         28 
       64CO'-N-HN    176.182    128.758      9.289     29408402         30 
       65CO'-N-HN    177.655    128.001      9.339     22654338         23 
       66CO'-N-HN    175.479    127.505      9.498     18406264         19 
       67CO'-N-HN    178.838    126.944      9.411     38724468         40 
       68CO'-N-HN    171.721    127.552      9.030     32816024         34 
       69CO'-N-HN    177.360    128.341      8.705     81424208         84 
       70CO'-N-HN    174.436    128.026      8.406     36164668         37 
       71CO'-N-HN    174.980    128.186      8.555      8703632          9 
       72CO'-N-HN    174.968    127.906      8.737     19611736         20 
       73CO'-N-HN    175.088    127.453      8.852     40262624         41 
       74CO'-N-HN    174.322    126.978      8.908     31939746         33 
       75CO'-N-HN    177.297    126.650      8.854     24747602         25 
       76CO'-N-HN    174.557    126.460      8.804     62284724         64 
       77CO'-N-HN    176.864    127.273      8.692     15722350         16 
       78CO'-N-HN    176.670    127.506      8.561     28894580         30 
       79CO'-N-HN    175.404    127.094      8.620     58811256         60 
       80CO'-N-HN    173.631    126.898      8.486     40328556         41 
       81CO'-N-HN    178.322    126.511      8.583     57203972         59 
       83CO'-N-HN    175.825    126.417      8.648     57474932         59 
       84CO'-N-HN    178.245    126.183      8.701     49791792         51 
       85CO'-N-HN    174.293    126.659      8.681     30641360         31 
       86CO'-N-HN    181.715    125.759      9.072     14997335         15 
       87CO'-N-HN    176.003    124.340      9.392     29203704         30 
       88CO'-N-HN    181.226    124.902      8.665     12065222         12 
       89CO'-N-HN    175.477    121.766      9.540     24943126         26 
       90CO'-N-HN    177.763    122.002      9.407      9856306         10 
       91CO'-N-HN    178.154    120.985      9.400     34662224         36 
       92CO'-N-HN    178.914    122.201      9.170     35371892         36 
       93CO'-N-HN    174.777    123.476      9.043     43970288         45 
       94CO'-N-HN    177.417    123.362      9.003     28214148         29 
       95CO'-N-HN    175.378    123.462      8.952     53289972         55 
       96CO'-N-HN    175.840    122.768      8.967     18098622         19 
       98CO'-N-HN    173.929    124.033      8.879     65970764         68 
       99CO'-N-HN    179.807    123.880      8.854     19711218         20 
      100CO'-N-HN    176.572    124.214      8.830     52378332         54 
      101CO'-N-HN    176.159    123.292      8.823     12640018         13 
      102CO'-N-HN    176.634    122.897      8.759     29407418         30 
      103CO'-N-HN    175.826    122.084      9.021     28698032         29 
      104CO'-N-HN    172.744    126.965      8.216     38457708         39 
      105CO'-N-HN    176.378    126.017      8.404      7269838          7 
      106CO'-N-HN    177.767    125.697      8.388     47783084         49 
      109CO'-N-HN    176.363    125.191      8.280     72433952         74 
      110CO'-N-HN    176.195    125.352      7.986    538203008        552 
      111CO'-N-HN    174.670    125.622      7.852     35067988         36 
      112CO'-N-HN    178.901    125.294      7.898     18507892         19 
      113CO'-N-HN    175.762    124.612      7.806     78490112         81 
      114CO'-N-HN    175.633    125.051      8.562     98676536        101 
      115CO'-N-HN    174.356    125.138      8.534     33057486         34 
      116CO'-N-HN    174.802    124.610      8.451     10228011         10 
      117CO'-N-HN    179.012    120.216      9.174     10265508         11 
      118CO'-N-HN    177.236    119.735      9.260     49301856         51 
      119CO'-N-HN    179.155    120.597      8.953     28305870         29 
      120CO'-N-HN    177.707    120.643      8.942     23923010         25 
      122CO'-N-HN    180.663    121.744      8.799     36671880         38 
      123CO'-N-HN    172.869    122.960      8.669     41088844         42 
      124CO'-N-HN    179.416    122.965      8.617     30060422         31 
      125CO'-N-HN    175.052    122.748      8.609     62839336         64 
      126CO'-N-HN    176.674    122.536      8.658     24714750         25 
      127CO'-N-HN    175.246    122.334      8.624     21190222         22 
      128CO'-N-HN    174.679    123.959      8.527    193343936        198 
      129CO'-N-HN    181.271    122.655      8.544     19480994         20 
      130CO'-N-HN    180.407    122.615      8.562     17712154         18 
      131CO'-N-HN    179.738    122.692      8.541     17492622         18 
      132CO'-N-HN    175.760    124.788      8.393     21005660         22 
      133CO'-N-HN    175.880    124.612      8.267     29723650         30 
      134CO'-N-HN    180.851    121.095      8.728      9623798         10 
      135CO'-N-HN    173.063    120.758      8.811    121184112        124 
      136CO'-N-HN    180.470    120.140      8.763     13792586         14 
      138CO'-N-HN    174.204    119.684      8.705     22081690         23 
      139CO'-N-HN    173.426    119.301      8.960     16012168         16 
      140CO'-N-HN    172.515    118.374      9.188     21574474         22 
      141CO'-N-HN    172.542    117.933      9.369     26617654         27 
      142CO'-N-HN    176.149    116.235      9.206     12699771         13 
      143CO'-N-HN    173.060    117.682      9.115     25494186         26 
      144CO'-N-HN    177.565    118.230      9.046     11752912         12 
      146CO'-N-HN    175.601    118.385      8.783     31267834         32 
      147CO'-N-HN    177.457    117.813      8.737     59453436         61 
      148CO'-N-HN    178.497    117.683      8.748     27945474         29 
      149CO'-N-HN    176.434    117.043      8.798     15059606         15 
      150CO'-N-HN    175.853    116.795      8.827     16704234         17 
      151CO'-N-HN    174.786    116.336      8.837     17353320         18 
      152CO'-N-HN    178.144    115.328      8.694     15924327         16 
      153CO'-N-HN    175.574    116.294      8.652     17066224         18 
      154CO'-N-HN    177.625    117.336      8.655     29054816         30 
      155CO'-N-HN    176.241    116.531      8.584     24959560         26 
      156CO'-N-HN    177.817    117.465      8.577     15189994         16 
      158CO'-N-HN    177.435    116.561      8.388     12812689         13 
      159CO'-N-HN    174.007    117.280      8.363     47399796         49 
      160CO'-N-HN    174.079    117.217      8.431     30258278         31 
      161CO'-N-HN    176.129    117.684      8.462     16246225         17 
      162CO'-N-HN    179.018    118.323      8.479     29595696         30 
      163CO'-N-HN    177.790    118.404      8.418     18104864         19 
      164CO'-N-HN    173.698    118.675      8.402     34230528         35 
      165CO'-N-HN    178.620    118.749      8.346     25107580         26 
      166CO'-N-HN    175.377    118.971      8.672     11019697         11 
      167CO'-N-HN    178.082    119.702      8.609     21611008         22 
      168CO'-N-HN    176.648    119.459      8.469     35003608         36 
      169CO'-N-HN    171.979    119.613      8.515     32081436         33 
      170CO'-N-HN    177.805    120.237      8.519     60286280         62 
      171CO'-N-HN    174.327    120.090      8.544     21727652         22 
      172CO'-N-HN    177.119    119.318      8.375     14968520         15 
      173CO'-N-HN    170.377    119.192      8.395     19096738         20 
      175CO'-N-HN    174.107    113.171      8.924     34751664         36 
      176CO'-N-HN    175.372    112.766      8.864     23981542         25 
      177CO'-N-HN    179.300    114.440      8.568     11215479         12 
      178CO'-N-HN    178.998    113.734      8.477     16975968         17 
      179CO'-N-HN    180.862    112.631      8.602     17305666         18 
      180CO'-N-HN    177.241    114.059      8.253     35330124         36 
      181CO'-N-HN    176.615    113.005      8.408     26876770         28 
      182CO'-N-HN    176.226    114.661      8.196     17892054         18 
      183CO'-N-HN    173.622    114.942      8.153     20796100         21 
      184CO'-N-HN    176.636    112.754      8.394     18018630         18 
      185CO'-N-HN    177.932    116.718      7.994     32556490         33 
      186CO'-N-HN    174.585    115.838      7.883     39344716         40 
      187CO'-N-HN    180.065    115.553      7.893     11054165         11 
      188CO'-N-HN    179.852    114.984      7.859     19259258         20 
      189CO'-N-HN    177.914    114.721      8.065     33835504         35 
      190CO'-N-HN    178.281    114.494      8.006     11386523         12 
      191CO'-N-HN    176.315    113.395      8.118     23724080         24 
      192CO'-N-HN    177.346    113.789      7.977     35647348         37 
      193CO'-N-HN    178.451    113.390      7.846     14506641         15 
      196CO'-N-HN    176.879    110.961      8.400    517529632        531 
      197CO'-N-HN    176.458    110.776      8.291     75498616         77 
      198CO'-N-HN    176.839    110.678      8.207    147841120        152 
      199CO'-N-HN    176.098    103.811      8.330     11608809         12 
      200CO'-N-HN    178.342    106.683      8.187     39209428         40 
      201CO'-N-HN    179.347    105.615      7.847     35597188         37 
      204CO'-N-HN    177.718    107.201      7.173     62448348         64 
      205CO'-N-HN    175.025    109.834      7.848     21521634         22 
      207CO'-N-HN    175.551    109.562      7.735     30934830         32 
      210CO'-N-HN    174.975    109.341      7.183     31460864         32 
      211CO'-N-HN    179.248    109.277      7.138     30084818         31 
      212CO'-N-HN    174.497    109.463      7.054     25529578         26 
      213CO'-N-HN    178.527    109.869      7.080     16970536         17 
      214CO'-N-HN    179.313    109.946      7.025     26415628         27 
      217CO'-N-HN    179.871    110.889      7.155     34008516         35 
      218CO'-N-HN    179.290    110.633      7.138     25066760         26 
      219CO'-N-HN    179.908    112.302      7.153     61834360         63 
      220CO'-N-HN    176.479    112.306      7.041     24930242         26 
      221CO'-N-HN    178.507    109.803      6.499     11758716         12 
      222CO'-N-HN    179.271    109.892      6.588     21939340         23 
      224CO'-N-HN    180.388    111.634      6.551     30125458         31 
      225CO'-N-HN    179.342    111.291      6.582     18719602         19 
      226CO'-N-HN    179.826    110.848      6.647     34258136         35 
      228CO'-N-HN    179.394    111.312      6.758     32623900         33 
      229CO'-N-HN    179.930    112.253      6.653     79489480         82 
      230CO'-N-HN    180.488    111.930      6.695     34114336         35 
      231CO'-N-HN    180.196    112.108      6.649      6682094          7 
      233CO'-N-HN    180.508    114.460      6.987     43666108         45 
      234CO'-N-HN    180.633    114.242      6.933    115039048        118 
      235CO'-N-HN    175.182    110.538      7.606      9548966         10 
      236CO'-N-HN    179.456    111.363      7.566     33455412         34 
      238CO'-N-HN    180.497    111.828      7.375     36037088         37 
      239CO'-N-HN    180.535    112.037      7.313     35557900         36 
      240CO'-N-HN    173.112    112.170      7.238     22887084         23 
      241CO'-N-HN    179.507    112.776      7.565     42373460         43 
      242CO'-N-HN    180.293    112.525      7.496     34931128         36 
      243CO'-N-HN    180.000    112.392      7.336     62987000         65 
      244CO'-N-HN    179.982    120.223      7.520     45333152         47 
      245CO'-N-HN    175.641    120.802      7.559    100576520        103 
      246CO'-N-HN    173.031    121.259      7.610     75496136         77 
      247CO'-N-HN    178.054    121.576      7.636     35088960         36 
      248CO'-N-HN    180.221    121.957      7.651     26688460         27 
      249CO'-N-HN    178.528    122.446      7.583     20065882         21 
      250CO'-N-HN    175.311    123.308      7.595     86525664         89 
      251CO'-N-HN    175.161    123.674      7.603     30590332         31 
      252CO'-N-HN    178.062    122.886      7.668     30328806         31 
      253CO'-N-HN    176.215    123.285      7.685     37538180         39 
      254CO'-N-HN    176.392    124.019      7.985     50908964         52 
      255CO'-N-HN    175.149    123.766      7.945    299273120        307 
      256CO'-N-HN    177.843    123.274      7.920     50415896         52 
      257CO'-N-HN    175.985    124.057      7.886    815118720        836 
      258CO'-N-HN    177.626    123.793      7.854     36517016         37 
      259CO'-N-HN    177.330    123.278      7.818    175288896        180 
      260CO'-N-HN    177.046    122.454      7.703     16913410         17 
      261CO'-N-HN    178.442    122.352      7.747     36720748         38 
      263CO'-N-HN    175.676    123.552      7.790     27195490         28 
      264CO'-N-HN    177.157    122.128      8.507    693269952        711 
      265CO'-N-HN    175.198    122.009      8.485     29898104         31 
      266CO'-N-HN    176.319    122.982      8.459    104817392        108 
      267CO'-N-HN    175.639    123.219      8.445     21567168         22 
      268CO'-N-HN    173.844    123.429      8.380     81903768         84 
      269CO'-N-HN    178.709    123.797      8.324     22497416         23 
      271CO'-N-HN    173.219    123.725      8.251     47611252         49 
      272CO'-N-HN    174.893    123.907      8.146     35929908         37 
      273CO'-N-HN    175.596    123.653      8.207     13191785         14 
      274CO'-N-HN    174.469    123.290      8.077    105370480        108 
      275CO'-N-HN    177.149    123.357      8.113   1056214144       1083 
      276CO'-N-HN    172.218    122.734      8.083     53669428         55 
      278CO'-N-HN    177.044    123.129      8.227    980053184       1005 
      279CO'-N-HN    174.481    123.347      8.171    131297792        135 
      280CO'-N-HN    176.381    123.028      8.392    658762240        676 
      281CO'-N-HN    173.166    122.998      8.361    115023360        118 
      282CO'-N-HN    176.601    122.885      8.349    742313856        761 
      283CO'-N-HN    176.018    122.873      8.345    239884736        246 
      284CO'-N-HN    175.021    122.447      8.357    108434296        111 
      285CO'-N-HN    176.377    122.715      8.445    105652024        108 
      286CO'-N-HN    180.872    121.679      8.413     10651298         11 
      287CO'-N-HN    174.241    115.094      7.342     20452844         21 
      288CO'-N-HN    180.451    113.167      7.725     32857392         34 
      289CO'-N-HN    179.263    113.052      7.642     30460292         31 
      291CO'-N-HN    177.156    114.375      7.675     53442444         55 
      292CO'-N-HN    173.754    117.303      7.388     25910522         27 
      292CO'-N-HN    177.124    113.689      7.562     45361892         47 
      292CO'-N-HN    180.090    113.880      7.519     84790528         87 
      293CO'-N-HN    178.137    116.869      7.496     18861054         19 
      294CO'-N-HN    177.697    117.292      7.484     17445300         18 
      295CO'-N-HN    177.550    118.205      7.478     17229830         18 
      296CO'-N-HN    177.234    117.576      7.572     15310925         16 
      297CO'-N-HN    178.233    116.977      7.716     21628232         22 
      299CO'-N-HN    176.453    117.433      7.751    104394168        107 
      300CO'-N-HN    178.172    117.584      7.954     87716392         90 
      301CO'-N-HN    179.557    117.603      8.114     33223338         34 
      302CO'-N-HN    179.565    117.732      8.175     51106988         52 
      303CO'-N-HN    176.801    116.897      8.222    335064320        344 
      304CO'-N-HN    176.976    116.836      8.237    143637696        147 
      305CO'-N-HN    177.311    118.573      8.042    262145984        269 
      306CO'-N-HN    177.175    118.421      7.929     42887396         44 
      307CO'-N-HN    176.857    118.111      7.739     32868168         34 
      308CO'-N-HN    178.680    118.202      7.621     31438702         32 
      309CO'-N-HN    176.311    118.583      7.669    133437856        137 
      310CO'-N-HN    176.130    119.078      7.810    613369408        629 
      311CO'-N-HN    175.656    118.955      7.863    277685888        285 
  A311CO-G312N-HN    177.749    108.280      2.964     37260636         38 
     A311CO'-N-HN    176.013    126.355      8.064     91027080         93 
      312CO'-N-HN    175.968    120.355      7.651     38736132         40 
      313CO'-N-HN    180.251    120.674      7.707     30651328         31 
      314CO'-N-HN    175.471    121.540      7.732   1011431552       1038 
      315CO'-N-HN    178.459    121.266      7.685     14733052         15 
      316CO'-N-HN    176.392    118.012      8.310    593362624        609 
      317CO'-N-HN    176.441    118.014      8.237    103368464        106 
      318CO'-N-HN    176.747    118.460      8.186     19670742         20 
      319CO'-N-HN    180.227    120.058      7.796     42839584         44 
      320CO'-N-HN    176.882    119.553      7.872     13132232         13 
      321CO'-N-HN    176.602    118.652      7.897     28324890         29 
      322CO'-N-HN    179.617    119.028      7.911     16997578         17 
      323CO'-N-HN    177.253    118.990      8.077    144874752        149 
      324CO'-N-HN    178.142    118.960      8.177     49536732         51 
      325CO'-N-HN    171.944    119.139      8.254     27157908         28 
      326CO'-N-HN    178.763    119.762      8.270     21965660         23 
      327CO'-N-HN    176.693    119.631      8.293     21882916         22 
      328CO'-N-HN    174.635    119.978      8.282    109391584        112 
      329CO'-N-HN    170.972    119.923      8.206     45967920         47 
      330CO'-N-HN    177.556    120.044      8.163     32049344         33 
      331CO'-N-HN    180.088    119.710      8.036     27202118         28 
      332CO'-N-HN    178.698    120.087      8.008     67298352         69 
      333CO'-N-HN    174.834    119.552      7.966     21557758         22 
      334CO'-N-HN    173.292    120.432      8.384     42451496         44 
      335CO'-N-HN    177.132    120.701      8.381     15951509         16 
      336CO'-N-HN    178.842    120.591      8.382     14286543         15 
      337CO'-N-HN    176.598    121.036      8.205    672872576        690 
      338CO'-N-HN    173.933    121.959      8.328    229836768        236 
      339CO'-N-HN    175.851    121.740      8.323    381903264        392 
      340CO'-N-HN    177.890    121.485      8.294     42669748         44 
      341CO'-N-HN    177.352    121.717      8.274    364231968        374 
      342CO'-N-HN    175.612    121.465      8.231    291593056        299 
      343CO'-N-HN    176.336    121.654      8.227    935641344        960 
      344CO'-N-HN    176.026    122.101      8.240    552497408        567 
      345CO'-N-HN    176.026    122.101      8.240    552497408        567 
      346CO'-N-HN    174.257    122.172      8.274    119740864        123 
      347CO'-N-HN    174.290    120.373      8.112    143601440        147 
      348CO'-N-HN    179.606    120.521      8.095     32054220         33 
      349CO'-N-HN    173.608    121.050      8.037    226401424        232 
      350CO'-N-HN    175.450    122.334      8.195     46037240         47 
      351CO'-N-HN    176.679    122.010      8.194    315642784        324 
      353CO'-N-HN    175.829    121.975      8.131    227708336        234 
      354CO'-N-HN    176.309    121.895      8.120    239256608        245 
      355CO'-N-HN    175.555    121.782      8.073    360811456        370 
      357CO'-N-HN    176.435    121.491      8.047    476056064        488 
      359CO'-N-HN    176.825    121.724      7.995    403813824        414 
      360CO'-N-HN    179.862    121.465      7.956     27386296         28 
      361CO'-N-HN    178.881    121.382      7.985     26483888         27 
      363CO'-N-HN    175.286    121.136      8.004     47418548         49 
      364CO'-N-HN    177.509    121.427      7.904   1514276352       1553 
      365CO'-N-HN    175.945    121.162      7.912    610357312        626 
      366CO'-N-HN    176.648    119.928      7.902     20701816         21 
      367CO'-N-HN    178.742    120.163      7.853     19157952         20 
      368CO'-N-HN    173.958    120.767      7.870     38863748         40 
      369CO'-N-HN    177.810    120.784      7.789    466458336        478 
      370CO'-N-HN    178.239    120.705      7.814    133452672        137 
      371CO'-N-HN    176.285    121.423      7.839    300402432        308 
      373CO'-N-HN    178.589    122.175      7.810     27682460         28 
      374CO'-N-HN    176.676    122.241      7.862     55367368         57 
      375CO'-N-HN    180.150    113.833      6.919     63512896         65 
      376CO'-N-HN    180.530    113.177      6.908     64156924         66 
      380CO'-N-HN    174.340    120.839      7.791     41120708         42 
      381CO'-N-HN    174.680    121.050      7.794    331354656        340 
