        2CAPRIME-N-HN     60.265    114.180      5.754      9983655          7
        4CAPRIME-N-HN     49.177    122.638      6.308     17665118         12
        5CAPRIME-N-HN     58.271    120.241      6.398     44729872         31
        6CAPRIME-N-HN     63.742    109.225      6.302     28574394         20
        7CAPRIME-N-HN     63.799    110.603      6.308     24405548         17
        8CAPRIME-N-HN     57.381    128.455      7.010     25479178         18
        9CAPRIME-N-HN     44.528    125.724      7.146    103045576         72
       10CAPRIME-N-HN     61.471    124.583      6.959     41622488         29
       11CAPRIME-N-HN     56.342    121.361      6.658     26646204         19
       12CAPRIME-N-HN     59.395    121.880      6.876     74529344         52
       13CAPRIME-N-HN     58.883    122.250      7.069     15243309         11
       14CAPRIME-N-HN     54.158    122.139      7.114     34108144         24
       15CAPRIME-N-HN     55.516    123.012      7.255     18136074         13
       16CAPRIME-N-HN     63.123    125.458      7.510     19351116         14
       17CAPRIME-N-HN     55.465    124.230      7.476     53186892         37
       18CAPRIME-N-HN     49.939    123.052      7.434     32488502         23
       19CAPRIME-N-HN     66.063    123.992      7.546     31687626         22
       20CAPRIME-N-HN     56.186    122.914      7.489     22222292         16
       21CAPRIME-N-HN     59.915    121.509      7.396     35707844         25
       22CAPRIME-N-HN     60.800    120.800      7.389     16478728         12
       23CAPRIME-N-HN     52.071    120.247      7.362     40979140         29
       24CAPRIME-N-HN     57.361    120.304      7.422     49355148         35
       25CAPRIME-N-HN     60.527    120.875      7.472     12280548          9
       26CAPRIME-N-HN     61.006    119.699      7.402     51842792         36
       27CAPRIME-N-HN     59.180    118.528      7.399     16969964         12
       28CAPRIME-N-HN     59.840    118.250      7.408     33451722         23
       29CAPRIME-N-HN     45.012    118.237      7.318     20802334         15
       30CAPRIME-N-HN     54.186    120.228      7.042     48978636         34
       31CAPRIME-N-HN     55.205    119.974      7.100     21007922         15
       32CAPRIME-N-HN     59.816    119.276      6.918     24166392         17
       33CAPRIME-N-HN     59.342    119.068      6.829     11850286          8
       34CAPRIME-N-HN     57.527    118.255      7.011      9489519          7
       35CAPRIME-N-HN     53.902    117.467      6.940     26821026         19
       36CAPRIME-N-HN     64.165    117.953      7.018     38295452         27
       37CAPRIME-N-HN     64.628    117.969      7.038     27084680         19
       38CAPRIME-N-HN     63.604    115.729      6.852     22154258         16
       41CAPRIME-N-HN     68.673    115.071      6.784     88252080         62
       42CAPRIME-N-HN     45.628    126.610      7.724     80081384         56
       43CAPRIME-N-HN     56.436    125.611      7.638     25455208         18
       44CAPRIME-N-HN     64.746    125.542      7.674     14661226         10
       45CAPRIME-N-HN     64.382    124.503      7.630     11628993          8
       47CAPRIME-N-HN     57.119    123.782      7.699     26235456         18
       48CAPRIME-N-HN     59.382    127.740      7.943     16115340         11
       49CAPRIME-N-HN     61.360    127.831      8.017     34157136         24
       50CAPRIME-N-HN     57.527    129.639      8.036      7825802          5
       51CAPRIME-N-HN     56.250    129.652      8.199     61938648         43
       52CAPRIME-N-HN     53.984    130.107      8.471     48526316         34
       53CAPRIME-N-HN     53.058    130.730      8.727     30533844         21
       54CAPRIME-N-HN     63.681    131.572      8.889     13065867          9
       55CAPRIME-N-HN     55.563    130.627      8.971     21645846         15
       56CAPRIME-N-HN     52.251    131.743      9.153     21892016         15
       58CAPRIME-N-HN     61.976    132.502      9.250     20545020         14
       59CAPRIME-N-HN     59.300    128.469      8.829     13087332          9
       60CAPRIME-N-HN     60.277    129.504      9.127     52300440         37
       61CAPRIME-N-HN     57.532    129.000      8.782     52706920         37
       62CAPRIME-N-HN     55.832    128.821      8.478     22877370         16
       63CAPRIME-N-HN     59.202    133.891      9.891     19365602         14
       64CAPRIME-N-HN     53.467    128.734      9.291     30939028         22
       65CAPRIME-N-HN     62.125    128.005      9.340     14495316         10
       66CAPRIME-N-HN     60.765    127.534      9.500      9471152          7
       67CAPRIME-N-HN     56.186    126.934      9.419     30010152         21
       68CAPRIME-N-HN     57.702    127.584      9.034     23477140         16
       69CAPRIME-N-HN     57.348    128.355      8.707     72282576         51
       70CAPRIME-N-HN     53.327    128.007      8.409     35484696         25
       71CAPRIME-N-HN     54.857    128.079      8.560      8698035          6
       72CAPRIME-N-HN     60.341    127.952      8.745     18322564         13
       73CAPRIME-N-HN     58.128    127.441      8.854     33530384         24
       74CAPRIME-N-HN     56.441    126.949      8.910     31004678         22
       75CAPRIME-N-HN     61.778    126.637      8.860     28234126         20
       76CAPRIME-N-HN     54.429    126.380      8.808     48550908         34
       77CAPRIME-N-HN     61.023    127.473      8.693     20427934         14
       78CAPRIME-N-HN     52.775    127.522      8.563     24351324         17
       79CAPRIME-N-HN     54.317    127.090      8.620     47661180         33
       80CAPRIME-N-HN     54.840    126.925      8.487     28744138         20
       81CAPRIME-N-HN     52.531    126.533      8.584     47199456         33
       83CAPRIME-N-HN     61.619    126.412      8.650     56489092         40
       84CAPRIME-N-HN     62.893    126.169      8.703     48209132         34
       85CAPRIME-N-HN     54.238    126.727      8.684     26371630         18
       86CAPRIME-N-HN     57.166    125.780      9.066     14514281         10
       87CAPRIME-N-HN     52.537    124.353      9.394     29586092         21
       88CAPRIME-N-HN     59.305    124.887      8.660     15566865         11
       89CAPRIME-N-HN     54.348    121.786      9.550     23281636         16
       91CAPRIME-N-HN     52.373    120.943      9.405     24389366         17
       92CAPRIME-N-HN     55.886    122.191      9.178     31380656         22
       93CAPRIME-N-HN     58.359    123.502      9.046     32094960         23
       95CAPRIME-N-HN     53.867    123.444      8.953     43343044         30
       96CAPRIME-N-HN     49.924    122.885      8.970     16530910         12
       98CAPRIME-N-HN     52.501    124.022      8.882     51265284         36
       99CAPRIME-N-HN     59.408    123.923      8.860     19454362         14
      100CAPRIME-N-HN     56.232    124.222      8.836     44363900         31
      101CAPRIME-N-HN     54.620    123.243      8.826     12268313          9
      102CAPRIME-N-HN     56.258    122.850      8.760     28101446         20
      103CAPRIME-N-HN     53.974    122.073      9.025     22686128         16
      104CAPRIME-N-HN     62.405    127.026      8.216     34190716         24
      105CAPRIME-N-HN     56.269    126.002      8.407      8243751          6
      106CAPRIME-N-HN     61.733    125.645      8.384     18036438         13
      109CAPRIME-N-HN     62.610    125.216      8.286     83167584         58
      110CAPRIME-N-HN     56.405    125.354      7.987    670065664        470
      111CAPRIME-N-HN     57.453    125.639      7.854    762824064        535
      112CAPRIME-N-HN     58.832    125.304      7.910     20104920         14
      113CAPRIME-N-HN     54.134    124.573      7.810    108094416         76
      114CAPRIME-N-HN     54.545    125.054      8.561    100413872         70
      115CAPRIME-N-HN     54.457    125.111      8.543     84174432         59
      117CAPRIME-N-HN     59.340    120.281      9.185     22000962         15
      118CAPRIME-N-HN     65.829    119.729      9.264     42712408         30
      119CAPRIME-N-HN     61.806    120.670      8.957     20003976         14
      120CAPRIME-N-HN     64.577    120.633      8.943     16438913         12
      121CAPRIME-N-HN     61.459    122.199      8.771     13787115         10
      122CAPRIME-N-HN     56.478    121.784      8.797     26693644         19
      123CAPRIME-N-HN     55.769    122.951      8.671     28832218         20
      124CAPRIME-N-HN     57.736    122.975      8.609     19719030         14
      125CAPRIME-N-HN     54.800    122.740      8.607     54308292         38
      126CAPRIME-N-HN     62.287    122.546      8.659     34591492         24
      127CAPRIME-N-HN     49.504    122.252      8.622     20422352         14
      128CAPRIME-N-HN     57.641    123.951      8.527    232811984        163
      130CAPRIME-N-HN     57.517    122.614      8.570     16106660         11
      132CAPRIME-N-HN     55.123    124.721      8.396     26309194         18
      133CAPRIME-N-HN     62.350    124.547      8.261     41699708         29
      134CAPRIME-N-HN     54.507    121.069      8.740     14845176         10
      135CAPRIME-N-HN     55.900    120.757      8.813     99414368         70
      138CAPRIME-N-HN     51.242    119.783      8.713     22799600         16
      140CAPRIME-N-HN     42.917    118.390      9.190     19537266         14
      141CAPRIME-N-HN     55.661    117.948      9.367     26993420         19
      142CAPRIME-N-HN     55.563    116.234      9.195      9714456          7
      143CAPRIME-N-HN     56.486    117.560      9.122     21829706         15
      144CAPRIME-N-HN     61.125    118.220      9.046     14786742         10
      146CAPRIME-N-HN     56.781    118.417      8.782     23156408         16
      147CAPRIME-N-HN     66.416    117.856      8.741     52887556         37
      148CAPRIME-N-HN     60.084    117.643      8.748     26203640         18
      149CAPRIME-N-HN     53.574    117.081      8.793     13068940          9
      150CAPRIME-N-HN     58.344    116.875      8.817     13179214          9
      151CAPRIME-N-HN     57.743    116.310      8.824     19518348         14
      152CAPRIME-N-HN     52.601    115.261      8.698     17311892         12
      153CAPRIME-N-HN     57.983    116.336      8.663     12975801          9
      154CAPRIME-N-HN     56.553    117.352      8.663     24382340         17
      155CAPRIME-N-HN     54.808    116.540      8.592     19846356         14
      157CAPRIME-N-HN     53.863    116.256      8.487     14265444         10
      158CAPRIME-N-HN     46.861    116.430      8.402     14870532         10
      159CAPRIME-N-HN     54.679    117.278      8.362     36494716         26
      160CAPRIME-N-HN     56.262    117.230      8.434     31435730         22
      161CAPRIME-N-HN     55.704    117.552      8.462     12349539          9
      162CAPRIME-N-HN     57.490    118.306      8.484     31717152         22
      163CAPRIME-N-HN     66.385    118.345      8.426     22120258         16
      165CAPRIME-N-HN     59.450    118.731      8.350     17499930         12
      167CAPRIME-N-HN     64.483    119.709      8.609     23657120         17
      168CAPRIME-N-HN     63.012    119.472      8.466     41261652         29
      169CAPRIME-N-HN     59.761    119.645      8.518     20649782         14
      170CAPRIME-N-HN     54.448    120.140      8.516     48688812         34
      172CAPRIME-N-HN     57.967    119.319      8.372     16169594         11
      173CAPRIME-N-HN     54.825    119.072      8.407     13729019         10
      175CAPRIME-N-HN     57.987    113.179      8.928     26809716         19
      176CAPRIME-N-HN     55.490    112.767      8.859     19779002         14
      177CAPRIME-N-HN     55.368    114.521      8.574     10913772          8
      178CAPRIME-N-HN     58.088    113.729      8.487     18298146         13
      180CAPRIME-N-HN     61.463    114.052      8.255     22822016         16
      181CAPRIME-N-HN     62.005    113.074      8.424     26697242         19
      182CAPRIME-N-HN     70.313    114.697      8.196    351341312        246
      183CAPRIME-N-HN     59.198    114.887      8.155     13461509          9
      185CAPRIME-N-HN     64.494    116.727      7.995     35277856         25
      186CAPRIME-N-HN     44.917    115.793      7.890     45607916         32
      188CAPRIME-N-HN     59.563    115.097      7.875     21173312         15
      189CAPRIME-N-HN     67.094    114.752      8.063     29358478         21
      190CAPRIME-N-HN     66.278    114.460      8.010     21423940         15
      191CAPRIME-N-HN     56.651    113.411      8.117     20040902         14
      192CAPRIME-N-HN     57.997    113.772      7.977     35123908         25
      193CAPRIME-N-HN     58.132    113.430      7.855     21060270         15
      196CAPRIME-N-HN     56.465    110.960      8.401    651578368        457
      197CAPRIME-N-HN     56.116    110.769      8.292    121637992         85
      198CAPRIME-N-HN     56.161    110.676      8.209    174444224        122
      200CAPRIME-N-HN     58.501    106.783      8.187     28298908         20
      201CAPRIME-N-HN     59.312    105.613      7.849     30533930         21
      202CAPRIME-N-HN     54.402    106.375      7.497     15447782         11
      204CAPRIME-N-HN     60.534    107.186      7.175     36968060         26
      205CAPRIME-N-HN     57.525    109.831      7.850     21510318         15
      207CAPRIME-N-HN     52.672    109.588      7.727     24309988         17
      210CAPRIME-N-HN     45.810    109.347      7.185     22824764         16
      211CAPRIME-N-HN     63.721    109.267      7.139     38350492         27
      212CAPRIME-N-HN     57.885    109.488      7.059     29428672         21
      213CAPRIME-N-HN     61.690    109.867      7.078     19512350         14
      214CAPRIME-N-HN     62.556    109.957      7.028     29184912         20
      217CAPRIME-N-HN     62.719    110.922      7.157     43217448         30
      218CAPRIME-N-HN     63.799    110.662      7.141     33590272         24
      219CAPRIME-N-HN     62.769    112.301      7.155     62693092         44
      220CAPRIME-N-HN     57.594    112.296      7.056     16374464         11
      221CAPRIME-N-HN     61.546    109.627      6.499     12681567          9
      222CAPRIME-N-HN     62.601    109.895      6.591     21901800         15
      224CAPRIME-N-HN     62.027    111.579      6.550     32094202         23
      225CAPRIME-N-HN     62.667    111.222      6.590     20243002         14
      226CAPRIME-N-HN     62.753    110.797      6.651     40175084         28
      228CAPRIME-N-HN     62.663    111.278      6.768     16261059         11
      229CAPRIME-N-HN     62.996    112.233      6.661     90515656         63
      230CAPRIME-N-HN     63.212    112.006      6.686     67141112         47
      233CAPRIME-N-HN     63.716    114.486      6.991     54960944         39
      234CAPRIME-N-HN     67.666    114.337      6.926     11438914          8
      236CAPRIME-N-HN     63.660    111.347      7.569     40918936         29
      238CAPRIME-N-HN     63.344    111.871      7.373     42223552         30
      240CAPRIME-N-HN     60.929    112.093      7.240     23771710         17
      241CAPRIME-N-HN     63.561    113.116      7.565     70505864         49
      242CAPRIME-N-HN     62.937    112.801      7.502     60761132         43
      243CAPRIME-N-HN     62.981    112.391      7.335     88948192         62
      244CAPRIME-N-HN     58.113    120.282      7.523     26915588         19
      245CAPRIME-N-HN     53.566    120.807      7.562     99006080         69
      246CAPRIME-N-HN     44.974    121.257      7.611     76745824         54
      249CAPRIME-N-HN     58.724    122.487      7.572     15409387         11
      250CAPRIME-N-HN     56.293    123.263      7.597     83127576         58
      251CAPRIME-N-HN     53.112    123.669      7.596     21796096         15
      252CAPRIME-N-HN     59.409    122.882      7.669     27933058         20
      253CAPRIME-N-HN     54.497    123.261      7.686     32884726         23
      254CAPRIME-N-HN     66.807    124.033      7.985     27939480         20
      255CAPRIME-N-HN     55.870    123.756      7.946    405525952        284
      256CAPRIME-N-HN     59.926    123.300      7.919     34322920         24
      257CAPRIME-N-HN     54.260    124.065      7.889   1152088960        808
      258CAPRIME-N-HN     61.611    123.810      7.853     16421793         12
      259CAPRIME-N-HN     56.904    123.294      7.818    191762304        135
      260CAPRIME-N-HN     57.095    122.488      7.701     12752056          9
      261CAPRIME-N-HN     55.762    122.368      7.750     29539834         21
      264CAPRIME-N-HN     62.767    122.125      8.508    938287360        658
      265CAPRIME-N-HN     59.272    121.942      8.484     18546000         13
      266CAPRIME-N-HN     56.056    123.051      8.462    132067744         93
      268CAPRIME-N-HN     54.214    123.449      8.382     68489096         48
      269CAPRIME-N-HN     62.505    123.708      8.337    101914456         71
      271CAPRIME-N-HN     57.667    123.722      8.255     40007556         28
      272CAPRIME-N-HN     56.383    123.911      8.150     27304542         19
      274CAPRIME-N-HN     59.192    123.290      8.076     68966608         48
      275CAPRIME-N-HN     51.854    123.358      8.114   1475132288       1035
      276CAPRIME-N-HN     53.664    122.915      8.082     46087832         32
      278CAPRIME-N-HN     62.774    123.151      8.230   1388178560        974
      279CAPRIME-N-HN     54.106    123.395      8.173    159645632        112
      280CAPRIME-N-HN     55.949    123.029      8.391    840410304        589
      284CAPRIME-N-HN     62.562    122.282      8.359     78268312         55
      285CAPRIME-N-HN     56.428    122.732      8.445    130956168         92
      286CAPRIME-N-HN     55.623    121.741      8.393    190609552        134
      287CAPRIME-N-HN     62.950    115.137      7.334     23540162         17
      288CAPRIME-N-HN     63.686    113.069      7.731     48259004         34
      289CAPRIME-N-HN     54.845    113.141      7.641     24234770         17
      291CAPRIME-N-HN     68.408    114.390      7.674     46444712         33
      292CAPRIME-N-HN     45.884    117.286      7.384     18005610         13
      293CAPRIME-N-HN     59.532    116.862      7.502     20425234         14
      295CAPRIME-N-HN     65.716    118.179      7.486     16516560         12
      298CAPRIME-N-HN     59.285    116.965      7.777     20424072         14
      299CAPRIME-N-HN     63.210    117.414      7.751    114902800         81
      300CAPRIME-N-HN     52.827    117.591      7.959    100748752         71
      301CAPRIME-N-HN     59.343    117.539      8.109     19595878         14
      302CAPRIME-N-HN     57.151    117.745      8.170     33801260         24
      303CAPRIME-N-HN     54.034    116.895      8.224    438453056        308
      304CAPRIME-N-HN     58.361    116.781      8.236     68120520         48
      305CAPRIME-N-HN     52.503    118.586      8.044    348036800        244
      306CAPRIME-N-HN     64.206    118.458      7.929     42199428         30
      307CAPRIME-N-HN     61.476    118.099      7.736     41547152         29
      308CAPRIME-N-HN     62.092    118.268      7.624     26201414         18
      309CAPRIME-N-HN     51.927    118.580      7.670    200366768        141
      310CAPRIME-N-HN     53.787    119.081      7.812    728153152        511
      311CAPRIME-N-HN     54.119    118.966      7.863    297561504        209
      A311CA-G312N-HN     51.837    108.282      2.960     40698068         29
     A311CAPRIME-N-HN     56.196    126.336      8.065    114212680         80
      312CAPRIME-N-HN     46.216    120.328      7.656     40203340         28
      314CAPRIME-N-HN     53.978    121.533      7.734   1319600512        926
      316CAPRIME-N-HN     56.157    118.011      8.311    735491136        516
      317CAPRIME-N-HN     60.045    117.956      8.235     55716728         39
      318CAPRIME-N-HN     54.814    118.536      8.185     23387422         16
      320CAPRIME-N-HN     63.411    119.610      7.875     18242674         13
      323CAPRIME-N-HN     52.354    118.977      8.079    205502720        144
      324CAPRIME-N-HN     57.315    118.917      8.182     29650352         21
      327CAPRIME-N-HN     50.718    119.630      8.303     19820334         14
      328CAPRIME-N-HN     52.795    119.981      8.283    119222968         84
      329CAPRIME-N-HN     44.694    119.976      8.206     34579864         24
      330CAPRIME-N-HN     60.593    120.098      8.166     29267582         21
      331CAPRIME-N-HN     55.386    119.594      8.029     21747080         15
      332CAPRIME-N-HN     58.160    120.096      8.012     68238408         48
      333CAPRIME-N-HN     55.772    119.599      7.961     19568650         14
      334CAPRIME-N-HN     43.552    120.445      8.385     43846080         31
      337CAPRIME-N-HN     56.913    121.045      8.207   1010100544        709
      338CAPRIME-N-HN     58.768    121.955      8.329    213134528        149
      339CAPRIME-N-HN     55.628    121.745      8.325    346458432        243
      341CAPRIME-N-HN     54.988    121.716      8.273    505004832        354
      342CAPRIME-N-HN     56.327    121.581      8.227    809268352        568
      343CAPRIME-N-HN     54.201    121.906      8.237   1026517952        720
      346CAPRIME-N-HN     52.726    122.156      8.274    114412488         80
      347CAPRIME-N-HN     45.267    120.394      8.112    169175744        119
      348CAPRIME-N-HN     58.836    120.501      8.088     35017592         25
      349CAPRIME-N-HN     44.783    121.071      8.037    321786880        226
      350CAPRIME-N-HN     61.746    122.406      8.198     40352320         28
      351CAPRIME-N-HN     62.989    122.006      8.199    428825120        301
      353CAPRIME-N-HN     53.285    121.977      8.135    268480288        188
      354CAPRIME-N-HN     55.914    121.930      8.124    303505056        213
      355CAPRIME-N-HN     53.477    121.790      8.075    381996448        268
      357CAPRIME-N-HN     55.524    121.521      8.052    592672768        416
      359CAPRIME-N-HN     56.764    121.758      8.004    499365984        350
      360CAPRIME-N-HN     52.002    121.659      7.960    195328384        137
      362CAPRIME-N-HN     61.660    121.174      8.010     41904716         29
      364CAPRIME-N-HN     52.093    121.434      7.907   2085597056       1463
      365CAPRIME-N-HN     54.677    121.162      7.914    687530496        482
      366CAPRIME-N-HN     59.421    119.966      7.910     18841552         13
      368CAPRIME-N-HN     45.022    120.847      7.870     86637920         61
      369CAPRIME-N-HN     55.828    120.594      7.789    223438368        157
      370CAPRIME-N-HN     57.864    120.697      7.812    133865144         94
      371CAPRIME-N-HN     52.038    121.419      7.841    509619136        357
      372CAPRIME-N-HN     62.702    121.765      7.820    101491384         71
      374CAPRIME-N-HN     62.960    122.217      7.862     55437916         39
      375CAPRIME-N-HN     63.079    114.087      6.927    160783744        113
      380CAPRIME-N-HN     55.158    120.919      7.794    446377888        313
      381CAPRIME-N-HN     53.899    121.039      7.796    503286688        353
