        4CB'-N-HN     66.158    122.525      6.310     18842278          8
        5CB'-N-HN     22.790    120.227      6.405     35691284         15 
        6CB'-N-HN     57.774    109.269      6.303     40038536         17 
        7CB'-N-HN     57.707    110.619      6.302     39449396         16 
        8CB'-N-HN     60.846    128.577      7.008     18899096          8 
        9CA'-N-HN     41.570    125.737      7.148    -77735656         32 
       10CB'-N-HN     16.496    124.642      6.960     35813272         15 
       11CB'-N-HN     58.128    121.408      6.649     17308206          7 
       12CB'-N-HN     22.684    121.889      6.878     69349576         29 
       13CB'-N-HN     57.600    122.259      7.066     16971764          7 
       14CB'-N-HN     55.148    122.176      7.102     32628404         13 
       15CB'-N-HN     45.902    122.862      7.255     18453340          8 
       16CB'-N-HN     49.517    125.307      7.519     16138443          7 
       17CB'-N-HN     54.070    124.206      7.474     48498012         20 
       18CB'-N-HN     70.609    123.041      7.432     29041610         12 
       19CB'-N-HN     17.695    123.973      7.541     25060380         10 
       21CB'-N-HN     55.296    121.433      7.398     41506240         17 
       23CB'-N-HN     47.297    120.263      7.363     34575368         14 
       24CB'-N-HN     57.713    120.355      7.430     44918796         19 
       26CB'-N-HN     53.140    119.667      7.402     32729134         14 
       27CB'-N-HN     54.953    118.565      7.408     15264149          6 
       28CB'-N-HN     53.768    118.167      7.400     19593830          8 
       29CB'-N-HN     37.768    118.403      7.316     14836443          6 
       30CB'-N-HN     53.986    120.247      7.046     39149884         16 
       31CB'-N-HN     68.553    119.903      7.094     25934506         11 
       32CB'-N-HN     58.392    119.226      6.922     24129378         10 
       35CB'-N-HN     57.836    117.470      6.949     29868648         12 
       36CB'-N-HN     54.902    117.896      7.027     43096600         18 
       37CB'-N-HN     55.022    117.800      7.036     37224104         15 
       38CB'-N-HN     17.405    115.680      6.862     14862249          6 
       41CB'-N-HN     33.258    115.073      6.783    150541248         62 
       42CB'-N-HN     45.491    126.290      7.729     60422628         25 
       43CB'-N-HN     45.006    125.592      7.641     22578286          9 
       44CB'-N-HN     48.658    125.417      7.676     12785937          5 
       47CB'-N-HN     46.603    123.787      7.690     26011024         11 
       48CB'-N-HN     21.855    127.660      7.945     23094520         10 
       49CB'-N-HN     50.456    127.763      8.009     20004498          8 
       51CB'-N-HN     44.393    129.607      8.199     56606132         23 
       52CB'-N-HN     45.734    130.052      8.469     40909364         17 
       53CB'-N-HN     41.825    130.768      8.737     24054170         10 
       55CB'-N-HN     57.238    130.706      8.968     17271866          7 
       56CB'-N-HN     42.948    131.830      9.142     21338214          9 
       60CB'-N-HN     47.887    129.497      9.130     41046216         17 
       61CB'-N-HN     47.459    128.957      8.782     37551544         16 
       62CB'-N-HN     58.166    128.848      8.474     21749636          9 
       64CB'-N-HN     41.979    128.653      9.284     26040116         11 
       65CB'-N-HN     50.871    128.012      9.339     17155596          7 
       67CB'-N-HN     56.490    126.931      9.412     33921720         14 
       68CB'-N-HN     21.480    127.579      9.036     12854866          5 
       69CB'-N-HN     56.283    128.326      8.708     61136968         25 
       70CB'-N-HN     41.702    128.034      8.406     26738786         11 
       72CB'-N-HN     52.262    128.130      8.744     14873952          6 
       73CB'-N-HN     22.740    127.389      8.844     26075416         11 
       74CB'-N-HN     45.811    126.963      8.912     29565812         12 
       75CB'-N-HN     17.485    126.695      8.866     20030748          8 
       76CB'-N-HN     42.211    126.395      8.810     29894062         12 
       79CB'-N-HN     55.475    127.119      8.622     42331112         17 
       80CB'-N-HN     55.044    126.824      8.497     31366516         13 
       81CB'-N-HN     68.272    126.480      8.580     32894834         14 
       83CB'-N-HN     54.572    126.407      8.652     53380724         22 
       84CB'-N-HN     54.392    126.298      8.691     53782272         22 
       87CB'-N-HN     42.505    124.325      9.403     20470370          8 
       88CB'-N-HN     57.487    125.034      8.674     17813780          7 
       89CB'-N-HN     45.443    121.743      9.548     19329448          8 
       91CB'-N-HN     43.830    120.915      9.397     22461090          9 
       92CB'-N-HN     48.666    122.189      9.181     29976512         12 
       93CB'-N-HN     13.859    123.421      9.042     27899492         12 
       95CB'-N-HN     44.079    123.451      8.957     51221104         21 
       96CB'-N-HN     67.211    122.871      8.987     19567072          8 
       98CB'-N-HN     56.502    124.055      8.884     45490252         19 
      100CB'-N-HN     44.768    124.233      8.831     28839208         12 
      102CB'-N-HN     54.189    122.813      8.758     27983092         12 
      103CB'-N-HN     23.625    122.111      9.027     14123919          6 
      104CB'-N-HN     16.143    126.967      8.223     20458582          8 
      106CB'-N-HN     46.498    125.750      8.389     23118300         10 
      109CB'-N-HN     54.165    125.134      8.281     96749248         40 
      110CB'-N-HN     56.859    125.348      7.987    812435072        336 
      111CB'-N-HN     48.020    125.631      7.853    712562496        295 
      112CB'-N-HN     57.310    125.343      7.893     25134412         10 
      113CB'-N-HN     45.535    124.559      7.810    166396016         69 
      114CB'-N-HN     56.516    125.052      8.564     99448600         41 
      115CB'-N-HN     54.228    125.156      8.548     15554592          6 
      117CB'-N-HN     56.474    120.361      9.181     18286560          8 
      118CB'-N-HN     55.070    119.761      9.259     41856680         17 
      122CB'-N-HN     45.411    121.738      8.801     22631154          9 
      123CB'-N-HN     21.733    122.956      8.670     26276972         11 
      124CB'-N-HN     58.619    123.067      8.612     19944710          8 
      125CB'-N-HN     52.615    122.732      8.612     44106340         18 
      126CB'-N-HN     52.278    122.571      8.651     44862912         19 
      127CB'-N-HN     63.778    122.347      8.614     16186532          7 
      128CB'-N-HN     22.414    123.943      8.528    208955424         86 
      130CB'-N-HN     69.288    122.723      8.561     17368060          7 
      132CB'-N-HN     55.919    124.719      8.393     14464477          6 
      134CB'-N-HN     69.008    121.192      8.741     18609682          8 
      135CB'-N-HN     55.602    120.776      8.813     75135528         31 
      139CB'-N-HN     21.603    119.171      8.966     19503088          8 
      146CB'-N-HN     45.203    118.351      8.783     27791370         11 
      147CB'-N-HN     54.686    117.804      8.739     57119648         24 
      148CB'-N-HN     57.274    117.689      8.751     26471182         11 
      151CB'-N-HN     41.305    116.319      8.826     18975146          8 
      154CB'-N-HN     45.671    117.455      8.654     23902694         10 
      155CB'-N-HN     44.427    116.450      8.596     17702976          7 
      158CB'-N-HN     13.859    116.225      8.398     27972172         12 
      159CB'-N-HN     49.474    117.257      8.371     24562458         10 
      160CB'-N-HN     54.696    117.288      8.427     21945208          9 
      162CB'-N-HN     45.198    118.292      8.486     25877442         11 
      163CB'-N-HN     48.658    118.463      8.419     17390020          7 
      164CB'-N-HN     59.273    118.633      8.413     21516642          9 
      165CB'-N-HN     57.346    118.735      8.360     18347318          8 
      167CB'-N-HN     48.336    119.689      8.619     16546353          7 
      168CB'-N-HN     54.761    119.494      8.469     32749758         14 
      170CB'-N-HN     55.539    120.064      8.512     36518220         15 
      175CB'-N-HN     49.157    113.095      8.921     18639592          8 
      177CB'-N-HN     67.967    114.486      8.570     13099721          5 
      180CB'-N-HN     47.662    114.061      8.252     29887782         12 
      181CB'-N-HN     54.006    112.976      8.430     26752078         11 
      182CB'-N-HN     31.559    114.700      8.196    305598176        126 
      183CB'-N-HN     52.410    114.994      8.146     13422917          6 
       185CB-N-HN     54.806    116.748      7.983     27824860         12 
      187CB'-N-HN     55.608    115.457      7.894     18350292          8 
      189CB'-N-HN     55.571    114.710      8.068     23143550         10 
      190CB'-N-HN     55.394    114.597      8.024     21799676          9 
      192CB'-N-HN     53.469    113.737      7.989     26602942         11 
      196CB'-N-HN     56.466    110.967      8.401    792832896        328 
      197CB'-N-HN     56.421    110.779      8.293    150847920         62 
      198CB'-N-HN     56.730    110.701      8.209    157045264         65 
      200CB'-N-HN     57.109    106.777      8.191     19064804          8 
      201CB'-N-HN     56.994    105.681      7.851     28798070         12 
      204CB'-N-HN     57.924    107.209      7.174     45467552         19 
      205CB'-N-HN     55.270    109.913      7.855     20484394          8 
      211CB'-N-HN     57.675    109.313      7.142     42521180         18 
      212CB'-N-HN     46.330    109.488      7.055     18914302          8 
      213CB'-N-HN     58.919    109.831      7.080     19629652          8 
      214CB'-N-HN     59.251    109.943      7.027     51181904         21 
      217CB'-N-HN     59.290    110.907      7.155     70624648         29 
      218CB'-N-HN     57.527    110.623      7.137     41923804         17 
      219CB'-N-HN     59.236    112.298      7.154    106660240         44 
      220CB'-N-HN     59.041    112.368      7.039     25895754         11 
      222CB'-N-HN     59.201    109.896      6.585     33075896         14 
      222CB'-N-HN     59.201    109.896      6.585     33075896         14 
      224CB'-N-HN     57.902    111.557      6.553     48707324         20 
      225CB'-N-HN     59.212    111.237      6.592     33953692         14 
      226CB'-N-HN     59.295    110.852      6.646     64247276         27 
      228CB'-N-HN     58.323    111.564      6.749     58420444         24 
      229CB'-N-HN     61.887    112.243      6.661     63516556         26 
      230CB'-N-HN     58.998    112.012      6.688     92021112         38 
      233CB'-N-HN     33.300    114.422      7.008     85078608         35 
      234CB'-N-HN     57.532    114.278      6.932    169075280         70 
      236CB'-N-HN     58.070    111.405      7.567     60723556         25 
      238CB'-N-HN     58.928    111.847      7.375     68883640         28 
      241CB'-N-HN     58.096    112.806      7.563     70056640         29 
      242CB'-N-HN     57.869    112.789      7.502    100505184         42 
      243CB'-N-HN     59.175    112.375      7.326    108790504         45 
      244CB'-N-HN     45.909    120.277      7.526     21452526          9 
      245CB'-N-HN     46.990    120.817      7.562     92181960         38 
      246CB'-N-HN     45.587    121.309      7.617     48173092         20 
      248CB'-N-HN     69.038    122.030      7.644     24722946         10 
      249CB'-N-HN     59.062    122.514      7.568     16784168          7 
      250CB'-N-HN     49.302    123.281      7.596     60021848         25 
      252CB'-N-HN     56.913    122.921      7.670     27916512         12 
      255CB'-N-HN     57.054    123.739      7.945    467706976        193 
      257CB'-N-HN     45.628    124.055      7.888   1633378560        675 
      259CB'-N-HN     54.607    123.281      7.819    196804032         81 
      261CB'-N-HN     49.421    122.275      7.749     30675672         13 
      264CB'-N-HN     54.801    122.120      8.508   1217730688        503 
      266CB'-N-HN     56.375    122.951      8.457    173137216         72 
      268CB'-N-HN     42.013    123.460      8.378     63707468         26 
      269CB'-N-HN     54.871    123.808      8.327     55047748         23 
      271CB'-N-HN     22.078    123.745      8.256     30729054         13 
      272CB'-N-HN     48.531    123.917      8.144     22820992          9 
      274CB'-N-HN     52.085    123.251      8.075     72677736         30 
      275CB'-N-HN     67.814    123.352      8.114   1938422272        801 
      276CB'-N-HN     51.290    122.773      8.087     30314118         13 
      278CB'-N-HN     54.872    123.139      8.229   1717984384        710 
      279CB'-N-HN     45.707    123.518      8.168     57270528         24 
      284CB'-N-HN     56.852    122.448      8.349    689602304        285 
      286CB'-N-HN     57.481    121.753      8.391    133583008         55 
      288CB'-N-HN     58.434    113.080      7.728     59899828         25 
      289CB'-N-HN     68.526    113.084      7.649     21242450          9 
      291CB'-N-HN     33.339    114.390      7.675     70521752         29 
      299CB'-N-HN     55.218    117.419      7.751    129710368         54 
      300CB'-N-HN     68.206    117.597      7.954     96689432         40 
      302CB'-N-HN     46.900    117.731      8.176     43099844         18 
      303CB'-N-HN     45.797    116.891      8.224    528846240        219 
      304CB'-N-HN     54.642    116.751      8.237     61504876         25 
      305CB'-N-HN     67.804    118.595      8.044    360362432        149 
      306CB'-N-HN     48.950    118.432      7.936     28804718         12 
      307CB'-N-HN     55.605    118.227      7.746     19040856          8 
      309CB'-N-HN     67.394    118.583      7.670    338739360        140 
      310CB'-N-HN     45.738    119.076      7.812    967326784        400 
      311CB'-N-HN     45.587    118.997      7.870    338392576        140 
  A311CB-G312N-HN     67.539    108.251      2.966     40387736         17 
     A311CB'-N-HN     56.792    126.319      8.065    141094800         58 
      312CB'-N-HN     44.971    120.693      7.663     29810218         12 
      313CB'-N-HN     68.981    120.600      7.709     37018952         15 
      314CB'-N-HN     45.597    121.529      7.733   2027822848        838 
      316CB'-N-HN     56.628    118.010      8.311    925146112        382 
      317CB'-N-HN     48.148    117.961      8.234     44939268         19 
      319CB'-N-HN     68.820    120.090      7.800     46732312         19 
      320CB'-N-HN     55.118    119.512      7.875     29713370         12 
      324CB'-N-HN     58.696    118.989      8.180     29962394         12 
      328CB'-N-HN     47.327    119.973      8.282    108753360         45 
      332CB'-N-HN     54.595    120.091      8.010     64546896         27 
      337CB'-N-HN     56.879    121.125      8.206   1390580480        575 
      339CB'-N-HN     57.712    121.777      8.325    515490400        213 
      343CB'-N-HN     45.405    121.797      8.232   1510779776        625 
      346CB'-N-HN     48.290    122.123      8.276    109741160         45 
      351CB'-N-HN     55.075    121.992      8.196    494633152        204 
      353CB'-N-HN     47.690    121.980      8.134    280544672        116 
      354CB'-N-HN     56.508    121.921      8.123    371038880        153 
      355CB'-N-HN     45.251    121.787      8.074    515857984        213 
      357CB'-N-HN     56.210    121.507      8.050    731627968        302 
      359CB'-N-HN     56.828    121.678      8.001    693894976        287 
      360CB'-N-HN     67.677    121.638      7.959    278552448        115 
      364CB'-N-HN     67.725    121.428      7.906   3458588672       1430 
      365CB'-N-HN     45.672    121.147      7.913    903599552        374 
      370CB'-N-HN     57.116    120.722      7.813    130148448         54 
      371CB'-N-HN     67.883    121.416      7.840    835948928        346 
      372CB'-N-HN     57.637    121.677      7.817    119566768         49 
      374CB'-N-HN     53.059    122.230      7.863     33101382         14 
      375CB'-N-HN     58.835    113.782      6.919    111810800         46 
