            2N-HN    114.300      5.756      2343946         12
            3N-HN    126.472      5.251      4841143         25
            4N-HN    122.611      6.303      7485109         39
            5N-HN    120.326      6.425     13794012         72
            6N-HN    109.235      6.285      3425495         18
            7N-HN    110.300      6.282      2214020         12
            8N-HN    128.485      7.002      7556667         39
            9N-HN    125.759      7.138     23503410        122
           10N-HN    124.662      6.959     13600741         71
           11N-HN    121.347      6.659      3497567         18
           12N-HN    121.901      6.871     21780082        113 
           13N-HN    122.281      7.074      6704133         35 
           14N-HN    122.172      7.107      9525962         50 
           15N-HN    122.897      7.202      5805512         30 
           16N-HN    125.415      7.510      7753548         40 
           17N-HN    124.269      7.474     13461953         70 
           18N-HN    123.079      7.434     13250921         69 
           19N-HN    124.030      7.541     15655520         82 
           20N-HN    122.753      7.486      3743939         19 
           21N-HN    121.492      7.394      6201476         32 
           22N-HN    120.764      7.380      6868293         36 
           23N-HN    120.264      7.357     14303351         74 
           24N-HN    120.287      7.424     13593199         71 
           25N-HN    120.837      7.460      3753124         20 
           26N-HN    119.653      7.404     24333508        127 
           27N-HN    118.582      7.396      8108994         42 
           28N-HN    118.199      7.404     10953419         57 
           29N-HN    118.220      7.321      6884295         36 
           30N-HN    120.246      7.038     10317350         54 
           31N-HN    119.957      7.091     16548435         86 
           32N-HN    119.276      6.910      6699460         35 
           33N-HN    119.145      6.828      3880372         20 
           34N-HN    118.313      6.990      4810820         25 
           35N-HN    117.451      6.946      9645628         50 
           36N-HN    118.090      6.956      6605382         34 
           37N-HN    117.896      7.019     16887186         88 
           38N-HN    115.766      6.891      2219334         12 
           40N-HN    114.914      6.623     14711534         77 
           43N-HN    125.661      7.621      8445416         44 
           44N-HN    125.413      7.670      3383152         18 
           45N-HN    124.604      7.632      3799174         20 
           47N-HN    123.854      7.696      8606183         45 
           48N-HN    127.752      7.936      9014235         47 
           49N-HN    127.859      8.009     14332148         75 
           50N-HN    129.505      8.032      4168526         22 
           51N-HN    129.602      8.198     17132492         89 
           52N-HN    130.143      8.476     23982156        125 
           53N-HN    130.750      8.721      5078750         26 
           54N-HN    131.581      8.909     10299304         54 
           55N-HN    130.687      8.974      6330126         33 
           56N-HN    131.761      9.139      7274142         38 
           58N-HN    132.424      9.234     11018962         57 
           59N-HN    128.462      8.854      2147983         11 
           60N-HN    129.425      9.111     15735122         82 
           61N-HN    129.035      8.789     14672770         76 
           62N-HN    128.811      8.471      6224106         32 
           63N-HN    133.893      9.895      7917494         41 
           64N-HN    128.749      9.294     10142025         53 
           65N-HN    128.047      9.334     17259988         90 
           66N-HN    127.474      9.504      7552890         39 
           67N-HN    126.917      9.393     14708310         77 
           68N-HN    127.772      9.045      8963439         47 
           69N-HN    128.484      8.719     35961936        187 
           70N-HN    128.016      8.396      8476255         44 
           71N-HN    128.034      8.535      2751444         14 
           72N-HN    127.869      8.735      8742067         46 
           73N-HN    127.404      8.851     16786522         87 
           74N-HN    126.878      8.895      7810931         41 
           75N-HN    126.583      8.844      7488977         39 
           76N-HN    126.412      8.806     11587998         60 
           77N-HN    127.332      8.693     15645198         81 
           78N-HN    127.540      8.565     10008691         52 
           79N-HN    127.135      8.621     19569474        102 
           80N-HN    126.907      8.484     15960769         83 
           81N-HN    126.556      8.580     22447280        117 
           83N-HN    126.362      8.648     23933414        125 
           84N-HN    126.223      8.705     25469892        133 
           85N-HN    126.685      8.665      9328159         49 
           86N-HN    125.852      9.073      4234142         22 
           87N-HN    123.890      9.393     12072352         63 
           88N-HN    124.950      8.669      3272386         17 
           89N-HN    121.791      9.540      7330338         38 
           90N-HN    121.999      9.398      2620317         14 
           91N-HN    121.005      9.412      8887097         46 
           92N-HN    122.196      9.173     11349563         59 
           93N-HN    123.551      9.049     13899423         72 
           94N-HN    123.421      9.021      8343806         43 
           95N-HN    123.500      8.952     15700818         82 
           96N-HN    122.958      8.962      5891060         31 
           98N-HN    124.010      8.881     23270536        121 
           99N-HN    123.893      8.857      5096512         27 
          100N-HN    124.300      8.849     11668313         61 
          101N-HN    123.627      8.879      8035100         42 
          102N-HN    122.893      8.752     12984180         68 
          103N-HN    122.106      9.021     16265573         85 
          104N-HN    126.998      8.213     13168495         69 
          106N-HN    125.707      8.385     15369449         80 
          107N-HN    125.341      8.198      2346624         12 
          109N-HN    125.117      8.278     37520016        195 
          110N-HN    125.355      7.987    167385568        872 
          111N-HN    125.660      7.855      4371137         23 
          112N-HN    125.285      7.901      4051241         21 
          113N-HN    124.634      7.803     12796170         67 
          114N-HN    125.076      8.577     24265126        126 
          115N-HN    125.163      8.546      9982715         52 
          116N-HN    124.568      8.446     15308002         80 
          117N-HN    120.234      9.182      3000327         16 
          118N-HN    119.725      9.255     11232206         59 
          119N-HN    120.778      8.982     10054137         52 
          120N-HN    120.575      8.954      9705603         51 
          121N-HN    122.076      8.742      3152576         16 
          122N-HN    121.801      8.805      7827760         41 
          123N-HN    122.960      8.674     13359416         70 
          124N-HN    122.973      8.617     10050745         52 
          125N-HN    122.748      8.626     21033886        110 
          126N-HN    122.588      8.658     12246641         64 
          127N-HN    122.329      8.622      7753226         40 
          128N-HN    123.969      8.528     96169592        501 
          129N-HN    122.653      8.545      9984050         52 
          130N-HN    122.615      8.557      7067969         37 
          134N-HN    121.154      8.735      3860119         20 
          135N-HN    120.765      8.814     38670928        201 
          136N-HN    120.079      8.765      5708367         30 
          138N-HN    119.717      8.720      5992687         31 
          139N-HN    119.306      8.977      3136751         16 
          140N-HN    118.472      9.193      6868707         36 
          141N-HN    117.944      9.373      7075506         37 
          142N-HN    116.274      9.220      6086841         32 
          143N-HN    117.586      9.102      9086016         47 
          144N-HN    118.242      9.048      2539807         13 
          146N-HN    118.432      8.787      4598319         24 
          147N-HN    117.825      8.736     16310479         85 
          148N-HN    117.692      8.749      9613499         50 
          149N-HN    117.049      8.782      4085538         21 
          150N-HN    116.852      8.843      3498702         18 
          151N-HN    116.292      8.825      5432974         28 
          152N-HN    115.348      8.698      4839630         25 
          153N-HN    116.213      8.654      4218530         22 
          154N-HN    117.314      8.660      8016471         42 
          155N-HN    116.512      8.587      8830022         46 
          156N-HN    117.604      8.572      5030095         26 
          157N-HN    116.362      8.484      4071080         21 
          158N-HN    116.463      8.385      2977386         16 
          159N-HN    117.255      8.375     14734060         77 
          160N-HN    117.199      8.437      6898131         36 
          161N-HN    117.684      8.465      5848209         30 
          162N-HN    118.339      8.480      9085465         47 
          163N-HN    118.410      8.420      5300969         28 
          164N-HN    118.663      8.406     12829675         67 
          165N-HN    118.773      8.351      8816754         46 
          166N-HN    119.026      8.667      4112047         21 
          167N-HN    119.740      8.615      9172867         48 
          168N-HN    119.294      8.466      8809055         46 
          169N-HN    119.632      8.509      5799325         30 
          170N-HN    120.163      8.518     26644852        139 
          171N-HN    120.414      8.543      4851479         25 
          172N-HN    119.324      8.367      5232755         27 
          173N-HN    119.171      8.401      6029356         31 
          175N-HN    113.167      8.920      8769808         46 
          176N-HN    112.778      8.868      5773347         30 
          177N-HN    114.414      8.576      5673209         30 
          178N-HN    113.739      8.472      6491907         34 
          179N-HN    112.664      8.601      7321154         38 
          180N-HN    114.070      8.248     11210547         58 
          181N-HN    113.080      8.426     30045078        156 
          182N-HN    114.734      8.204      2735077         14 
          183N-HN    114.982      8.141      5265556         27 
          184N-HN    112.865      8.381      3572887         19 
          185N-HN    116.720      7.992      8515744         44 
          186N-HN    115.866      7.887     12739251         66 
          187N-HN    115.600      7.881      3679025         19 
          188N-HN    115.008      7.869      7574768         39 
          189N-HN    114.741      8.064     10234447         53 
          190N-HN    114.356      7.985      1858428         10 
          191N-HN    113.523      8.118      5886867         31 
          192N-HN    113.801      7.972      8539452         44 
          193N-HN    113.446      7.849      5988055         31 
          196N-HN    110.982      8.403    100972192        526 
          197N-HN    110.696      8.294     14928362         78 
          198N-HN    110.675      8.206     59740420        311 
          199N-HN    103.902      8.339      2375331         12 
          205N-HN    109.880      7.853      5339339         28 
          207N-HN    109.606      7.729     38961752        203 
          208N-HN    109.021      7.642      2219861         12 
          209N-HN    108.671      7.541      4660768         24 
          210N-HN    109.363      7.180      9849821         51 
          211N-HN    109.275      7.143      5553581         29 
          212N-HN    109.483      7.069      4975703         26 
          213N-HN    109.913      7.078      3443998         18 
          214N-HN    109.938      7.027      6931860         36 
          217N-HN    110.918      7.156      9566796         50 
          218N-HN    110.280      7.142      2673267         14 
          220N-HN    112.313      7.039      6776311         35 
          221N-HN    109.853      6.501      2237163         12 
          222N-HN    109.887      6.586      4862851         25 
          224N-HN    111.633      6.552      5097698         27 
          225N-HN    110.964      6.589      2807196         15 
          226N-HN    110.858      6.645      6907868         36 
          228N-HN    111.379      6.756      5145409         27 
          229N-HN    112.300      6.659      9907909         52 
          230N-HN    112.041      6.692      5489073         29 
          231N-HN    111.929      6.646      7440743         39 
          233N-HN    114.492      6.963      5734674         30 
          234N-HN    114.194      6.917      5799603         30 
          235N-HN    110.605      7.600      2105256         11 
          236N-HN    111.425      7.573      7107323         37 
          238N-HN    111.870      7.377     10722904         56 
          239N-HN    112.089      7.313      8819844         46 
          240N-HN    112.216      7.238      8677298         45 
          242N-HN    112.497      7.498      7083478         37 
          243N-HN    112.356      7.343      8814230         46 
          244N-HN    120.207      7.517     16721403         87 
          245N-HN    120.795      7.557     22084202        115 
          246N-HN    121.265      7.607     23900026        124 
          247N-HN    121.613      7.633      6619053         34 
          248N-HN    121.960      7.643      9546788         50 
          249N-HN    122.497      7.587      3460916         18 
          250N-HN    123.302      7.596     24765130        129 
          251N-HN    123.681      7.576      7453599         39 
          252N-HN    123.024      7.677      8326330         43 
          254N-HN    124.007      7.982     13011011         68 
          255N-HN    123.765      7.980     75126088        391 
          256N-HN    123.279      7.919     13843937         72 
          257N-HN    124.073      7.883    167262496        871 
          258N-HN    123.843      7.853     11416852         59 
          259N-HN    123.230      7.815     42987716        224 
          260N-HN    122.483      7.700      5697410         30 
          261N-HN    122.373      7.745      7958020         41 
          263N-HN    123.598      7.818      6805421         35 
          264N-HN    122.149      8.513    168297552        877 
          265N-HN    121.959      8.479      8175427         43 
          266N-HN    123.148      8.471     23509834        122 
          267N-HN    123.159      8.449      4540760         24 
          268N-HN    123.410      8.378     31316296        163 
          269N-HN    123.833      8.324     11845295         62 
          270N-HN    123.768      8.343     14740877         77 
      W270Nsc-Hsc    134.098     10.933      3965299         21 
          271N-HN    123.763      8.254     14058565         73 
          272N-HN    123.956      8.149      9855814         51 
          273N-HN    123.893      8.194      3331849         17 
          274N-HN    123.270      8.068     26313934        137 
          275N-HN    123.390      8.117    252835344       1317 
          276N-HN    122.746      8.076     19305458        101 
          278N-HN    123.160      8.230    201802832       1051 
          279N-HN    123.354      8.175     49505660        258 
          280N-HN    123.077      8.392    143933792        750 
          281N-HN    122.910      8.352    228128288       1188 
          284N-HN    122.432      8.369     35314476        184 
          285N-HN    122.772      8.452     17138354         89 
          287N-HN    115.100      7.336      7970214         42 
          288N-HN    113.165      7.723      6415195         33 
          289N-HN    113.118      7.648      8899481         46 
          290N-HN    114.190      7.723      9531111         50 
          291N-HN    114.499      7.708      5966731         31 
          292N-HN    117.321      7.401      6130089         32 
          293N-HN    116.835      7.493      7958997         41 
          294N-HN    117.354      7.493      3556781         19 
          295N-HN    118.145      7.480      4050476         21 
          297N-HN    116.963      7.718      5907370         31 
          298N-HN    116.966      7.777      7234195         38 
          299N-HN    117.468      7.758     22758290        119 
          300N-HN    117.571      7.949     49779892        259 
          301N-HN    117.552      8.117      9309657         48 
          302N-HN    117.498      8.176     12458304         65 
          303N-HN    116.892      8.220    106149408        553 
          304N-HN    116.687      8.265     10765166         56 
          305N-HN    118.524      8.042     94023600        490 
          306N-HN    118.367      7.925     12765596         66 
          307N-HN    118.148      7.745      7765980         40 
          308N-HN    118.234      7.626      9376946         49 
          309N-HN    118.636      7.673     18841576         98 
          310N-HN    119.203      7.819    116035680        604 
          311N-HN    119.000      7.870     73491144        383 
         A311N-HN    126.356      8.065     26822048        140 
          312N-HN    120.440      7.656     10712291         56 
         G312N-HN    108.275      2.957     10993728         57 
          313N-HN    120.681      7.711      9015705         47 
          314N-HN    121.574      7.731    186613056        972 
          315N-HN    121.325      7.682      3876879         20 
          316N-HN    118.027      8.315    135079568        704 
          317N-HN    117.960      8.237     17150690         89 
          318N-HN    118.535      8.194      4260758         22 
          319N-HN    120.136      7.800     10922464         57 
          321N-HN    118.707      7.898      7011776         37 
          322N-HN    119.025      7.914      3714024         19 
          323N-HN    119.015      8.081     42170468        220 
          324N-HN    118.930      8.176     13288833         69 
          325N-HN    119.178      8.251      9164643         48 
          326N-HN    119.653      8.275      9649303         50 
          327N-HN    119.647      8.294      9296326         48 
          328N-HN    120.004      8.285     51571360        269 
          329N-HN    119.937      8.207     16835280         88 
          330N-HN    120.044      8.165      7634045         40 
          331N-HN    119.763      8.037      8940128         47 
          332N-HN    120.127      8.014     17633530         92 
          333N-HN    119.574      7.971      4528816         24 
          334N-HN    120.379      8.376     16875056         88 
          335N-HN    120.777      8.368      4256547         22 
          336N-HN    120.576      8.372      7734610         40 
          337N-HN    121.043      8.206    160103344        834 
          338N-HN    122.080      8.348      8271691         43 
          338N-HN    122.023      8.324     60432020        315 
          339N-HN    121.742      8.325     97797080        509 
          340N-HN    121.434      8.295     16082290         84 
          341N-HN    121.691      8.291     15857979         83 
          342N-HN    121.477      8.220    103466392        539 
          343N-HN    121.644      8.234    131344016        684 
          344N-HN    121.775      8.225    111269576        580 
          345N-HN    122.166      8.244    110193816        574 
          346N-HN    122.125      8.280     37967768        198 
          347N-HN    120.425      8.117     72501232        378 
          348N-HN    120.574      8.095      9799761         51 
          349N-HN    121.061      8.052     45464856        237 
          350N-HN    122.349      8.200     15770718         82 
          351N-HN    122.014      8.196    100865120        525 
          352N-HN    121.652      8.167     38867676        202 
          353N-HN    121.995      8.124    107210776        558 
          354N-HN    121.832      8.114      9974320         52 
          355N-HN    121.828      8.062     98279360        512 
          356N-HN    121.604      8.061      7619131         40 
          357N-HN    121.533      8.047    119915592        625 
          359N-HN    121.739      7.992     78393784        408 
          360N-HN    121.518      7.953      9315148         49 
          361N-HN    121.316      7.981     13022283         68 
          363N-HN    121.133      8.003     18686638         97 
          364N-HN    121.480      7.904    202212544       1053 
          365N-HN    121.166      7.918    102102456        532 
          366N-HN    120.097      7.890      2429278         13 
          367N-HN    120.214      7.849      6648388         35 
          368N-HN    120.314      7.904      2443378         13 
          369N-HN    120.530      7.784     34799852        181 
          370N-HN    120.714      7.817     34125848        178 
          371N-HN    121.427      7.841     40746304        212 
          372N-HN    121.788      7.827     31633694        165 
          373N-HN    122.224      7.811      8444122         44 
          374N-HN    122.280      7.860     10399973         54 
          375N-HN    114.003      6.933     11878000         62 
          376N-HN    113.541      6.928      5796479         30 
          380N-HN    120.892      7.781     82926256        432 
          381N-HN    121.047      7.794     59186504        308 
